  #Crystal Size      Water Content              Count               Bias
             16                 23                  1         4.0000E+00
             16                 24                  2         4.8500E+00
             16                 26                  2         6.8500E+00
             17                 20                  1         1.7000E+00
             17                 21                  1         2.2500E+00
             17                 23                  1         3.6500E+00
             17                 24                  7         4.5000E+00
             17                 25                  2         5.4500E+00
             17                 26                  6         6.5000E+00
             17                 27                  2         7.6500E+00
             18                 20                  2         1.4500E+00
             18                 21                  7         2.0000E+00
             18                 22                  4         2.6500E+00
             18                 23                 13         3.4000E+00
             18                 24                 40         4.2500E+00
             18                 25                 30         5.2000E+00
             18                 26                  8         6.2500E+00
             18                 27                  4         7.4000E+00
             18                 29                  1         1.0000E+01
             19                 20                  4         1.3000E+00
             19                 21                 65         1.8500E+00
             19                 22                 96         2.5000E+00
             19                 23                102         3.2500E+00
             19                 24                131         4.1000E+00
             19                 25                 73         5.0500E+00
             19                 26                 60         6.1000E+00
             19                 27                 20         7.2500E+00
             19                 28                 10         8.5000E+00
             20                 20                 18         1.2500E+00
             20                 21                175         1.8000E+00
             20                 22                384         2.4500E+00
             20                 23                385         3.2000E+00
             20                 24                377         4.0500E+00
             20                 25                253         5.0000E+00
             20                 26                190         6.0500E+00
             20                 27                 90         7.2000E+00
             20                 28                 37         8.4500E+00
             20                 29                  7         9.8000E+00
             21                 19                  4         8.5000E-01
             21                 20                 83         1.3000E+00
             21                 21                459         1.8500E+00
             21                 22                856         2.5000E+00
             21                 23               1098         3.2500E+00
             21                 24               1268         4.1000E+00
             21                 25                976         5.0500E+00
             21                 26                552         6.1000E+00
             21                 27                280         7.2500E+00
             21                 28                144         8.5000E+00
             21                 29                 29         9.8500E+00
             21                 30                  4         1.1300E+01
             22                 19                  9         1.0000E+00
             22                 20                250         1.4500E+00
             22                 21                906         2.0000E+00
             22                 22               1749         2.6500E+00
             22                 23               2779         3.4000E+00
             22                 24               3162         4.2500E+00
             22                 25               3001         5.2000E+00
             22                 26               1891         6.2500E+00
             22                 27               1095         7.4000E+00
             22                 28                457         8.6500E+00
             22                 29                157         1.0000E+01
             22                 30                 22         1.1450E+01
             23                 19                 44         1.2500E+00
             23                 20                440         1.7000E+00
             23                 21               1754         2.2500E+00
             23                 22               3429         2.9000E+00
             23                 23               5980         3.6500E+00
             23                 24               7778         4.5000E+00
             23                 25               6693         5.4500E+00
             23                 26               5152         6.5000E+00
             23                 27               3187         7.6500E+00
             23                 28               1355         8.9000E+00
             23                 29                470         1.0250E+01
             23                 30                 87         1.1700E+01
             23                 31                 18         1.3250E+01
             23                 32                  5         1.4900E+01
             23                 33                  1         1.6650E+01
             24                 19                 68         1.6000E+00
             24                 20                696         2.0500E+00
             24                 21               2674         2.6000E+00
             24                 22               6145         3.2500E+00
             24                 23              11472         4.0000E+00
             24                 24              15168         4.8500E+00
             24                 25              14258         5.8000E+00
             24                 26              10679         6.8500E+00
             24                 27               6593         8.0000E+00
             24                 28               3064         9.2500E+00
             24                 29               1117         1.0600E+01
             24                 30                293         1.2050E+01
             24                 31                 43         1.3600E+01
             24                 32                  6         1.5250E+01
             25                 19                 93         2.0500E+00
             25                 20               1089         2.5000E+00
             25                 21               3905         3.0500E+00
             25                 22               9595         3.7000E+00
             25                 23              18468         4.4500E+00
             25                 24              25330         5.3000E+00
             25                 25              24477         6.2500E+00
             25                 26              19610         7.3000E+00
             25                 27              11220         8.4500E+00
             25                 28               5548         9.7000E+00
             25                 29               2177         1.1050E+01
             25                 30                499         1.2500E+01
             25                 31                 49         1.4050E+01
             25                 33                  2         1.7450E+01
             26                 18                  5         2.2500E+00
             26                 19                128         2.6000E+00
             26                 20               1100         3.0500E+00
             26                 21               4696         3.6000E+00
             26                 22              12196         4.2500E+00
             26                 23              24135         5.0000E+00
             26                 24              34823         5.8500E+00
             26                 25              34260         6.8000E+00
             26                 26              27096         7.8500E+00
             26                 27              16657         9.0000E+00
             26                 28               8277         1.0250E+01
             26                 29               3026         1.1600E+01
             26                 30                672         1.3050E+01
             26                 31                 73         1.4600E+01
             26                 32                  2         1.6250E+01
             27                 18                 25         2.9000E+00
             27                 19                153         3.2500E+00
             27                 20                961         3.7000E+00
             27                 21               4546         4.2500E+00
             27                 22              12967         4.9000E+00
             27                 23              25935         5.6500E+00
             27                 24              37990         6.5000E+00
             27                 25              38559         7.4500E+00
             27                 26              30867         8.5000E+00
             27                 27              19393         9.6500E+00
             27                 28               9671         1.0900E+01
             27                 29               4289         1.2250E+01
             27                 30                925         1.3700E+01
             27                 31                183         1.5250E+01
             27                 32                 10         1.6900E+01
             28                 18                 72         3.6500E+00
             28                 19                209         4.0000E+00
             28                 20                764         4.4500E+00
             28                 21               3779         5.0000E+00
             28                 22              10890         5.6500E+00
             28                 23              23182         6.4000E+00
             28                 24              33138         7.2500E+00
             28                 25              32940         8.2000E+00
             28                 26              27717         9.2500E+00
             28                 27              18299         1.0400E+01
             28                 28               9323         1.1650E+01
             28                 29               4028         1.3000E+01
             28                 30               1154         1.4450E+01
             28                 31                198         1.6000E+01
             28                 32                 14         1.7650E+01
             29                 17                  2         4.2500E+00
             29                 18                 43         4.5000E+00
             29                 19                255         4.8500E+00
             29                 20                688         5.3000E+00
             29                 21               2675         5.8500E+00
             29                 22               7961         6.5000E+00
             29                 23              16262         7.2500E+00
             29                 24              22735         8.1000E+00
             29                 25              22773         9.0500E+00
             29                 26              19666         1.0100E+01
             29                 27              14496         1.1250E+01
             29                 28               7540         1.2500E+01
             29                 29               3354         1.3850E+01
             29                 30               1095         1.5300E+01
             29                 31                223         1.6850E+01
             29                 32                 12         1.8500E+01
             30                 17                  2         5.2000E+00
             30                 18                 19         5.4500E+00
             30                 19                 84         5.8000E+00
             30                 20                277         6.2500E+00
             30                 21               1233         6.8000E+00
             30                 22               4117         7.4500E+00
             30                 23               8614         8.2000E+00
             30                 24              12005         9.0500E+00
             30                 25              11870         1.0000E+01
             30                 26              11272         1.1050E+01
             30                 27               8776         1.2200E+01
             30                 28               5356         1.3450E+01
             30                 29               2184         1.4800E+01
             30                 30                712         1.6250E+01
             30                 31                165         1.7800E+01
             30                 32                 18         1.9450E+01
             31                 18                  3         6.5000E+00
             31                 19                 27         6.8500E+00
             31                 20                 97         7.3000E+00
             31                 21                615         7.8500E+00
             31                 22               2061         8.5000E+00
             31                 23               3595         9.2500E+00
             31                 24               4418         1.0100E+01
             31                 25               4696         1.1050E+01
             31                 26               4939         1.2100E+01
             31                 27               4179         1.3250E+01
             31                 28               2766         1.4500E+01
             31                 29               1089         1.5850E+01
             31                 30                288         1.7300E+01
             31                 31                 35         1.8850E+01
             31                 32                 10         2.0500E+01
             32                 19                  3         8.0000E+00
             32                 20                 43         8.4500E+00
             32                 21                203         9.0000E+00
             32                 22                600         9.6500E+00
             32                 23                990         1.0400E+01
             32                 24               1233         1.1250E+01
             32                 25               1263         1.2200E+01
             32                 26               1541         1.3250E+01
             32                 27               1413         1.4400E+01
             32                 28                960         1.5650E+01
             32                 29                285         1.7000E+01
             32                 30                 80         1.8450E+01
             32                 31                  1         2.0000E+01
             33                 20                 18         9.7000E+00
             33                 21                 74         1.0250E+01
             33                 22                 94         1.0900E+01
             33                 23                203         1.1650E+01
             33                 24                206         1.2500E+01
             33                 25                251         1.3450E+01
             33                 26                320         1.4500E+01
             33                 27                378         1.5650E+01
             33                 28                249         1.6900E+01
             33                 29                 36         1.8250E+01
             33                 30                  7         1.9700E+01
             34                 20                  1         1.1050E+01
             34                 21                 12         1.1600E+01
             34                 22                 12         1.2250E+01
             34                 23                 12         1.3000E+01
             34                 24                 24         1.3850E+01
             34                 25                 29         1.4800E+01
             34                 26                 56         1.5850E+01
             34                 27                 81         1.7000E+01
             34                 28                 50         1.8250E+01
             34                 29                 23         1.9600E+01
             35                 23                  3         1.4450E+01
             35                 25                 10         1.6250E+01
             35                 26                  4         1.7300E+01
             35                 27                  7         1.8450E+01
             35                 28                 11         1.9700E+01
             35                 29                 11         2.1050E+01
             35                 30                  1         2.2500E+01
