  #Crystal Size      Water Content              Count               Bias
             34                  7                  3         2.5000E+00
             34                  8                  1         3.2500E+00
             34                  9                  5         4.1000E+00
             35                  6                  7         1.8000E+00
             35                  7                 13         2.4500E+00
             35                  8                 37         3.2000E+00
             35                  9                 61         4.0500E+00
             35                 10                 20         5.0000E+00
             35                 11                  6         6.0500E+00
             35                 12                  1         7.2000E+00
             36                  5                  1         1.3000E+00
             36                  6                 66         1.8500E+00
             36                  7                107         2.5000E+00
             36                  8                315         3.2500E+00
             36                  9                293         4.1000E+00
             36                 10                201         5.0500E+00
             36                 11                 60         6.1000E+00
             36                 12                 42         7.2500E+00
             36                 13                 16         8.5000E+00
             36                 14                  6         9.8500E+00
             36                 15                  2         1.1300E+01
             37                  4                 10         1.0000E+00
             37                  5                 30         1.4500E+00
             37                  6                244         2.0000E+00
             37                  7                708         2.6500E+00
             37                  8               1325         3.4000E+00
             37                  9               1346         4.2500E+00
             37                 10               1039         5.2000E+00
             37                 11                405         6.2500E+00
             37                 12                276         7.4000E+00
             37                 13                 46         8.6500E+00
             37                 14                 12         1.0000E+01
             37                 15                 10         1.1450E+01
             38                  3                  2         9.0000E-01
             38                  4                 36         1.2500E+00
             38                  5                188         1.7000E+00
             38                  6                896         2.2500E+00
             38                  7               2780         2.9000E+00
             38                  8               4513         3.6500E+00
             38                  9               4976         4.5000E+00
             38                 10               3614         5.4500E+00
             38                 11               1615         6.5000E+00
             38                 12                705         7.6500E+00
             38                 13                227         8.9000E+00
             38                 14                 68         1.0250E+01
             38                 15                 22         1.1700E+01
             38                 16                  1         1.3250E+01
             39                  4                 99         1.6000E+00
             39                  5                645         2.0500E+00
             39                  6               3286         2.6000E+00
             39                  7               7853         3.2500E+00
             39                  8              12335         4.0000E+00
             39                  9              13151         4.8500E+00
             39                 10               9187         5.8000E+00
             39                 11               4677         6.8500E+00
             39                 12               1818         8.0000E+00
             39                 13                552         9.2500E+00
             39                 14                 88         1.0600E+01
             39                 15                 58         1.2050E+01
             39                 16                  9         1.3600E+01
             40                  3                  8         1.7000E+00
             40                  4                193         2.0500E+00
             40                  5               1777         2.5000E+00
             40                  6               7860         3.0500E+00
             40                  7              18250         3.7000E+00
             40                  8              27229         4.4500E+00
             40                  9              26714         5.3000E+00
             40                 10              18907         6.2500E+00
             40                 11               9616         7.3000E+00
             40                 12               3798         8.4500E+00
             40                 13               1095         9.7000E+00
             40                 14                203         1.1050E+01
             40                 15                 54         1.2500E+01
             40                 16                 10         1.4050E+01
             41                  3                 53         2.2500E+00
             41                  4                591         2.6000E+00
             41                  5               3500         3.0500E+00
             41                  6              14575         3.6000E+00
             41                  7              31085         4.2500E+00
             41                  8              43707         5.0000E+00
             41                  9              41831         5.8500E+00
             41                 10              28071         6.8000E+00
             41                 11              14010         7.8500E+00
             41                 12               5470         9.0000E+00
             41                 13               1542         1.0250E+01
             41                 14                308         1.1600E+01
             41                 15                 81         1.3050E+01
             41                 16                 19         1.4600E+01
             42                  3                 58         2.9000E+00
             42                  4                963         3.2500E+00
             42                  5               5526         3.7000E+00
             42                  6              19391         4.2500E+00
             42                  7              38692         4.9000E+00
             42                  8              52790         5.6500E+00
             42                  9              48145         6.5000E+00
             42                 10              30924         7.4500E+00
             42                 11              14903         8.5000E+00
             42                 12               5429         9.6500E+00
             42                 13               1588         1.0900E+01
             42                 14                275         1.2250E+01
             42                 15                 73         1.3700E+01
             42                 16                 17         1.5250E+01
             43                  3                 71         3.6500E+00
             43                  4               1015         4.0000E+00
             43                  5               5941         4.4500E+00
             43                  6              19020         5.0000E+00
             43                  7              37083         5.6500E+00
             43                  8              48436         6.4000E+00
             43                  9              42180         7.2500E+00
             43                 10              25248         8.2000E+00
             43                 11              11783         9.2500E+00
             43                 12               4189         1.0400E+01
             43                 13               1134         1.1650E+01
             43                 14                211         1.3000E+01
             43                 15                 46         1.4450E+01
             43                 16                  7         1.6000E+01
             43                 17                  1         1.7650E+01
             44                  2                 17         4.2500E+00
             44                  3                109         4.5000E+00
             44                  4                916         4.8500E+00
             44                  5               5080         5.3000E+00
             44                  6              14090         5.8500E+00
             44                  7              24939         6.5000E+00
             44                  8              30989         7.2500E+00
             44                  9              25681         8.1000E+00
             44                 10              14509         9.0500E+00
             44                 11               6327         1.0100E+01
             44                 12               2234         1.1250E+01
             44                 13                539         1.2500E+01
             44                 14                109         1.3850E+01
             44                 15                  4         1.5300E+01
             45                  2                 10         5.2000E+00
             45                  3                 76         5.4500E+00
             45                  4                647         5.8000E+00
             45                  5               2974         6.2500E+00
             45                  6               7217         6.8000E+00
             45                  7              12125         7.4500E+00
             45                  8              14101         8.2000E+00
             45                  9              11196         9.0500E+00
             45                 10               6047         1.0000E+01
             45                 11               2471         1.1050E+01
             45                 12                907         1.2200E+01
             45                 13                213         1.3450E+01
             45                 14                 40         1.4800E+01
             46                  3                 33         6.5000E+00
             46                  4                367         6.8500E+00
             46                  5               1087         7.3000E+00
             46                  6               2587         7.8500E+00
             46                  7               3958         8.5000E+00
             46                  8               4035         9.2500E+00
             46                  9               3003         1.0100E+01
             46                 10               1497         1.1050E+01
             46                 11                584         1.2100E+01
             46                 12                197         1.3250E+01
             46                 13                 35         1.4500E+01
             46                 14                  4         1.5850E+01
             46                 15                  1         1.7300E+01
             47                  3                 17         7.6500E+00
             47                  4                102         8.0000E+00
             47                  5                288         8.4500E+00
             47                  6                508         9.0000E+00
             47                  7                667         9.6500E+00
             47                  8                716         1.0400E+01
             47                  9                402         1.1250E+01
             47                 10                184         1.2200E+01
             47                 11                 89         1.3250E+01
             47                 12                 15         1.4400E+01
             47                 13                  1         1.5650E+01
             48                  4                  8         9.2500E+00
             48                  5                 29         9.7000E+00
             48                  6                 58         1.0250E+01
             48                  7                 35         1.0900E+01
             48                  8                 61         1.1650E+01
             48                  9                 29         1.2500E+01
             48                 10                 21         1.3450E+01
             48                 11                  4         1.4500E+01
