  #Crystal Size      Water Content              Count               Bias
             27                 19                  1         4.0000E+00
             27                 24                  3         7.2500E+00
             28                 19                  1         3.2500E+00
             28                 21                  4         4.2500E+00
             28                 22                  7         4.9000E+00
             28                 23                  8         5.6500E+00
             28                 24                  7         6.5000E+00
             28                 25                  3         7.4500E+00
             28                 26                  2         8.5000E+00
             29                 18                  4         2.2500E+00
             29                 19                 20         2.6000E+00
             29                 20                 18         3.0500E+00
             29                 21                 47         3.6000E+00
             29                 22                 44         4.2500E+00
             29                 23                 41         5.0000E+00
             29                 24                 16         5.8500E+00
             29                 25                  5         6.8000E+00
             29                 26                  5         7.8500E+00
             30                 17                  1         1.4500E+00
             30                 18                  6         1.7000E+00
             30                 19                 67         2.0500E+00
             30                 20                158         2.5000E+00
             30                 21                256         3.0500E+00
             30                 22                265         3.7000E+00
             30                 23                198         4.4500E+00
             30                 24                 97         5.3000E+00
             30                 25                 54         6.2500E+00
             30                 26                 29         7.3000E+00
             30                 27                  7         8.4500E+00
             31                 17                 16         1.0000E+00
             31                 18                 59         1.2500E+00
             31                 19                289         1.6000E+00
             31                 20                669         2.0500E+00
             31                 21               1046         2.6000E+00
             31                 22               1145         3.2500E+00
             31                 23                927         4.0000E+00
             31                 24                503         4.8500E+00
             31                 25                258         5.8000E+00
             31                 26                134         6.8500E+00
             31                 27                 39         8.0000E+00
             31                 28                  2         9.2500E+00
             31                 29                  1         1.0600E+01
             32                 16                 13         5.0000E-01
             32                 17                 64         6.5000E-01
             32                 18                275         9.0000E-01
             32                 19               1005         1.2500E+00
             32                 20               2435         1.7000E+00
             32                 21               3298         2.2500E+00
             32                 22               3681         2.9000E+00
             32                 23               3164         3.6500E+00
             32                 24               1869         4.5000E+00
             32                 25                885         5.4500E+00
             32                 26                415         6.5000E+00
             32                 27                124         7.6500E+00
             32                 28                 33         8.9000E+00
             32                 29                  5         1.0250E+01
             33                 14                  2         2.5000E-01
             33                 15                  4         2.0000E-01
             33                 16                 56         2.5000E-01
             33                 17                250         4.0000E-01
             33                 18                880         6.5000E-01
             33                 19               2698         1.0000E+00
             33                 20               6649         1.4500E+00
             33                 21               9414         2.0000E+00
             33                 22               9744         2.6500E+00
             33                 23               8353         3.4000E+00
             33                 24               5142         4.2500E+00
             33                 25               2604         5.2000E+00
             33                 26               1143         6.2500E+00
             33                 27                419         7.4000E+00
             33                 28                127         8.6500E+00
             33                 29                  8         1.0000E+01
             34                 13                  2         2.5000E-01
             34                 14                  6         1.0000E-01
             34                 15                 21         5.0000E-02
             34                 16                173         1.0000E-01
             34                 17                718         2.5000E-01
             34                 18               2115         5.0000E-01
             34                 19               6565         8.5000E-01
             34                 20              14167         1.3000E+00
             34                 21              19959         1.8500E+00
             34                 22              20134         2.5000E+00
             34                 23              15696         3.2500E+00
             34                 24              10155         4.1000E+00
             34                 25               5278         5.0500E+00
             34                 26               2574         6.1000E+00
             34                 27                826         7.2500E+00
             34                 28                282         8.5000E+00
             34                 29                 49         9.8500E+00
             34                 30                  6         1.1300E+01
             34                 31                  3         1.2850E+01
             35                 14                 15         5.0000E-02
             35                 15                 30         0.0000E+00
             35                 16                404         5.0000E-02
             35                 17               1642         2.0000E-01
             35                 18               4593         4.5000E-01
             35                 19              11852         8.0000E-01
             35                 20              23273         1.2500E+00
             35                 21              31603         1.8000E+00
             35                 22              30894         2.4500E+00
             35                 23              23478         3.2000E+00
             35                 24              14659         4.0500E+00
             35                 25               8068         5.0000E+00
             35                 26               3758         6.0500E+00
             35                 27               1283         7.2000E+00
             35                 28                332         8.4500E+00
             35                 29                 75         9.8000E+00
             35                 30                 10         1.1250E+01
             35                 31                  6         1.2800E+01
             36                 14                 21         1.0000E-01
             36                 15                130         5.0000E-02
             36                 16                553         1.0000E-01
             36                 17               2660         2.5000E-01
             36                 18               7012         5.0000E-01
             36                 19              15960         8.5000E-01
             36                 20              28326         1.3000E+00
             36                 21              37631         1.8500E+00
             36                 22              34845         2.5000E+00
             36                 23              26262         3.2500E+00
             36                 24              16839         4.1000E+00
             36                 25               8854         5.0500E+00
             36                 26               3824         6.1000E+00
             36                 27               1317         7.2500E+00
             36                 28                319         8.5000E+00
             36                 29                 60         9.8500E+00
             36                 30                  6         1.1300E+01
             36                 31                  3         1.2850E+01
             37                 14                 18         2.5000E-01
             37                 15                192         2.0000E-01
             37                 16                750         2.5000E-01
             37                 17               3197         4.0000E-01
             37                 18               8461         6.5000E-01
             37                 19              17179         1.0000E+00
             37                 20              29058         1.4500E+00
             37                 21              35999         2.0000E+00
             37                 22              32276         2.6500E+00
             37                 23              23722         3.4000E+00
             37                 24              14429         4.2500E+00
             37                 25               7457         5.2000E+00
             37                 26               3203         6.2500E+00
             37                 27                977         7.4000E+00
             37                 28                346         8.6500E+00
             37                 29                 47         1.0000E+01
             37                 30                  5         1.1450E+01
             38                 14                 19         5.0000E-01
             38                 15                148         4.5000E-01
             38                 16                687         5.0000E-01
             38                 17               2923         6.5000E-01
             38                 18               7971         9.0000E-01
             38                 19              15652         1.2500E+00
             38                 20              24763         1.7000E+00
             38                 21              29259         2.2500E+00
             38                 22              25686         2.9000E+00
             38                 23              17689         3.6500E+00
             38                 24              10056         4.5000E+00
             38                 25               4948         5.4500E+00
             38                 26               2253         6.5000E+00
             38                 27                637         7.6500E+00
             38                 28                146         8.9000E+00
             38                 29                 12         1.0250E+01
             38                 30                  2         1.1700E+01
             39                 14                  5         8.5000E-01
             39                 15                 71         8.0000E-01
             39                 16                385         8.5000E-01
             39                 17               1835         1.0000E+00
             39                 18               5459         1.2500E+00
             39                 19              11687         1.6000E+00
             39                 20              17892         2.0500E+00
             39                 21              19906         2.6000E+00
             39                 22              16666         3.2500E+00
             39                 23              11568         4.0000E+00
             39                 24               6062         4.8500E+00
             39                 25               2890         5.8000E+00
             39                 26               1151         6.8500E+00
             39                 27                389         8.0000E+00
             39                 28                 63         9.2500E+00
             39                 29                  3         1.0600E+01
             40                 14                  8         1.3000E+00
             40                 15                 37         1.2500E+00
             40                 16                202         1.3000E+00
             40                 17               1075         1.4500E+00
             40                 18               2953         1.7000E+00
             40                 19               6243         2.0500E+00
             40                 20               9255         2.5000E+00
             40                 21              11013         3.0500E+00
             40                 22               8677         3.7000E+00
             40                 23               5652         4.4500E+00
             40                 24               3107         5.3000E+00
             40                 25               1401         6.2500E+00
             40                 26                484         7.3000E+00
             40                 27                110         8.4500E+00
             40                 28                 14         9.7000E+00
             41                 15                 13         1.8000E+00
             41                 16                 87         1.8500E+00
             41                 17                262         2.0000E+00
             41                 18               1094         2.2500E+00
             41                 19               2441         2.6000E+00
             41                 20               3552         3.0500E+00
             41                 21               4151         3.6000E+00
             41                 22               3400         4.2500E+00
             41                 23               2094         5.0000E+00
             41                 24               1063         5.8500E+00
             41                 25                462         6.8000E+00
             41                 26                145         7.8500E+00
             41                 27                 25         9.0000E+00
             41                 28                  2         1.0250E+01
             42                 14                  1         2.5000E+00
             42                 15                  7         2.4500E+00
             42                 16                  9         2.5000E+00
             42                 17                 81         2.6500E+00
             42                 18                241         2.9000E+00
             42                 19                464         3.2500E+00
             42                 20                710         3.7000E+00
             42                 21                780         4.2500E+00
             42                 22                618         4.9000E+00
             42                 23                476         5.6500E+00
             42                 24                211         6.5000E+00
             42                 25                155         7.4500E+00
             42                 26                 33         8.5000E+00
             42                 27                  5         9.6500E+00
             42                 28                  1         1.0900E+01
             43                 17                  3         3.4000E+00
             43                 18                 37         3.6500E+00
             43                 19                 66         4.0000E+00
             43                 20                 62         4.4500E+00
             43                 21                 79         5.0000E+00
             43                 22                 74         5.6500E+00
             43                 23                 55         6.4000E+00
             43                 24                 13         7.2500E+00
             43                 25                 31         8.2000E+00
             43                 26                  5         9.2500E+00
             44                 18                  5         4.5000E+00
             44                 19                 10         4.8500E+00
