  #Crystal Size      Water Content              Count               Bias
             22                 20                  1         1.7000E+00
             23                 18                  4         6.5000E-01
             23                 19                 10         1.0000E+00
             23                 20                  4         1.4500E+00
             23                 21                  1         2.0000E+00
             24                 17                  7         2.5000E-01
             24                 18                 19         5.0000E-01
             24                 19                 39         8.5000E-01
             24                 20                 37         1.3000E+00
             24                 21                 12         1.8500E+00
             24                 22                  5         2.5000E+00
             24                 23                  2         3.2500E+00
             24                 24                  1         4.1000E+00
             24                 25                  6         5.0500E+00
             25                 16                  9         5.0000E-02
             25                 17                 29         2.0000E-01
             25                 18                130         4.5000E-01
             25                 19                115         8.0000E-01
             25                 20                 69         1.2500E+00
             25                 21                 50         1.8000E+00
             25                 22                 34         2.4500E+00
             25                 23                 20         3.2000E+00
             25                 24                 12         4.0500E+00
             25                 25                 25         5.0000E+00
             25                 26                  1         6.0500E+00
             26                 15                  2         5.0000E-02
             26                 16                 56         1.0000E-01
             26                 17                118         2.5000E-01
             26                 18                234         5.0000E-01
             26                 19                367         8.5000E-01
             26                 20                273         1.3000E+00
             26                 21                203         1.8500E+00
             26                 22                167         2.5000E+00
             26                 23                184         3.2500E+00
             26                 24                 69         4.1000E+00
             26                 25                 53         5.0500E+00
             26                 26                 16         6.1000E+00
             27                 14                  1         2.5000E-01
             27                 15                 25         2.0000E-01
             27                 16                113         2.5000E-01
             27                 17                388         4.0000E-01
             27                 18                605         6.5000E-01
             27                 19                765         1.0000E+00
             27                 20                754         1.4500E+00
             27                 21                641         2.0000E+00
             27                 22                530         2.6500E+00
             27                 23                494         3.4000E+00
             27                 24                277         4.2500E+00
             27                 25                158         5.2000E+00
             27                 26                 51         6.2500E+00
             27                 27                 18         7.4000E+00
             27                 29                  6         1.0000E+01
             28                 14                  5         5.0000E-01
             28                 15                 66         4.5000E-01
             28                 16                235         5.0000E-01
             28                 17                797         6.5000E-01
             28                 18               1497         9.0000E-01
             28                 19               1817         1.2500E+00
             28                 20               2161         1.7000E+00
             28                 21               1982         2.2500E+00
             28                 22               1830         2.9000E+00
             28                 23               1296         3.6500E+00
             28                 24                855         4.5000E+00
             28                 25                427         5.4500E+00
             28                 26                178         6.5000E+00
             28                 27                 55         7.6500E+00
             28                 28                 19         8.9000E+00
             28                 29                 22         1.0250E+01
             29                 13                  7         1.0000E+00
             29                 14                 23         8.5000E-01
             29                 15                221         8.0000E-01
             29                 16                653         8.5000E-01
             29                 17               1827         1.0000E+00
             29                 18               3502         1.2500E+00
             29                 19               4745         1.6000E+00
             29                 20               5163         2.0500E+00
             29                 21               5013         2.6000E+00
             29                 22               4695         3.2500E+00
             29                 23               3440         4.0000E+00
             29                 24               2126         4.8500E+00
             29                 25               1174         5.8000E+00
             29                 26                449         6.8500E+00
             29                 27                167         8.0000E+00
             29                 28                 66         9.2500E+00
             29                 29                 29         1.0600E+01
             29                 30                  3         1.2050E+01
             30                 13                 22         1.4500E+00
             30                 14                157         1.3000E+00
             30                 15                609         1.2500E+00
             30                 16               1815         1.3000E+00
             30                 17               4050         1.4500E+00
             30                 18               7891         1.7000E+00
             30                 19              10641         2.0500E+00
             30                 20              11472         2.5000E+00
             30                 21              10581         3.0500E+00
             30                 22               9344         3.7000E+00
             30                 23               6847         4.4500E+00
             30                 24               4224         5.3000E+00
             30                 25               2152         6.2500E+00
             30                 26                869         7.3000E+00
             30                 27                396         8.4500E+00
             30                 28                279         9.7000E+00
             30                 29                 94         1.1050E+01
             30                 30                 13         1.2500E+01
             30                 31                  1         1.4050E+01
             31                 13                 26         2.0000E+00
             31                 14                299         1.8500E+00
             31                 15               1225         1.8000E+00
             31                 16               4028         1.8500E+00
             31                 17               8565         2.0000E+00
             31                 18              14977         2.2500E+00
             31                 19              19245         2.6000E+00
             31                 20              20035         3.0500E+00
             31                 21              18337         3.6000E+00
             31                 22              15122         4.2500E+00
             31                 23              10582         5.0000E+00
             31                 24               6459         5.8500E+00
             31                 25               3338         6.8000E+00
             31                 26               1489         7.8500E+00
             31                 27                653         9.0000E+00
             31                 28                293         1.0250E+01
             31                 29                121         1.1600E+01
             31                 30                 39         1.3050E+01
             31                 31                  1         1.4600E+01
             32                 13                 44         2.6500E+00
             32                 14                555         2.5000E+00
             32                 15               2358         2.4500E+00
             32                 16               7243         2.5000E+00
             32                 17              14464         2.6500E+00
             32                 18              22773         2.9000E+00
             32                 19              28385         3.2500E+00
             32                 20              29175         3.7000E+00
             32                 21              25649         4.2500E+00
             32                 22              19223         4.9000E+00
             32                 23              13154         5.6500E+00
             32                 24               7960         6.5000E+00
             32                 25               3644         7.4500E+00
             32                 26               1823         8.5000E+00
             32                 27                670         9.6500E+00
             32                 28                300         1.0900E+01
             32                 29                 98         1.2250E+01
             32                 30                 44         1.3700E+01
             33                 12                  1         3.6500E+00
             33                 13                 46         3.4000E+00
             33                 14                658         3.2500E+00
             33                 15               2947         3.2000E+00
             33                 16               8881         3.2500E+00
             33                 17              17923         3.4000E+00
             33                 18              27647         3.6500E+00
             33                 19              34062         4.0000E+00
             33                 20              34140         4.4500E+00
             33                 21              27843         5.0000E+00
             33                 22              20870         5.6500E+00
             33                 23              13536         6.4000E+00
             33                 24               7436         7.2500E+00
             33                 25               3472         8.2000E+00
             33                 26               1689         9.2500E+00
             33                 27                573         1.0400E+01
             33                 28                178         1.1650E+01
             33                 29                 47         1.3000E+01
             33                 30                 12         1.4450E+01
             34                 12                  1         4.5000E+00
             34                 13                 75         4.2500E+00
             34                 14                794         4.1000E+00
             34                 15               2710         4.0500E+00
             34                 16               8563         4.1000E+00
             34                 17              16746         4.2500E+00
             34                 18              26749         4.5000E+00
             34                 19              31117         4.8500E+00
             34                 20              29627         5.3000E+00
             34                 21              23400         5.8500E+00
             34                 22              15410         6.5000E+00
             34                 23               9223         7.2500E+00
             34                 24               4970         8.1000E+00
             34                 25               2579         9.0500E+00
             34                 26               1128         1.0100E+01
             34                 27                336         1.1250E+01
             34                 28                 76         1.2500E+01
             34                 29                 12         1.3850E+01
             34                 30                  4         1.5300E+01
             35                 13                 63         5.2000E+00
             35                 14                485         5.0500E+00
             35                 15               2120         5.0000E+00
             35                 16               5725         5.0500E+00
             35                 17              11461         5.2000E+00
             35                 18              17957         5.4500E+00
             35                 19              21296         5.8000E+00
             35                 20              19851         6.2500E+00
             35                 21              15188         6.8000E+00
             35                 22               9307         7.4500E+00
             35                 23               5209         8.2000E+00
             35                 24               2544         9.0500E+00
             35                 25               1311         1.0000E+01
             35                 26                529         1.1050E+01
             35                 27                153         1.2200E+01
             35                 28                 31         1.3450E+01
             36                 13                 36         6.2500E+00
             36                 14                298         6.1000E+00
             36                 15               1300         6.0500E+00
             36                 16               3254         6.1000E+00
             36                 17               6257         6.2500E+00
             36                 18               9457         6.5000E+00
             36                 19              10974         6.8500E+00
             36                 20              10066         7.3000E+00
             36                 21               7492         7.8500E+00
             36                 22               4399         8.5000E+00
             36                 23               2058         9.2500E+00
             36                 24                907         1.0100E+01
             36                 25                454         1.1050E+01
             36                 26                212         1.2100E+01
             36                 27                 61         1.3250E+01
             36                 28                 21         1.4500E+01
             37                 13                 15         7.4000E+00
             37                 14                103         7.2500E+00
             37                 15                461         7.2000E+00
             37                 16               1258         7.2500E+00
             37                 17               2362         7.4000E+00
             37                 18               3344         7.6500E+00
             37                 19               4032         8.0000E+00
             37                 20               3878         8.4500E+00
             37                 21               2681         9.0000E+00
             37                 22               1480         9.6500E+00
             37                 23                595         1.0400E+01
             37                 24                225         1.1250E+01
             37                 25                110         1.2200E+01
             37                 26                 41         1.3250E+01
             37                 27                  4         1.4400E+01
             37                 28                  1         1.5650E+01
             38                 14                 18         8.5000E+00
             38                 15                 88         8.4500E+00
             38                 16                312         8.5000E+00
             38                 17                662         8.6500E+00
             38                 18                938         8.9000E+00
             38                 19               1044         9.2500E+00
             38                 20                937         9.7000E+00
             38                 21                631         1.0250E+01
             38                 22                270         1.0900E+01
             38                 23                140         1.1650E+01
             38                 24                 53         1.2500E+01
             38                 25                  9         1.3450E+01
             38                 26                  1         1.4500E+01
             39                 14                  1         9.8500E+00
             39                 15                  2         9.8000E+00
             39                 16                 21         9.8500E+00
             39                 17                 79         1.0000E+01
             39                 18                 78         1.0250E+01
             39                 19                172         1.0600E+01
             39                 20                132         1.1050E+01
             39                 21                112         1.1600E+01
             39                 22                 79         1.2250E+01
             39                 23                 25         1.3000E+01
             39                 24                  6         1.3850E+01
             40                 17                  4         1.1450E+01
             40                 18                  4         1.1700E+01
             40                 19                  8         1.2050E+01
             40                 20                  4         1.2500E+01
             40                 21                  5         1.3050E+01
             40                 22                  8         1.3700E+01
             40                 23                  2         1.4450E+01
