  #Crystal Size      Water Content              Count               Bias
             33                 19                  1         8.0000E+00
             33                 20                  1         8.4500E+00
             34                 18                  2         6.5000E+00
             34                 19                  7         6.8500E+00
             34                 20                  1         7.3000E+00
             34                 21                  3         7.8500E+00
             34                 23                  1         9.2500E+00
             34                 26                  1         1.2100E+01
             35                 17                  3         5.2000E+00
             35                 18                  7         5.4500E+00
             35                 19                 20         5.8000E+00
             35                 20                 31         6.2500E+00
             35                 21                 20         6.8000E+00
             35                 22                 13         7.4500E+00
             35                 23                 12         8.2000E+00
             35                 24                  8         9.0500E+00
             35                 25                 11         1.0000E+01
             35                 26                  1         1.1050E+01
             36                 15                  1         4.0500E+00
             36                 17                  7         4.2500E+00
             36                 18                 52         4.5000E+00
             36                 19                144         4.8500E+00
             36                 20                207         5.3000E+00
             36                 21                209         5.8500E+00
             36                 22                121         6.5000E+00
             36                 23                 99         7.2500E+00
             36                 24                 58         8.1000E+00
             36                 25                 51         9.0500E+00
             36                 26                 14         1.0100E+01
             36                 27                  1         1.1250E+01
             36                 28                  1         1.2500E+01
             37                 10                  1         4.4500E+00
             37                 13                  7         3.4000E+00
             37                 14                  9         3.2500E+00
             37                 15                 13         3.2000E+00
             37                 16                 49         3.2500E+00
             37                 17                109         3.4000E+00
             37                 18                218         3.6500E+00
             37                 19                429         4.0000E+00
             37                 20                759         4.4500E+00
             37                 21                794         5.0000E+00
             37                 22                698         5.6500E+00
             37                 23                489         6.4000E+00
             37                 24                254         7.2500E+00
             37                 25                177         8.2000E+00
             37                 26                 54         9.2500E+00
             37                 27                 12         1.0400E+01
             37                 28                  4         1.1650E+01
             37                 29                  1         1.3000E+01
             38                  9                  2         4.2500E+00
             38                 10                  3         3.7000E+00
             38                 11                  8         3.2500E+00
             38                 12                 13         2.9000E+00
             38                 13                 40         2.6500E+00
             38                 14                 75         2.5000E+00
             38                 15                119         2.4500E+00
             38                 16                271         2.5000E+00
             38                 17                395         2.6500E+00
             38                 18                702         2.9000E+00
             38                 19               1277         3.2500E+00
             38                 20               2136         3.7000E+00
             38                 21               2986         4.2500E+00
             38                 22               2723         4.9000E+00
             38                 23               2058         5.6500E+00
             38                 24               1167         6.5000E+00
             38                 25                687         7.4500E+00
             38                 26                233         8.5000E+00
             38                 27                107         9.6500E+00
             38                 28                 34         1.0900E+01
             38                 29                  7         1.2250E+01
             38                 30                  1         1.3700E+01
             39                  9                  3         3.6000E+00
             39                 10                 19         3.0500E+00
             39                 11                 63         2.6000E+00
             39                 12                 98         2.2500E+00
             39                 13                127         2.0000E+00
             39                 14                317         1.8500E+00
             39                 15                539         1.8000E+00
             39                 16               1021         1.8500E+00
             39                 17               1489         2.0000E+00
             39                 18               2231         2.2500E+00
             39                 19               3488         2.6000E+00
             39                 20               5551         3.0500E+00
             39                 21               7770         3.6000E+00
             39                 22               7596         4.2500E+00
             39                 23               5549         5.0000E+00
             39                 24               3488         5.8500E+00
             39                 25               1789         6.8000E+00
             39                 26                767         7.8500E+00
             39                 27                304         9.0000E+00
             39                 28                 92         1.0250E+01
             39                 29                 17         1.1600E+01
             39                 30                  1         1.3050E+01
             40                  7                  1         4.4500E+00
             40                  8                  6         3.7000E+00
             40                  9                 34         3.0500E+00
             40                 10                133         2.5000E+00
             40                 11                231         2.0500E+00
             40                 12                402         1.7000E+00
             40                 13                622         1.4500E+00
             40                 14               1146         1.3000E+00
             40                 15               1996         1.2500E+00
             40                 16               3092         1.3000E+00
             40                 17               4480         1.4500E+00
             40                 18               5246         1.7000E+00
             40                 19               7264         2.0500E+00
             40                 20              10365         2.5000E+00
             40                 21              12570         3.0500E+00
             40                 22              12438         3.7000E+00
             40                 23               9770         4.4500E+00
             40                 24               6662         5.3000E+00
             40                 25               3427         6.2500E+00
             40                 26               1643         7.3000E+00
             40                 27                619         8.4500E+00
             40                 28                181         9.7000E+00
             40                 29                 32         1.1050E+01
             40                 30                 12         1.2500E+01
             40                 31                  2         1.4050E+01
             41                  7                 12         4.0000E+00
             41                  8                 41         3.2500E+00
             41                  9                209         2.6000E+00
             41                 10                542         2.0500E+00
             41                 11               1108         1.6000E+00
             41                 12               1576         1.2500E+00
             41                 13               2048         1.0000E+00
             41                 14               3010         8.5000E-01
             41                 15               5025         8.0000E-01
             41                 16               7586         8.5000E-01
             41                 17               9956         1.0000E+00
             41                 18              11212         1.2500E+00
             41                 19              12738         1.6000E+00
             41                 20              14544         2.0500E+00
             41                 21              16166         2.6000E+00
             41                 22              15666         3.2500E+00
             41                 23              11983         4.0000E+00
             41                 24               7825         4.8500E+00
             41                 25               4186         5.8000E+00
             41                 26               2093         6.8500E+00
             41                 27                810         8.0000E+00
             41                 28                209         9.2500E+00
             41                 29                 37         1.0600E+01
             41                 30                 13         1.2050E+01
             41                 31                  1         1.3600E+01
             42                  6                  7         4.5000E+00
             42                  7                 26         3.6500E+00
             42                  8                 78         2.9000E+00
             42                  9                590         2.2500E+00
             42                 10               1615         1.7000E+00
             42                 11               2974         1.2500E+00
             42                 12               4133         9.0000E-01
             42                 13               5070         6.5000E-01
             42                 14               6415         5.0000E-01
             42                 15               9662         4.5000E-01
             42                 16              14106         5.0000E-01
             42                 17              16949         6.5000E-01
             42                 18              18484         9.0000E-01
             42                 19              18181         1.2500E+00
             42                 20              16505         1.7000E+00
             42                 21              15644         2.2500E+00
             42                 22              12917         2.9000E+00
             42                 23               8979         3.6500E+00
             42                 24               5476         4.5000E+00
             42                 25               2745         5.4500E+00
             42                 26               1773         6.5000E+00
             42                 27                701         7.6500E+00
             42                 28                162         8.9000E+00
             42                 29                 29         1.0250E+01
             42                 30                  6         1.1700E+01
             43                  6                  6         4.2500E+00
             43                  7                 34         3.4000E+00
             43                  8                245         2.6500E+00
             43                  9               1300         2.0000E+00
             43                 10               3377         1.4500E+00
             43                 11               5930         1.0000E+00
             43                 12               8000         6.5000E-01
             43                 13               8915         4.0000E-01
             43                 14              10110         2.5000E-01
             43                 15              13430         2.0000E-01
             43                 16              18418         2.5000E-01
             43                 17              22078         4.0000E-01
             43                 18              21864         6.5000E-01
             43                 19              20351         1.0000E+00
             43                 20              15759         1.4500E+00
             43                 21              11358         2.0000E+00
             43                 22               7806         2.6500E+00
             43                 23               4345         3.4000E+00
             43                 24               2393         4.2500E+00
             43                 25               1339         5.2000E+00
             43                 26                721         6.2500E+00
             43                 27                289         7.4000E+00
             43                 28                 67         8.6500E+00
             43                 29                 12         1.0000E+01
             43                 30                  4         1.1450E+01
             44                  6                  7         4.1000E+00
             44                  7                 41         3.2500E+00
             44                  8                432         2.5000E+00
             44                  9               1847         1.8500E+00
             44                 10               5250         1.3000E+00
             44                 11               9240         8.5000E-01
             44                 12              12179         5.0000E-01
             44                 13              12371         2.5000E-01
             44                 14              12090         1.0000E-01
             44                 15              13915         5.0000E-02
             44                 16              17373         1.0000E-01
             44                 17              20023         2.5000E-01
             44                 18              20197         5.0000E-01
             44                 19              17389         8.5000E-01
             44                 20              12736         1.3000E+00
             44                 21               7482         1.8500E+00
             44                 22               3246         2.5000E+00
             44                 23               1301         3.2500E+00
             44                 24                593         4.1000E+00
             44                 25                300         5.0500E+00
             44                 26                 89         6.1000E+00
             44                 27                 49         7.2500E+00
             44                 28                 24         8.5000E+00
             44                 29                  1         9.8500E+00
             45                  6                  9         4.0500E+00
             45                  7                 60         3.2000E+00
             45                  8                384         2.4500E+00
             45                  9               2087         1.8000E+00
             45                 10               5585         1.2500E+00
             45                 11               9874         8.0000E-01
             45                 12              12859         4.5000E-01
             45                 13              12301         2.0000E-01
             45                 14              10361         5.0000E-02
             45                 15               9809         0.0000E+00
             45                 16              11377         5.0000E-02
             45                 17              12633         2.0000E-01
             45                 18              12913         4.5000E-01
             45                 19              11555         8.0000E-01
             45                 20               7774         1.2500E+00
             45                 21               4084         1.8000E+00
             45                 22               1577         2.4500E+00
             45                 23                469         3.2000E+00
             45                 24                 96         4.0500E+00
             45                 25                  7         5.0000E+00
             46                  5                  2         5.0500E+00
             46                  6                 10         4.1000E+00
             46                  7                 44         3.2500E+00
             46                  8                345         2.5000E+00
             46                  9               1779         1.8500E+00
             46                 10               4278         1.3000E+00
             46                 11               7472         8.5000E-01
             46                 12               9118         5.0000E-01
             46                 13               8085         2.5000E-01
             46                 14               5874         1.0000E-01
             46                 15               4849         5.0000E-02
             46                 16               4804         1.0000E-01
             46                 17               5036         2.5000E-01
             46                 18               4744         5.0000E-01
             46                 19               4381         8.5000E-01
             46                 20               3220         1.3000E+00
             46                 21               1476         1.8500E+00
             46                 22                693         2.5000E+00
             46                 23                229         3.2500E+00
             46                 24                 22         4.1000E+00
             47                  7                 27         3.4000E+00
             47                  8                187         2.6500E+00
             47                  9                814         2.0000E+00
             47                 10               2038         1.4500E+00
             47                 11               3358         1.0000E+00
             47                 12               4158         6.5000E-01
             47                 13               3263         4.0000E-01
             47                 14               2240         2.5000E-01
             47                 15               1288         2.0000E-01
             47                 16               1028         2.5000E-01
             47                 17                900         4.0000E-01
             47                 18                889         6.5000E-01
             47                 19                691         1.0000E+00
             47                 20                534         1.4500E+00
             47                 21                184         2.0000E+00
             47                 22                115         2.6500E+00
             47                 23                 76         3.4000E+00
             47                 24                  9         4.2500E+00
             48                  7                 14         3.6500E+00
             48                  8                 72         2.9000E+00
             48                  9                143         2.2500E+00
             48                 10                360         1.7000E+00
             48                 11                580         1.2500E+00
             48                 12                688         9.0000E-01
             48                 13                530         6.5000E-01
             48                 14                259         5.0000E-01
             48                 15                105         4.5000E-01
             48                 16                 45         5.0000E-01
             48                 17                 20         6.5000E-01
             48                 18                 35         9.0000E-01
             48                 19                  4         1.2500E+00
