  #Crystal Size      Water Content              Count               Bias
             38                  4                  3         1.2250E+01
             38                  5                  5         1.3700E+01
             38                  6                  3         1.5250E+01
             38                  7                 16         1.6900E+01
             38                  8                  9         1.8650E+01
             38                  9                  7         2.0500E+01
             39                  1                  2         7.8500E+00
             39                  2                  3         9.0000E+00
             39                  3                  7         1.0250E+01
             39                  4                 25         1.1600E+01
             39                  5                 49         1.3050E+01
             39                  6                 53         1.4600E+01
             39                  7                 81         1.6250E+01
             39                  8                 53         1.8000E+01
             39                  9                 19         1.9850E+01
             39                 10                  7         2.1800E+01
             39                 11                  1         2.3850E+01
             40                  0                  3         6.2500E+00
             40                  1                  2         7.3000E+00
             40                  2                 31         8.4500E+00
             40                  3                 73         9.7000E+00
             40                  4                175         1.1050E+01
             40                  5                393         1.2500E+01
             40                  6                380         1.4050E+01
             40                  7                368         1.5700E+01
             40                  8                242         1.7450E+01
             40                  9                123         1.9300E+01
             40                 10                 41         2.1250E+01
             40                 11                 15         2.3300E+01
             41                  0                 27         5.8000E+00
             41                  1                 66         6.8500E+00
             41                  2                180         8.0000E+00
             41                  3                534         9.2500E+00
             41                  4               1005         1.0600E+01
             41                  5               1678         1.2050E+01
             41                  6               1867         1.3600E+01
             41                  7               1558         1.5250E+01
             41                  8                922         1.7000E+01
             41                  9                391         1.8850E+01
             41                 10                167         2.0800E+01
             41                 11                 27         2.2850E+01
             41                 12                  2         2.5000E+01
             42                  0                213         5.4500E+00
             42                  1                383         6.5000E+00
             42                  2               1042         7.6500E+00
             42                  3               2392         8.9000E+00
             42                  4               4244         1.0250E+01
             42                  5               6167         1.1700E+01
             42                  6               7014         1.3250E+01
             42                  7               5390         1.4900E+01
             42                  8               3102         1.6650E+01
             42                  9               1083         1.8500E+01
             42                 10                356         2.0450E+01
             42                 11                 59         2.2500E+01
             42                 12                  4         2.4650E+01
             43                 -1                 14         4.2500E+00
             43                  0                581         5.2000E+00
             43                  1               1354         6.2500E+00
             43                  2               3473         7.4000E+00
             43                  3               6853         8.6500E+00
             43                  4              11935         1.0000E+01
             43                  5              16890         1.1450E+01
             43                  6              19201         1.3000E+01
             43                  7              14899         1.4650E+01
             43                  8               7560         1.6400E+01
             43                  9               2365         1.8250E+01
             43                 10                618         2.0200E+01
             43                 11                118         2.2250E+01
             43                 12                  9         2.4400E+01
             44                 -1                 22         4.1000E+00
             44                  0               1348         5.0500E+00
             44                  1               3154         6.1000E+00
             44                  2               7618         7.2500E+00
             44                  3              15903         8.5000E+00
             44                  4              25882         9.8500E+00
             44                  5              36809         1.1300E+01
             44                  6              38783         1.2850E+01
             44                  7              28212         1.4500E+01
             44                  8              13417         1.6250E+01
             44                  9               3981         1.8100E+01
             44                 10                866         2.0050E+01
             44                 11                107         2.2100E+01
             44                 12                  5         2.4250E+01
             45                 -1                 59         4.0500E+00
             45                  0               2058         5.0000E+00
             45                  1               5111         6.0500E+00
             45                  2              12346         7.2000E+00
             45                  3              25166         8.4500E+00
             45                  4              39738         9.8000E+00
             45                  5              54002         1.1250E+01
             45                  6              55665         1.2800E+01
             45                  7              38125         1.4450E+01
             45                  8              17096         1.6200E+01
             45                  9               5091         1.8050E+01
             45                 10                970         2.0000E+01
             45                 11                 95         2.2050E+01
             45                 12                  9         2.4200E+01
             46                 -1                 61         4.1000E+00
             46                  0               2843         5.0500E+00
             46                  1               6185         6.1000E+00
             46                  2              14168         7.2500E+00
             46                  3              26096         8.5000E+00
             46                  4              41501         9.8500E+00
             46                  5              52434         1.1300E+01
             46                  6              51340         1.2850E+01
             46                  7              34027         1.4500E+01
             46                  8              14929         1.6250E+01
             46                  9               4050         1.8100E+01
             46                 10                728         2.0050E+01
             46                 11                 56         2.2100E+01
             46                 12                  1         2.4250E+01
             47                 -1                 24         4.2500E+00
             47                  0               2526         5.2000E+00
             47                  1               5235         6.2500E+00
             47                  2               9731         7.4000E+00
             47                  3              17292         8.6500E+00
             47                  4              25490         1.0000E+01
             47                  5              31695         1.1450E+01
             47                  6              28458         1.3000E+01
             47                  7              19549         1.4650E+01
             47                  8               8127         1.6400E+01
             47                  9               2091         1.8250E+01
             47                 10                360         2.0200E+01
             47                 11                 31         2.2250E+01
             47                 12                  2         2.4400E+01
             48                 -1                  7         4.5000E+00
             48                  0               1069         5.4500E+00
             48                  1               1856         6.5000E+00
             48                  2               3062         7.6500E+00
             48                  3               5108         8.9000E+00
             48                  4               7427         1.0250E+01
             48                  5               8026         1.1700E+01
             48                  6               7601         1.3250E+01
             48                  7               4785         1.4900E+01
             48                  8               1879         1.6650E+01
             48                  9                506         1.8500E+01
             48                 10                 72         2.0450E+01
             48                 11                  2         2.2500E+01
