  #Crystal Size      Water Content              Count               Bias
             36                 10                  1         4.0500E+00
             36                 11                  2         4.1000E+00
             37                  7                  1         3.6500E+00
             37                  8                  4         3.4000E+00
             37                 10                  1         3.2000E+00
             37                 11                  3         3.2500E+00
             37                 12                  4         3.4000E+00
             38                  7                  3         2.9000E+00
             38                  8                 10         2.6500E+00
             38                  9                 14         2.5000E+00
             38                 10                 23         2.4500E+00
             38                 11                 31         2.5000E+00
             38                 12                 44         2.6500E+00
             38                 13                 20         2.9000E+00
             38                 14                 16         3.2500E+00
             38                 15                  4         3.7000E+00
             38                 16                  1         4.2500E+00
             39                  6                  6         2.6000E+00
             39                  7                  6         2.2500E+00
             39                  8                 40         2.0000E+00
             39                  9                111         1.8500E+00
             39                 10                204         1.8000E+00
             39                 11                252         1.8500E+00
             39                 12                238         2.0000E+00
             39                 13                187         2.2500E+00
             39                 14                104         2.6000E+00
             39                 15                 48         3.0500E+00
             39                 16                 11         3.6000E+00
             39                 17                  4         4.2500E+00
             39                 18                  4         5.0000E+00
             40                  4                  1         3.0500E+00
             40                  6                 19         2.0500E+00
             40                  7                 89         1.7000E+00
             40                  8                339         1.4500E+00
             40                  9                745         1.3000E+00
             40                 10               1114         1.2500E+00
             40                 11               1389         1.3000E+00
             40                 12               1363         1.4500E+00
             40                 13                963         1.7000E+00
             40                 14                505         2.0500E+00
             40                 15                190         2.5000E+00
             40                 16                 97         3.0500E+00
             40                 17                  8         3.7000E+00
             40                 18                  2         4.4500E+00
             40                 19                  1         5.3000E+00
             41                  4                  3         2.6000E+00
             41                  6                 57         1.6000E+00
             41                  7                300         1.2500E+00
             41                  8               1202         1.0000E+00
             41                  9               2820         8.5000E-01
             41                 10               4589         8.0000E-01
             41                 11               5082         8.5000E-01
             41                 12               4682         1.0000E+00
             41                 13               3446         1.2500E+00
             41                 14               2014         1.6000E+00
             41                 15                907         2.0500E+00
             41                 16                236         2.6000E+00
             41                 17                 55         3.2500E+00
             41                 18                 24         4.0000E+00
             41                 19                  7         4.8500E+00
             42                  4                  1         2.2500E+00
             42                  5                 15         1.7000E+00
             42                  6                228         1.2500E+00
             42                  7                996         9.0000E-01
             42                  8               3712         6.5000E-01
             42                  9               8873         5.0000E-01
             42                 10              13847         4.5000E-01
             42                 11              14964         5.0000E-01
             42                 12              12407         6.5000E-01
             42                 13               8379         9.0000E-01
             42                 14               4693         1.2500E+00
             42                 15               2100         1.7000E+00
             42                 16                753         2.2500E+00
             42                 17                193         2.9000E+00
             42                 18                 33         3.6500E+00
             42                 19                  4         4.5000E+00
             42                 20                  1         5.4500E+00
             43                  4                  1         2.0000E+00
             43                  5                 41         1.4500E+00
             43                  6                544         1.0000E+00
             43                  7               2556         6.5000E-01
             43                  8               8404         4.0000E-01
             43                  9              20229         2.5000E-01
             43                 10              30483         2.0000E-01
             43                 11              31674         2.5000E-01
             43                 12              25570         4.0000E-01
             43                 13              16338         6.5000E-01
             43                 14               8741         1.0000E+00
             43                 15               3841         1.4500E+00
             43                 16               1269         2.0000E+00
             43                 17                314         2.6500E+00
             43                 18                 84         3.4000E+00
             43                 19                 10         4.2500E+00
             43                 20                  1         5.2000E+00
             43                 21                  4         6.2500E+00
             44                  4                  3         1.8500E+00
             44                  5                 82         1.3000E+00
             44                  6                821         8.5000E-01
             44                  7               4477         5.0000E-01
             44                  8              14603         2.5000E-01
             44                  9              32773         1.0000E-01
             44                 10              48351         5.0000E-02
             44                 11              48919         1.0000E-01
             44                 12              37236         2.5000E-01
             44                 13              22303         5.0000E-01
             44                 14              11093         8.5000E-01
             44                 15               4284         1.3000E+00
             44                 16               1300         1.8500E+00
             44                 17                299         2.5000E+00
             44                 18                 73         3.2500E+00
             44                 19                 12         4.1000E+00
             44                 20                  3         5.0500E+00
             44                 21                  3         6.1000E+00
             45                  4                 12         1.8000E+00
             45                  5                 94         1.2500E+00
             45                  6               1210         8.0000E-01
             45                  7               5829         4.5000E-01
             45                  8              18806         2.0000E-01
             45                  9              39510         5.0000E-02
             45                 10              54129         0.0000E+00
             45                 11              52621         5.0000E-02
             45                 12              37705         2.0000E-01
             45                 13              21619         4.5000E-01
             45                 14               9922         8.0000E-01
             45                 15               3580         1.2500E+00
             45                 16               1143         1.8000E+00
             45                 17                365         2.4500E+00
             45                 18                114         3.2000E+00
             45                 19                 13         4.0500E+00
             45                 20                  3         5.0000E+00
             45                 21                  1         6.0500E+00
             46                  4                  4         1.8500E+00
             46                  5                 95         1.3000E+00
             46                  6               1121         8.5000E-01
             46                  7               5422         5.0000E-01
             46                  8              15844         2.5000E-01
             46                  9              29746         1.0000E-01
             46                 10              39340         5.0000E-02
             46                 11              36854         1.0000E-01
             46                 12              25838         2.5000E-01
             46                 13              14146         5.0000E-01
             46                 14               6114         8.5000E-01
             46                 15               2123         1.3000E+00
             46                 16                722         1.8500E+00
             46                 17                248         2.5000E+00
             46                 18                 43         3.2500E+00
             46                 19                 12         4.1000E+00
             46                 20                 10         5.0500E+00
             47                  4                  5         2.0000E+00
             47                  5                 75         1.4500E+00
             47                  6                688         1.0000E+00
             47                  7               3140         6.5000E-01
             47                  8               8059         4.0000E-01
             47                  9              13826         2.5000E-01
             47                 10              17182         2.0000E-01
             47                 11              15963         2.5000E-01
             47                 12              10743         4.0000E-01
             47                 13               5523         6.5000E-01
             47                 14               2203         1.0000E+00
             47                 15                754         1.4500E+00
             47                 16                195         2.0000E+00
             47                 17                 30         2.6500E+00
             47                 18                 28         3.4000E+00
             47                 19                 18         4.2500E+00
             48                  5                 11         1.7000E+00
             48                  6                172         1.2500E+00
             48                  7                833         9.0000E-01
             48                  8               1714         6.5000E-01
             48                  9               3059         5.0000E-01
             48                 10               3395         4.5000E-01
             48                 11               3009         5.0000E-01
             48                 12               1896         6.5000E-01
             48                 13                992         9.0000E-01
             48                 14                344         1.2500E+00
             48                 15                124         1.7000E+00
             48                 16                 57         2.2500E+00
             48                 17                 17         2.9000E+00
             48                 18                  2         3.6500E+00
             48                 19                  1         4.5000E+00
