  #Crystal Size      Water Content              Count               Bias
             14                 15                  1         6.8000E+00
             14                 16                  1         7.8500E+00
             14                 17                 21         9.0000E+00
             14                 18                  2         1.0250E+01
             14                 19                  1         1.1600E+01
             14                 20                  2         1.3050E+01
             14                 23                  2         1.8000E+01
             15                 16                 23         7.3000E+00
             15                 17                 22         8.4500E+00
             15                 18                 51         9.7000E+00
             15                 19                 33         1.1050E+01
             15                 20                 26         1.2500E+01
             15                 21                 18         1.4050E+01
             15                 22                  8         1.5700E+01
             16                 14                  2         4.8500E+00
             16                 15                 14         5.8000E+00
             16                 16                 55         6.8500E+00
             16                 17                103         8.0000E+00
             16                 18                191         9.2500E+00
             16                 19                143         1.0600E+01
             16                 20                184         1.2050E+01
             16                 21                 91         1.3600E+01
             16                 22                 32         1.5250E+01
             16                 23                  1         1.7000E+01
             17                 13                  1         3.6500E+00
             17                 14                 12         4.5000E+00
             17                 15                 78         5.4500E+00
             17                 16                185         6.5000E+00
             17                 17                448         7.6500E+00
             17                 18                667         8.9000E+00
             17                 19                683         1.0250E+01
             17                 20                570         1.1700E+01
             17                 21                367         1.3250E+01
             17                 22                 87         1.4900E+01
             17                 23                 31         1.6650E+01
             17                 24                  5         1.8500E+01
             18                 13                  4         3.4000E+00
             18                 14                 71         4.2500E+00
             18                 15                162         5.2000E+00
             18                 16                539         6.2500E+00
             18                 17               1466         7.4000E+00
             18                 18               2069         8.6500E+00
             18                 19               2310         1.0000E+01
             18                 20               1818         1.1450E+01
             18                 21                949         1.3000E+01
             18                 22                358         1.4650E+01
             18                 23                 78         1.6400E+01
             18                 24                 29         1.8250E+01
             19                 13                 40         3.2500E+00
             19                 14                163         4.1000E+00
             19                 15                538         5.0500E+00
             19                 16               1437         6.1000E+00
             19                 17               3779         7.2500E+00
             19                 18               5084         8.5000E+00
             19                 19               5650         9.8500E+00
             19                 20               4716         1.1300E+01
             19                 21               2546         1.2850E+01
             19                 22                859         1.4500E+01
             19                 23                239         1.6250E+01
             19                 24                 31         1.8100E+01
             19                 25                  1         2.0050E+01
             20                 12                  6         2.4500E+00
             20                 13                 86         3.2000E+00
             20                 14                343         4.0500E+00
             20                 15                924         5.0000E+00
             20                 16               3171         6.0500E+00
             20                 17               7178         7.2000E+00
             20                 18              10744         8.4500E+00
             20                 19              11770         9.8000E+00
             20                 20               9554         1.1250E+01
             20                 21               5354         1.2800E+01
             20                 22               1774         1.4450E+01
             20                 23                618         1.6200E+01
             20                 24                106         1.8050E+01
             20                 25                  2         2.0000E+01
             21                 12                  3         2.5000E+00
             21                 13                181         3.2500E+00
             21                 14                535         4.1000E+00
             21                 15               1611         5.0500E+00
             21                 16               4938         6.1000E+00
             21                 17              11326         7.2500E+00
             21                 18              17446         8.5000E+00
             21                 19              20395         9.8500E+00
             21                 20              16887         1.1300E+01
             21                 21               9386         1.2850E+01
             21                 22               3453         1.4500E+01
             21                 23                993         1.6250E+01
             21                 24                248         1.8100E+01
             21                 25                  5         2.0050E+01
             22                 12                 14         2.6500E+00
             22                 13                187         3.4000E+00
             22                 14                681         4.2500E+00
             22                 15               2079         5.2000E+00
             22                 16               6283         6.2500E+00
             22                 17              14780         7.4000E+00
             22                 18              22774         8.6500E+00
             22                 19              27252         1.0000E+01
             22                 20              22291         1.1450E+01
             22                 21              12470         1.3000E+01
             22                 22               5001         1.4650E+01
             22                 23               1496         1.6400E+01
             22                 24                234         1.8250E+01
             22                 25                  7         2.0200E+01
             23                 12                 10         2.9000E+00
             23                 13                147         3.6500E+00
             23                 14                658         4.5000E+00
             23                 15               2214         5.4500E+00
             23                 16               6988         6.5000E+00
             23                 17              16249         7.6500E+00
             23                 18              24958         8.9000E+00
             23                 19              28677         1.0250E+01
             23                 20              23397         1.1700E+01
             23                 21              13884         1.3250E+01
             23                 22               5717         1.4900E+01
             23                 23               1591         1.6650E+01
             23                 24                323         1.8500E+01
             23                 25                 24         2.0450E+01
             24                 12                  1         3.2500E+00
             24                 13                 99         4.0000E+00
             24                 14                639         4.8500E+00
             24                 15               2279         5.8000E+00
             24                 16               6504         6.8500E+00
             24                 17              14004         8.0000E+00
             24                 18              22433         9.2500E+00
             24                 19              25357         1.0600E+01
             24                 20              20411         1.2050E+01
             24                 21              12441         1.3600E+01
             24                 22               5556         1.5250E+01
             24                 23               1682         1.7000E+01
             24                 24                233         1.8850E+01
             24                 25                 17         2.0800E+01
             25                 12                  1         3.7000E+00
             25                 13                 72         4.4500E+00
             25                 14                490         5.3000E+00
             25                 15               1664         6.2500E+00
             25                 16               4801         7.3000E+00
             25                 17              10607         8.4500E+00
             25                 18              16876         9.7000E+00
             25                 19              19390         1.1050E+01
             25                 20              16550         1.2500E+01
             25                 21               9833         1.4050E+01
             25                 22               4633         1.5700E+01
             25                 23               1523         1.7450E+01
             25                 24                270         1.9300E+01
             25                 25                 17         2.1250E+01
             26                 13                 33         5.0000E+00
             26                 14                248         5.8500E+00
             26                 15               1195         6.8000E+00
             26                 16               3455         7.8500E+00
             26                 17               7704         9.0000E+00
             26                 18              12764         1.0250E+01
             26                 19              15115         1.1600E+01
             26                 20              13761         1.3050E+01
             26                 21               8725         1.4600E+01
             26                 22               4628         1.6250E+01
             26                 23               1616         1.8000E+01
             26                 24                239         1.9850E+01
             26                 25                 27         2.1800E+01
             27                 13                 10         5.6500E+00
             27                 14                203         6.5000E+00
             27                 15                736         7.4500E+00
             27                 16               2648         8.5000E+00
             27                 17               6104         9.6500E+00
             27                 18              10438         1.0900E+01
             27                 19              14593         1.2250E+01
             27                 20              13593         1.3700E+01
             27                 21               9891         1.5250E+01
             27                 22               5071         1.6900E+01
             27                 23               1860         1.8650E+01
             27                 24                287         2.0500E+01
             27                 25                 45         2.2450E+01
             27                 26                  7         2.4500E+01
             28                 12                  1         5.6500E+00
             28                 13                 15         6.4000E+00
             28                 14                127         7.2500E+00
             28                 15                503         8.2000E+00
             28                 16               1942         9.2500E+00
             28                 17               4995         1.0400E+01
             28                 18              10058         1.1650E+01
             28                 19              14437         1.3000E+01
             28                 20              14982         1.4450E+01
             28                 21              11164         1.6000E+01
             28                 22               5585         1.7650E+01
             28                 23               2084         1.9400E+01
             28                 24                704         2.1250E+01
             28                 25                197         2.3200E+01
             28                 26                 16         2.5250E+01
             29                 12                  1         6.5000E+00
             29                 13                  9         7.2500E+00
             29                 14                 93         8.1000E+00
             29                 15                318         9.0500E+00
             29                 16               1433         1.0100E+01
             29                 17               4569         1.1250E+01
             29                 18               9676         1.2500E+01
             29                 19              15147         1.3850E+01
             29                 20              15608         1.5300E+01
             29                 21              11053         1.6850E+01
             29                 22               6047         1.8500E+01
             29                 23               2338         2.0250E+01
             29                 24                968         2.2100E+01
             29                 25                208         2.4050E+01
             29                 26                 36         2.6100E+01
             30                 13                  1         8.2000E+00
             30                 14                 44         9.0500E+00
             30                 15                209         1.0000E+01
             30                 16               1089         1.1050E+01
             30                 17               3444         1.2200E+01
             30                 18               7805         1.3450E+01
             30                 19              11972         1.4800E+01
             30                 20              13118         1.6250E+01
             30                 21               9089         1.7800E+01
             30                 22               5541         1.9450E+01
             30                 23               2656         2.1200E+01
             30                 24                851         2.3050E+01
             30                 25                247         2.5000E+01
             30                 26                 26         2.7050E+01
             30                 27                  3         2.9200E+01
             31                 13                 11         9.2500E+00
             31                 14                 26         1.0100E+01
             31                 15                145         1.1050E+01
             31                 16                526         1.2100E+01
             31                 17               2101         1.3250E+01
             31                 18               4494         1.4500E+01
             31                 19               7207         1.5850E+01
             31                 20               8237         1.7300E+01
             31                 21               5801         1.8850E+01
             31                 22               3659         2.0500E+01
             31                 23               1994         2.2250E+01
             31                 24                529         2.4100E+01
             31                 25                177         2.6050E+01
             31                 26                 10         2.8100E+01
             32                 14                  2         1.1250E+01
             32                 15                 67         1.2200E+01
             32                 16                160         1.3250E+01
             32                 17               1172         1.4400E+01
             32                 18               2323         1.5650E+01
             32                 19               3858         1.7000E+01
             32                 20               3671         1.8450E+01
             32                 21               2709         2.0000E+01
             32                 22               1535         2.1650E+01
             32                 23                744         2.3400E+01
             32                 24                172         2.5250E+01
             32                 25                 52         2.7200E+01
             32                 26                  1         2.9250E+01
             33                 15                 10         1.3450E+01
             33                 16                 48         1.4500E+01
             33                 17                314         1.5650E+01
             33                 18                828         1.6900E+01
             33                 19               1252         1.8250E+01
             33                 20               1160         1.9700E+01
             33                 21                832         2.1250E+01
             33                 22                386         2.2900E+01
             33                 23                164         2.4650E+01
             33                 24                 17         2.6500E+01
             33                 25                  4         2.8450E+01
             34                 15                  1         1.4800E+01
             34                 16                 16         1.5850E+01
             34                 17                 72         1.7000E+01
             34                 18                191         1.8250E+01
             34                 19                357         1.9600E+01
             34                 20                333         2.1050E+01
             34                 21                138         2.2600E+01
             34                 22                 59         2.4250E+01
             34                 23                  8         2.6000E+01
             34                 24                  1         2.7850E+01
             35                 17                  3         1.8450E+01
             35                 18                 21         1.9700E+01
             35                 19                 36         2.1050E+01
             35                 20                 19         2.2500E+01
             35                 21                  6         2.4050E+01
             35                 22                  3         2.5700E+01
             36                 18                 22         2.1250E+01
             36                 20                  4         2.4050E+01
             37                 18                  4         2.2900E+01
