  #Crystal Size      Water Content              Count               Bias
             30                  3                 12         9.7000E+00
             31                  2                  2         9.0000E+00
             31                  3                 57         1.0250E+01
             31                  4                 59         1.1600E+01
             31                  5                  1         1.3050E+01
             31                  6                 18         1.4600E+01
             31                  8                  1         1.8000E+01
             32                  2                 48         9.6500E+00
             32                  3                 75         1.0900E+01
             32                  4                 53         1.2250E+01
             32                  5                 26         1.3700E+01
             32                  6                 29         1.5250E+01
             32                  7                 44         1.6900E+01
             32                  8                 38         1.8650E+01
             32                  9                 35         2.0500E+01
             32                 10                  2         2.2450E+01
             33                  1                 22         9.2500E+00
             33                  2                126         1.0400E+01
             33                  3                229         1.1650E+01
             33                  4                301         1.3000E+01
             33                  5                242         1.4450E+01
             33                  6                280         1.6000E+01
             33                  7                369         1.7650E+01
             33                  8                170         1.9400E+01
             33                  9                 62         2.1250E+01
             33                 10                  2         2.3200E+01
             34                  0                 21         9.0500E+00
             34                  1                101         1.0100E+01
             34                  2                283         1.1250E+01
             34                  3                573         1.2500E+01
             34                  4                996         1.3850E+01
             34                  5               1293         1.5300E+01
             34                  6               1803         1.6850E+01
             34                  7               1662         1.8500E+01
             34                  8               1187         2.0250E+01
             34                  9                475         2.2100E+01
             34                 10                 63         2.4050E+01
             34                 11                 11         2.6100E+01
             34                 12                  6         2.8250E+01
             35                  0                 51         1.0000E+01
             35                  1                508         1.1050E+01
             35                  2               1184         1.2200E+01
             35                  3               1798         1.3450E+01
             35                  4               3463         1.4800E+01
             35                  5               5055         1.6250E+01
             35                  6               5866         1.7800E+01
             35                  7               4998         1.9450E+01
             35                  8               3400         2.1200E+01
             35                  9               1174         2.3050E+01
             35                 10                164         2.5000E+01
             35                 11                 25         2.7050E+01
             35                 12                  6         2.9200E+01
             36                  0                174         1.1050E+01
             36                  1               1193         1.2100E+01
             36                  2               2790         1.3250E+01
             36                  3               4476         1.4500E+01
             36                  4               7685         1.5850E+01
             36                  5              12678         1.7300E+01
             36                  6              15327         1.8850E+01
             36                  7              14035         2.0500E+01
             36                  8               7183         2.2250E+01
             36                  9               2541         2.4100E+01
             36                 10                595         2.6050E+01
             36                 11                 72         2.8100E+01
             36                 12                 20         3.0250E+01
             37                 -1                  2         1.1250E+01
             37                  0                499         1.2200E+01
             37                  1               2316         1.3250E+01
             37                  2               5105         1.4400E+01
             37                  3               8775         1.5650E+01
             37                  4              15449         1.7000E+01
             37                  5              24660         1.8450E+01
             37                  6              31373         2.0000E+01
             37                  7              25383         2.1650E+01
             37                  8              13925         2.3400E+01
             37                  9               5147         2.5250E+01
             37                 10               1148         2.7200E+01
             37                 11                296         2.9250E+01
             37                 12                 43         3.1400E+01
             38                 -1                  3         1.2500E+01
             38                  0                863         1.3450E+01
             38                  1               3335         1.4500E+01
             38                  2               7550         1.5650E+01
             38                  3              12827         1.6900E+01
             38                  4              23363         1.8250E+01
             38                  5              36728         1.9700E+01
             38                  6              46249         2.1250E+01
             38                  7              35096         2.2900E+01
             38                  8              18678         2.4650E+01
             38                  9               6686         2.6500E+01
             38                 10               1628         2.8450E+01
             38                 11                385         3.0500E+01
             38                 12                 55         3.2650E+01
             39                 -1                  1         1.3850E+01
             39                  0               1067         1.4800E+01
             39                  1               3648         1.5850E+01
             39                  2               7521         1.7000E+01
             39                  3              13728         1.8250E+01
             39                  4              25948         1.9600E+01
             39                  5              42583         2.1050E+01
             39                  6              50327         2.2600E+01
             39                  7              37653         2.4250E+01
             39                  8              19503         2.6000E+01
             39                  9               6686         2.7850E+01
             39                 10               1686         2.9800E+01
             39                 11                253         3.1850E+01
             39                 12                  9         3.4000E+01
             40                  0                968         1.6250E+01
             40                  1               2448         1.7300E+01
             40                  2               6221         1.8450E+01
             40                  3              12317         1.9700E+01
             40                  4              22554         2.1050E+01
             40                  5              36748         2.2500E+01
             40                  6              42911         2.4050E+01
             40                  7              30749         2.5700E+01
             40                  8              14244         2.7450E+01
             40                  9               5011         2.9300E+01
             40                 10               1326         3.1250E+01
             40                 11                170         3.3300E+01
             40                 12                 11         3.5450E+01
             41                 -1                  4         1.6850E+01
             41                  0                638         1.7800E+01
             41                  1               1619         1.8850E+01
             41                  2               3663         2.0000E+01
             41                  3               7578         2.1250E+01
             41                  4              13724         2.2600E+01
             41                  5              22401         2.4050E+01
             41                  6              27097         2.5600E+01
             41                  7              19399         2.7250E+01
             41                  8               8336         2.9000E+01
             41                  9               2916         3.0850E+01
             41                 10                739         3.2800E+01
             41                 11                136         3.4850E+01
             41                 12                 12         3.7000E+01
             42                 -1                  3         1.8500E+01
             42                  0                571         1.9450E+01
             42                  1                916         2.0500E+01
             42                  2               1558         2.1650E+01
             42                  3               3049         2.2900E+01
             42                  4               6538         2.4250E+01
             42                  5              10731         2.5700E+01
             42                  6              12212         2.7250E+01
             42                  7               8853         2.8900E+01
             42                  8               3440         3.0650E+01
             42                  9               1258         3.2500E+01
             42                 10                330         3.4450E+01
             42                 11                 27         3.6500E+01
             43                 -1                  4         2.0250E+01
             43                  0                226         2.1200E+01
             43                  1                280         2.2250E+01
             43                  2                588         2.3400E+01
             43                  3               1132         2.4650E+01
             43                  4               1971         2.6000E+01
             43                  5               3565         2.7450E+01
             43                  6               3993         2.9000E+01
             43                  7               2749         3.0650E+01
             43                  8               1021         3.2400E+01
             43                  9                257         3.4250E+01
             43                 10                110         3.6200E+01
             43                 11                  7         3.8250E+01
             44                 -1                 37         2.2100E+01
             44                  0                310         2.3050E+01
             44                  1                105         2.4100E+01
             44                  2                133         2.5250E+01
             44                  3                240         2.6500E+01
             44                  4                587         2.7850E+01
             44                  5               1054         2.9300E+01
             44                  6               1127         3.0850E+01
             44                  7                499         3.2500E+01
             44                  8                245         3.4250E+01
             44                  9                 91         3.6100E+01
             44                 10                 23         3.8050E+01
             44                 11                  1         4.0100E+01
             45                 -1                 16         2.4050E+01
             45                  0                103         2.5000E+01
             45                  1                 15         2.6050E+01
             45                  2                 23         2.7200E+01
             45                  3                 37         2.8450E+01
             45                  4                108         2.9800E+01
             45                  5                140         3.1250E+01
             45                  6                169         3.2800E+01
             45                  7                101         3.4450E+01
             45                  8                 58         3.6200E+01
             45                  9                  6         3.8050E+01
             46                  0                  4         2.7050E+01
             46                  4                  3         3.1850E+01
             46                  5                 10         3.3300E+01
             46                  6                  6         3.4850E+01
             46                  7                  2         3.6500E+01
