  #Crystal Size      Water Content              Count               Bias
              0                 -2                 13         8.2000E+00
              0                 -1                  9         9.0500E+00
              0                  0                  2         1.0000E+01
              0                  2                  2         1.2200E+01
              0                  3                  5         1.3450E+01
              0                  4                  6         1.4800E+01
              1                 -6                  1         4.8500E+00
              1                 -5                  8         5.3000E+00
              1                 -4                 18         5.8500E+00
              1                 -3                 51         6.5000E+00
              1                 -2                 76         7.2500E+00
              1                 -1                137         8.1000E+00
              1                  0                564         9.0500E+00
              1                  1                356         1.0100E+01
              1                  2                434         1.1250E+01
              1                  3                373         1.2500E+01
              1                  4                182         1.3850E+01
              1                  5                106         1.5300E+01
              1                  6                 31         1.6850E+01
              1                  7                 19         1.8500E+01
              1                  8                  3         2.0250E+01
              2                 -7                  3         3.6500E+00
              2                 -6                  1         4.0000E+00
              2                 -5                 37         4.4500E+00
              2                 -4                121         5.0000E+00
              2                 -3                111         5.6500E+00
              2                 -2                219         6.4000E+00
              2                 -1                205         7.2500E+00
              2                  0                931         8.2000E+00
              2                  1                580         9.2500E+00
              2                  2                535         1.0400E+01
              2                  3                451         1.1650E+01
              2                  4                258         1.3000E+01
              2                  5                128         1.4450E+01
              2                  6                 61         1.6000E+01
              2                  7                 25         1.7650E+01
              3                 -8                  6         2.6500E+00
              3                 -7                 30         2.9000E+00
              3                 -6                 51         3.2500E+00
              3                 -5                111         3.7000E+00
              3                 -4                279         4.2500E+00
              3                 -3                487         4.9000E+00
              3                 -2                616         5.6500E+00
              3                 -1                662         6.5000E+00
              3                  0               2445         7.4500E+00
              3                  1               1388         8.5000E+00
              3                  2               1510         9.6500E+00
              3                  3               1148         1.0900E+01
              3                  4                696         1.2250E+01
              3                  5                409         1.3700E+01
              3                  6                361         1.5250E+01
              3                  7                135         1.6900E+01
              3                  8                 30         1.8650E+01
              4                 -8                  7         2.0000E+00
              4                 -7                 40         2.2500E+00
              4                 -6                103         2.6000E+00
              4                 -5                195         3.0500E+00
              4                 -4                472         3.6000E+00
              4                 -3                719         4.2500E+00
              4                 -2                868         5.0000E+00
              4                 -1                910         5.8500E+00
              4                  0               3459         6.8000E+00
              4                  1               2665         7.8500E+00
              4                  2               3175         9.0000E+00
              4                  3               2081         1.0250E+01
              4                  4               1005         1.1600E+01
              4                  5                479         1.3050E+01
              4                  6                289         1.4600E+01
              4                  7                101         1.6250E+01
              4                  8                 66         1.8000E+01
              4                  9                  4         1.9850E+01
              5                 -8                 32         1.4500E+00
              5                 -7                221         1.7000E+00
              5                 -6                287         2.0500E+00
              5                 -5                651         2.5000E+00
              5                 -4               1222         3.0500E+00
              5                 -3               1813         3.7000E+00
              5                 -2               1862         4.4500E+00
              5                 -1               2055         5.3000E+00
              5                  0               6386         6.2500E+00
              5                  1               5435         7.3000E+00
              5                  2               6123         8.4500E+00
              5                  3               4882         9.7000E+00
              5                  4               3224         1.1050E+01
              5                  5               1418         1.2500E+01
              5                  6                708         1.4050E+01
              5                  7                336         1.5700E+01
              5                  8                 62         1.7450E+01
              5                  9                  8         1.9300E+01
              6                 -8                 10         1.0000E+00
              6                 -7                143         1.2500E+00
              6                 -6                416         1.6000E+00
              6                 -5                960         2.0500E+00
              6                 -4               1950         2.6000E+00
              6                 -3               3079         3.2500E+00
              6                 -2               3956         4.0000E+00
              6                 -1               4004         4.8500E+00
              6                  0              14980         5.8000E+00
              6                  1              12161         6.8500E+00
              6                  2              12630         8.0000E+00
              6                  3              10872         9.2500E+00
              6                  4               6887         1.0600E+01
              6                  5               3154         1.2050E+01
              6                  6               1530         1.3600E+01
              6                  7                439         1.5250E+01
              6                  8                 89         1.7000E+01
              6                  9                  6         1.8850E+01
              7                 -8                 24         6.5000E-01
              7                 -7                191         9.0000E-01
              7                 -6                603         1.2500E+00
              7                 -5               1558         1.7000E+00
              7                 -4               2952         2.2500E+00
              7                 -3               5137         2.9000E+00
              7                 -2               6989         3.6500E+00
              7                 -1               7870         4.5000E+00
              7                  0              36667         5.4500E+00
              7                  1              30570         6.5000E+00
              7                  2              27805         7.6500E+00
              7                  3              20169         8.9000E+00
              7                  4              12738         1.0250E+01
              7                  5               5383         1.1700E+01
              7                  6               2049         1.3250E+01
              7                  7                538         1.4900E+01
              7                  8                104         1.6650E+01
              7                  9                 18         1.8500E+01
              7                 10                  9         2.0450E+01
              8                 -8                 12         4.0000E-01
              8                 -7                128         6.5000E-01
              8                 -6                554         1.0000E+00
              8                 -5               1606         1.4500E+00
              8                 -4               4088         2.0000E+00
              8                 -3               8086         2.6500E+00
              8                 -2              13257         3.4000E+00
              8                 -1              17646         4.2500E+00
              8                  0              81834         5.2000E+00
              8                  1              61212         6.2500E+00
              8                  2              51047         7.4000E+00
              8                  3              35323         8.6500E+00
              8                  4              18557         1.0000E+01
              8                  5               7757         1.1450E+01
              8                  6               2722         1.3000E+01
              8                  7                784         1.4650E+01
              8                  8                141         1.6400E+01
              8                  9                 35         1.8250E+01
              8                 10                  1         2.0200E+01
              9                 -8                 13         2.5000E-01
              9                 -7                166         5.0000E-01
              9                 -6                696         8.5000E-01
              9                 -5               2185         1.3000E+00
              9                 -4               6738         1.8500E+00
              9                 -3              13572         2.5000E+00
              9                 -2              23554         3.2500E+00
              9                 -1              34431         4.1000E+00
              9                  0             148790         5.0500E+00
              9                  1             101182         6.1000E+00
              9                  2              79942         7.2500E+00
              9                  3              50158         8.5000E+00
              9                  4              26505         9.8500E+00
              9                  5              11662         1.1300E+01
              9                  6               3859         1.2850E+01
              9                  7               1123         1.4500E+01
              9                  8                227         1.6250E+01
              9                  9                 26         1.8100E+01
              9                 10                  2         2.0050E+01
             10                 -8                 16         2.0000E-01
             10                 -7                239         4.5000E-01
             10                 -6                933         8.0000E-01
             10                 -5               3118         1.2500E+00
             10                 -4               8970         1.8000E+00
             10                 -3              20601         2.4500E+00
             10                 -2              38379         3.2000E+00
             10                 -1              54142         4.0500E+00
             10                  0             230713         5.0000E+00
             10                  1             146654         6.0500E+00
             10                  2             106351         7.2000E+00
             10                  3              66083         8.4500E+00
             10                  4              33649         9.8000E+00
             10                  5              15571         1.1250E+01
             10                  6               6042         1.2800E+01
             10                  7               1755         1.4450E+01
             10                  8                403         1.6200E+01
             10                  9                114         1.8050E+01
             10                 10                 24         2.0000E+01
             10                 11                  9         2.2050E+01
             11                 -8                 22         2.5000E-01
             11                 -7                198         5.0000E-01
             11                 -6                954         8.5000E-01
             11                 -5               3466         1.3000E+00
             11                 -4              11147         1.8500E+00
             11                 -3              27723         2.5000E+00
             11                 -2              51129         3.2500E+00
             11                 -1              73051         4.1000E+00
             11                  0             307538         5.0500E+00
             11                  1             186392         6.1000E+00
             11                  2             126986         7.2500E+00
             11                  3              73549         8.5000E+00
             11                  4              37642         9.8500E+00
             11                  5              17041         1.1300E+01
             11                  6               6592         1.2850E+01
             11                  7               2020         1.4500E+01
             11                  8                578         1.6250E+01
             11                  9                201         1.8100E+01
             11                 10                 73         2.0050E+01
             11                 11                 34         2.2100E+01
             12                 -8                 43         4.0000E-01
             12                 -7                193         6.5000E-01
             12                 -6                636         1.0000E+00
             12                 -5               3027         1.4500E+00
             12                 -4              10859         2.0000E+00
             12                 -3              29513         2.6500E+00
             12                 -2              55294         3.4000E+00
             12                 -1              82670         4.2500E+00
             12                  0             332565         5.2000E+00
             12                  1             188356         6.2500E+00
             12                  2             117993         7.4000E+00
             12                  3              62461         8.6500E+00
             12                  4              30017         1.0000E+01
             12                  5              12902         1.1450E+01
             12                  6               5313         1.3000E+01
             12                  7               1836         1.4650E+01
             12                  8                446         1.6400E+01
             12                  9                180         1.8250E+01
             12                 10                 34         2.0200E+01
             12                 11                 39         2.2250E+01
             12                 12                  1         2.4400E+01
             13                 -9                  2         5.0000E-01
             13                 -8                 31         6.5000E-01
             13                 -7                199         9.0000E-01
             13                 -6                414         1.2500E+00
             13                 -5               1943         1.7000E+00
             13                 -4               8806         2.2500E+00
             13                 -3              24576         2.9000E+00
             13                 -2              48393         3.6500E+00
             13                 -1              71317         4.5000E+00
             13                  0             274914         5.4500E+00
             13                  1             145521         6.5000E+00
             13                  2              84178         7.6500E+00
             13                  3              39210         8.9000E+00
             13                  4              16575         1.0250E+01
             13                  5               6781         1.1700E+01
             13                  6               2649         1.3250E+01
             13                  7               1102         1.4900E+01
             13                  8                363         1.6650E+01
             13                  9                106         1.8500E+01
             13                 10                 77         2.0450E+01
             13                 11                 16         2.2500E+01
             14                 -8                 38         1.0000E+00
             14                 -7                132         1.2500E+00
             14                 -6                302         1.6000E+00
             14                 -5               1060         2.0500E+00
             14                 -4               4939         2.6000E+00
             14                 -3              14138         3.2500E+00
             14                 -2              29413         4.0000E+00
             14                 -1              42730         4.8500E+00
             14                  0             157375         5.8000E+00
             14                  1              79190         6.8500E+00
             14                  2              42185         8.0000E+00
             14                  3              17612         9.2500E+00
             14                  4               6468         1.0600E+01
             14                  5               2368         1.2050E+01
             14                  6                948         1.3600E+01
             14                  7                391         1.5250E+01
             14                  8                142         1.7000E+01
             14                  9                 47         1.8850E+01
             14                 10                  7         2.0800E+01
             14                 11                  5         2.2850E+01
             15                 -8                  3         1.4500E+00
             15                 -7                 37         1.7000E+00
             15                 -6                161         2.0500E+00
             15                 -5                415         2.5000E+00
             15                 -4               1829         3.0500E+00
             15                 -3               4910         3.7000E+00
             15                 -2              10364         4.4500E+00
             15                 -1              16412         5.3000E+00
             15                  0              57218         6.2500E+00
             15                  1              26221         7.3000E+00
             15                  2              12927         8.4500E+00
             15                  3               4943         9.7000E+00
             15                  4               1881         1.1050E+01
             15                  5                403         1.2500E+01
             15                  6                137         1.4050E+01
             15                  7                 18         1.5700E+01
             15                  8                 57         1.7450E+01
             15                  9                 52         1.9300E+01
             15                 10                  2         2.1250E+01
             16                 -7                  2         2.2500E+00
             16                 -6                 34         2.6000E+00
             16                 -5                110         3.0500E+00
             16                 -4                292         3.6000E+00
             16                 -3                912         4.2500E+00
             16                 -2               1982         5.0000E+00
             16                 -1               2676         5.8500E+00
             16                  0               9252         6.8000E+00
             16                  1               4298         7.8500E+00
             16                  2               2079         9.0000E+00
             16                  3                730         1.0250E+01
             16                  4                283         1.1600E+01
             16                  5                 97         1.3050E+01
             16                  6                  9         1.4600E+01
             17                 -4                  1         4.2500E+00
             17                 -3                  4         4.9000E+00
             17                 -2                  9         5.6500E+00
             17                 -1                  8         6.5000E+00
             17                  0                 28         7.4500E+00
             17                  1                  9         8.5000E+00
             17                  2                  2         9.6500E+00
