  #Crystal Size      Water Content              Count               Bias
              0                 -9                 11         1.8000E+00
              0                 -8                631         2.4500E+00
              0                 -7               5555         3.2000E+00
              0                 -6              28415         4.0500E+00
              0                 -5              86880         5.0000E+00
              0                 -4             186326         6.0500E+00
              0                 -3             278798         7.2000E+00
              0                 -2             347233         8.4500E+00
              0                 -1             387457         9.8000E+00
              0                  0            1641516         1.1250E+01
              0                  1             872018         1.2800E+01
              0                  2             472826         1.4450E+01
              0                  3             205965         1.6200E+01
              0                  4              72153         1.8050E+01
              0                  5              19547         2.0000E+01
              0                  6               4491         2.2050E+01
              0                  7               1057         2.4200E+01
              0                  8                131         2.6450E+01
              1                 -8                  7         2.5000E+00
              1                 -7                123         3.2500E+00
              1                 -6                607         4.1000E+00
              1                 -5               2400         5.0500E+00
              1                 -4               6141         6.1000E+00
              1                 -3              10870         7.2500E+00
              1                 -2              17370         8.5000E+00
              1                 -1              23281         9.8500E+00
              1                  0             131922         1.1300E+01
              1                  1              82319         1.2850E+01
              1                  2              48112         1.4500E+01
              1                  3              22340         1.6250E+01
              1                  4               8612         1.8100E+01
              1                  5               2656         2.0050E+01
              1                  6                904         2.2100E+01
              1                  7                217         2.4250E+01
              1                  8                116         2.6500E+01
              1                  9                 16         2.8850E+01
              2                 -6                  7         4.2500E+00
              2                 -5                 47         5.2000E+00
              2                 -4                140         6.2500E+00
              2                 -3                317         7.4000E+00
              2                 -2                731         8.6500E+00
              2                 -1               1127         1.0000E+01
              2                  0               9555         1.1450E+01
              2                  1               6994         1.3000E+01
              2                  2               4066         1.4650E+01
              2                  3               2663         1.6400E+01
              2                  4               1204         1.8250E+01
              2                  5                571         2.0200E+01
              2                  6                225         2.2250E+01
              2                  7                129         2.4400E+01
              2                  8                 61         2.6650E+01
              2                  9                  4         2.9000E+01
              3                 -4                  8         6.5000E+00
              3                 -3                 23         7.6500E+00
              3                 -2                133         8.9000E+00
              3                 -1                210         1.0250E+01
              3                  0                740         1.1700E+01
              3                  1                617         1.3250E+01
              3                  2                452         1.4900E+01
              3                  3                237         1.6650E+01
              3                  4                199         1.8500E+01
              3                  5                166         2.0450E+01
              3                  6                 23         2.2500E+01
              3                  7                  4         2.4650E+01
              3                  8                  2         2.6900E+01
              4                 -4                  5         6.8500E+00
              4                 -3                  5         8.0000E+00
              4                 -2                  5         9.2500E+00
              4                 -1                 31         1.0600E+01
              4                  0                 57         1.2050E+01
              4                  1                 47         1.3600E+01
              4                  2                 46         1.5250E+01
              4                  3                 13         1.7000E+01
              4                  4                 34         1.8850E+01
              4                  5                 57         2.0800E+01
              4                  6                 18         2.2850E+01
              4                  7                  1         2.5000E+01
              5                  0                  2         1.2500E+01
              5                  1                  1         1.4050E+01
