  #Crystal Size      Water Content              Count               Bias
              8                 -5                  2         1.2200E+01
              8                 -4                  1         1.3250E+01
              8                 -2                  1         1.5650E+01
              8                  1                  1         2.0000E+01
              9                 -8                  3         8.5000E+00
              9                 -7                 36         9.2500E+00
              9                 -6                 53         1.0100E+01
              9                 -5                 66         1.1050E+01
              9                 -4                 28         1.2100E+01
              9                 -3                 56         1.3250E+01
              9                 -2                 26         1.4500E+01
              9                 -1                 17         1.5850E+01
              9                  0                 34         1.7300E+01
              9                  1                 12         1.8850E+01
              9                  2                 11         2.0500E+01
              9                  3                  1         2.2250E+01
             10                 -9                 25         6.8000E+00
             10                 -8                139         7.4500E+00
             10                 -7                393         8.2000E+00
             10                 -6                757         9.0500E+00
             10                 -5                882         1.0000E+01
             10                 -4                693         1.1050E+01
             10                 -3                342         1.2200E+01
             10                 -2                187         1.3450E+01
             10                 -1                176         1.4800E+01
             10                  0                410         1.6250E+01
             10                  1                 69         1.7800E+01
             10                  2                 42         1.9450E+01
             10                  3                  5         2.1200E+01
             11                -10                 35         5.3000E+00
             11                 -9                216         5.8500E+00
             11                 -8               1329         6.5000E+00
             11                 -7               2917         7.2500E+00
             11                 -6               4605         8.1000E+00
             11                 -5               4946         9.0500E+00
             11                 -4               3908         1.0100E+01
             11                 -3               2622         1.1250E+01
             11                 -2               1604         1.2500E+01
             11                 -1                807         1.3850E+01
             11                  0               1742         1.5300E+01
             11                  1                586         1.6850E+01
             11                  2                150         1.8500E+01
             11                  3                 34         2.0250E+01
             12                -11                  2         4.0000E+00
             12                -10                197         4.4500E+00
             12                 -9               1154         5.0000E+00
             12                 -8               3730         5.6500E+00
             12                 -7               8714         6.4000E+00
             12                 -6              13159         7.2500E+00
             12                 -5              14649         8.2000E+00
             12                 -4              13036         9.2500E+00
             12                 -3               9335         1.0400E+01
             12                 -2               5911         1.1650E+01
             12                 -1               3041         1.3000E+01
             12                  0               4607         1.4450E+01
             12                  1               1374         1.6000E+01
             12                  2                384         1.7650E+01
             12                  3                116         1.9400E+01
             12                  4                 21         2.1250E+01
             12                  5                  1         2.3200E+01
             13                -11                 23         3.2500E+00
             13                -10                369         3.7000E+00
             13                 -9               2066         4.2500E+00
             13                 -8               7589         4.9000E+00
             13                 -7              15938         5.6500E+00
             13                 -6              27576         6.5000E+00
             13                 -5              33939         7.4500E+00
             13                 -4              33641         8.5000E+00
             13                 -3              27172         9.6500E+00
             13                 -2              18354         1.0900E+01
             13                 -1               9554         1.2250E+01
             13                  0              12094         1.3700E+01
             13                  1               2671         1.5250E+01
             13                  2                579         1.6900E+01
             13                  3                117         1.8650E+01
             13                  4                 22         2.0500E+01
             13                  5                  3         2.2450E+01
             14                -11                 42         2.6000E+00
             14                -10                583         3.0500E+00
             14                 -9               3986         3.6000E+00
             14                 -8              14373         4.2500E+00
             14                 -7              35362         5.0000E+00
             14                 -6              61901         5.8500E+00
             14                 -5              85559         6.8000E+00
             14                 -4              93126         7.8500E+00
             14                 -3              74663         9.0000E+00
             14                 -2              46023         1.0250E+01
             14                 -1              22676         1.1600E+01
             14                  0              23539         1.3050E+01
             14                  1               4431         1.4600E+01
             14                  2               1155         1.6250E+01
             14                  3                240         1.8000E+01
             14                  4                 53         1.9850E+01
             15                -12                  1         1.7000E+00
             15                -11                129         2.0500E+00
             15                -10               1243         2.5000E+00
             15                 -9               7603         3.0500E+00
             15                 -8              28592         3.7000E+00
             15                 -7              74064         4.4500E+00
             15                 -6             135842         5.3000E+00
             15                 -5             192941         6.2500E+00
             15                 -4             205877         7.3000E+00
             15                 -3             163583         8.4500E+00
             15                 -2              96137         9.7000E+00
             15                 -1              45328         1.1050E+01
             15                  0              38319         1.2500E+01
             15                  1               5808         1.4050E+01
             15                  2               1556         1.5700E+01
             15                  3                360         1.7450E+01
             15                  4                 45         1.9300E+01
             15                  5                 10         2.1250E+01
             16                -12                  1         1.2500E+00
             16                -11                141         1.6000E+00
             16                -10               1951         2.0500E+00
             16                 -9              11843         2.6000E+00
             16                 -8              48309         3.2500E+00
             16                 -7             123299         4.0000E+00
             16                 -6             223114         4.8500E+00
             16                 -5             304114         5.8000E+00
             16                 -4             308171         6.8500E+00
             16                 -3             230026         8.0000E+00
             16                 -2             132508         9.2500E+00
             16                 -1              57830         1.0600E+01
             16                  0              42597         1.2050E+01
             16                  1               6009         1.3600E+01
             16                  2               1254         1.5250E+01
             16                  3                180         1.7000E+01
             16                  4                 48         1.8850E+01
             16                  5                 17         2.0800E+01
             17                -11                174         1.2500E+00
             17                -10               2082         1.7000E+00
             17                 -9              12961         2.2500E+00
             17                 -8              49407         2.9000E+00
             17                 -7             121954         3.6500E+00
             17                 -6             209485         4.5000E+00
             17                 -5             267110         5.4500E+00
             17                 -4             256741         6.5000E+00
             17                 -3             181908         7.6500E+00
             17                 -2              96283         8.9000E+00
             17                 -1              39217         1.0250E+01
             17                  0              26222         1.1700E+01
             17                  1               3556         1.3250E+01
             17                  2                741         1.4900E+01
             17                  3                102         1.6650E+01
             17                  4                 73         1.8500E+01
             17                  5                 28         2.0450E+01
             18                -12                  1         6.5000E-01
             18                -11                109         1.0000E+00
             18                -10               1269         1.4500E+00
             18                 -9               7337         2.0000E+00
             18                 -8              24378         2.6500E+00
             18                 -7              54687         3.4000E+00
             18                 -6              88215         4.2500E+00
             18                 -5             102062         5.2000E+00
             18                 -4              88766         6.2500E+00
             18                 -3              57451         7.4000E+00
             18                 -2              29668         8.6500E+00
             18                 -1              11542         1.0000E+01
             18                  0               7514         1.1450E+01
             18                  1                952         1.3000E+01
             18                  2                123         1.4650E+01
             18                  3                 58         1.6400E+01
             18                  4                 85         1.8250E+01
             18                  5                 64         2.0200E+01
             18                  6                  6         2.2250E+01
