  #Crystal Size      Water Content              Count               Bias
              4                  2                  5         1.3250E+01
              5                 -2                  1         8.2000E+00
              5                  0                 12         1.0000E+01
              5                  1                  2         1.1050E+01
              5                  2                  3         1.2200E+01
              5                  3                  1         1.3450E+01
              5                  4                  1         1.4800E+01
              6                 -7                  2         4.5000E+00
              6                 -6                 11         4.8500E+00
              6                 -5                  9         5.3000E+00
              6                 -4                 20         5.8500E+00
              6                 -3                 43         6.5000E+00
              6                 -2                 25         7.2500E+00
              6                 -1                 28         8.1000E+00
              6                  0                100         9.0500E+00
              6                  1                 63         1.0100E+01
              6                  2                 43         1.1250E+01
              6                  3                 51         1.2500E+01
              6                  4                 31         1.3850E+01
              6                  5                  4         1.5300E+01
              7                 -8                  2         3.4000E+00
              7                 -7                 19         3.6500E+00
              7                 -6                 72         4.0000E+00
              7                 -5                 84         4.4500E+00
              7                 -4                126         5.0000E+00
              7                 -3                261         5.6500E+00
              7                 -2                237         6.4000E+00
              7                 -1                320         7.2500E+00
              7                  0               1308         8.2000E+00
              7                  1                528         9.2500E+00
              7                  2                323         1.0400E+01
              7                  3                255         1.1650E+01
              7                  4                128         1.3000E+01
              7                  5                 22         1.4450E+01
              7                  6                  1         1.6000E+01
              8                 -8                 49         2.6500E+00
              8                 -7                163         2.9000E+00
              8                 -6                357         3.2500E+00
              8                 -5                739         3.7000E+00
              8                 -4               1037         4.2500E+00
              8                 -3               1248         4.9000E+00
              8                 -2               1327         5.6500E+00
              8                 -1               1611         6.5000E+00
              8                  0               5740         7.4500E+00
              8                  1               2895         8.5000E+00
              8                  2               2122         9.6500E+00
              8                  3               1219         1.0900E+01
              8                  4                505         1.2250E+01
              8                  5                 89         1.3700E+01
              8                  6                 18         1.5250E+01
              9                 -9                  1         1.8500E+00
              9                 -8                 52         2.0000E+00
              9                 -7                387         2.2500E+00
              9                 -6               1274         2.6000E+00
              9                 -5               2732         3.0500E+00
              9                 -4               4606         3.6000E+00
              9                 -3               5478         4.2500E+00
              9                 -2               4943         5.0000E+00
              9                 -1               4834         5.8500E+00
              9                  0              15101         6.8000E+00
              9                  1               8468         7.8500E+00
              9                  2               5002         9.0000E+00
              9                  3               2792         1.0250E+01
              9                  4                916         1.1600E+01
              9                  5                195         1.3050E+01
              9                  6                 29         1.4600E+01
              9                  7                  3         1.6250E+01
             10                 -9                 13         1.3000E+00
             10                 -8                242         1.4500E+00
             10                 -7               1037         1.7000E+00
             10                 -6               3266         2.0500E+00
             10                 -5               6218         2.5000E+00
             10                 -4              11376         3.0500E+00
             10                 -3              13988         3.7000E+00
             10                 -2              13207         4.4500E+00
             10                 -1              11971         5.3000E+00
             10                  0              30981         6.2500E+00
             10                  1              14728         7.3000E+00
             10                  2               7955         8.4500E+00
             10                  3               3493         9.7000E+00
             10                  4               1318         1.1050E+01
             10                  5                502         1.2500E+01
             10                  6                174         1.4050E+01
             10                  7                 12         1.5700E+01
             11                -10                  2         8.0000E-01
             11                 -9                113         8.5000E-01
             11                 -8                829         1.0000E+00
             11                 -7               3600         1.2500E+00
             11                 -6               8220         1.6000E+00
             11                 -5              15750         2.0500E+00
             11                 -4              24428         2.6000E+00
             11                 -3              29828         3.2500E+00
             11                 -2              27391         4.0000E+00
             11                 -1              22798         4.8500E+00
             11                  0              51372         5.8000E+00
             11                  1              20994         6.8500E+00
             11                  2              11918         8.0000E+00
             11                  3               5581         9.2500E+00
             11                  4               1770         1.0600E+01
             11                  5                530         1.2050E+01
             11                  6                171         1.3600E+01
             11                  7                  8         1.5250E+01
             12                -10                 15         4.5000E-01
             12                 -9                481         5.0000E-01
             12                 -8               2449         6.5000E-01
             12                 -7               7315         9.0000E-01
             12                 -6              16457         1.2500E+00
             12                 -5              29838         1.7000E+00
             12                 -4              45824         2.2500E+00
             12                 -3              55083         2.9000E+00
             12                 -2              50943         3.6500E+00
             12                 -1              39628         4.5000E+00
             12                  0              71946         5.4500E+00
             12                  1              25792         6.5000E+00
             12                  2              13414         7.6500E+00
             12                  3               6546         8.9000E+00
             12                  4               2077         1.0250E+01
             12                  5                628         1.1700E+01
             12                  6                144         1.3250E+01
             12                  7                 13         1.4900E+01
             13                -10                 28         2.0000E-01
             13                 -9                433         2.5000E-01
             13                 -8               2606         4.0000E-01
             13                 -7               8436         6.5000E-01
             13                 -6              20842         1.0000E+00
             13                 -5              43934         1.4500E+00
             13                 -4              73927         2.0000E+00
             13                 -3              97045         2.6500E+00
             13                 -2              95470         3.4000E+00
             13                 -1              75290         4.2500E+00
             13                  0             116772         5.2000E+00
             13                  1              35971         6.2500E+00
             13                  2              16682         7.4000E+00
             13                  3               6428         8.6500E+00
             13                  4               1779         1.0000E+01
             13                  5                620         1.1450E+01
             13                  6                148         1.3000E+01
             13                  7                 12         1.4650E+01
             14                -10                  8         5.0000E-02
             14                 -9                322         1.0000E-01
             14                 -8               1937         2.5000E-01
             14                 -7               7764         5.0000E-01
             14                 -6              26621         8.5000E-01
             14                 -5              66088         1.3000E+00
             14                 -4             119641         1.8500E+00
             14                 -3             162687         2.5000E+00
             14                 -2             162477         3.2500E+00
             14                 -1             123192         4.1000E+00
             14                  0             174729         5.0500E+00
             14                  1              45637         6.1000E+00
             14                  2              18485         7.2500E+00
             14                  3               6555         8.5000E+00
             14                  4               2462         9.8500E+00
             14                  5                759         1.1300E+01
             14                  6                120         1.2850E+01
             14                  7                  3         1.4500E+01
             15                -10                 22         0.0000E+00
             15                 -9                308         5.0000E-02
             15                 -8               1871         2.0000E-01
             15                 -7               9187         4.5000E-01
             15                 -6              35721         8.0000E-01
             15                 -5              92631         1.2500E+00
             15                 -4             164164         1.8000E+00
             15                 -3             218950         2.4500E+00
             15                 -2             215242         3.2000E+00
             15                 -1             156639         4.0500E+00
             15                  0             196715         5.0000E+00
             15                  1              46582         6.0500E+00
             15                  2              17791         7.2000E+00
             15                  3               6497         8.4500E+00
             15                  4               2729         9.8000E+00
             15                  5                752         1.1250E+01
             15                  6                246         1.2800E+01
             15                  7                 30         1.4450E+01
             16                -11                  3         1.0000E-01
             16                -10                 36         5.0000E-02
             16                 -9                264         1.0000E-01
             16                 -8               1860         2.5000E-01
             16                 -7               9578         5.0000E-01
             16                 -6              34833         8.5000E-01
             16                 -5              88728         1.3000E+00
             16                 -4             152995         1.8500E+00
             16                 -3             193975         2.5000E+00
             16                 -2             176556         3.2500E+00
             16                 -1             119012         4.1000E+00
             16                  0             140326         5.0500E+00
             16                  1              31195         6.1000E+00
             16                  2              12888         7.2500E+00
             16                  3               5399         8.5000E+00
             16                  4               2077         9.8500E+00
             16                  5                738         1.1300E+01
             16                  6                163         1.2850E+01
             16                  7                 11         1.4500E+01
             17                -11                  1         2.5000E-01
             17                -10                 10         2.0000E-01
             17                 -9                176         2.5000E-01
             17                 -8               1194         4.0000E-01
             17                 -7               6235         6.5000E-01
             17                 -6              20745         1.0000E+00
             17                 -5              48925         1.4500E+00
             17                 -4              79902         2.0000E+00
             17                 -3              94545         2.6500E+00
             17                 -2              80881         3.4000E+00
             17                 -1              49803         4.2500E+00
             17                  0              54157         5.2000E+00
             17                  1              12533         6.2500E+00
             17                  2               5550         7.4000E+00
             17                  3               2407         8.6500E+00
             17                  4                707         1.0000E+01
             17                  5                201         1.1450E+01
             17                  6                 34         1.3000E+01
             18                 -9                 57         5.0000E-01
             18                 -8                456         6.5000E-01
             18                 -7               1904         9.0000E-01
             18                 -6               5246         1.2500E+00
             18                 -5              11871         1.7000E+00
             18                 -4              18385         2.2500E+00
             18                 -3              19838         2.9000E+00
             18                 -2              15190         3.6500E+00
             18                 -1               8985         4.5000E+00
             18                  0               9320         5.4500E+00
             18                  1               2181         6.5000E+00
             18                  2                976         7.6500E+00
             18                  3                369         8.9000E+00
             18                  4                 96         1.0250E+01
             18                  5                 46         1.1700E+01
