  #Crystal Size      Water Content              Count               Bias
              0                 -6                 14         5.0000E-02
              0                 -5                283         0.0000E+00
              0                 -4               2879         5.0000E-02
              0                 -3               9669         2.0000E-01
              0                 -2              24589         4.5000E-01
              0                 -1              46497         8.0000E-01
              0                  0             225159         1.2500E+00
              0                  1             185044         1.8000E+00
              0                  2             228473         2.4500E+00
              0                  3             302244         3.2000E+00
              0                  4             393811         4.0500E+00
              0                  5             491974         5.0000E+00
              0                  6             534017         6.0500E+00
              0                  7             502166         7.2000E+00
              0                  8             445265         8.4500E+00
              0                  9             358562         9.8000E+00
              0                 10             234907         1.1250E+01
              0                 11             127189         1.2800E+01
              0                 12              52555         1.4450E+01
              0                 13              17365         1.6200E+01
              0                 14               4798         1.8050E+01
              0                 15                922         2.0000E+01
              0                 16                 61         2.2050E+01
              0                 17                  1         2.4200E+01
              1                 -5                  8         5.0000E-02
              1                 -4                144         1.0000E-01
              1                 -3                347         2.5000E-01
              1                 -2               1213         5.0000E-01
              1                 -1               2620         8.5000E-01
              1                  0              17331         1.3000E+00
              1                  1              14782         1.8500E+00
              1                  2              22893         2.5000E+00
              1                  3              38806         3.2500E+00
              1                  4              62228         4.1000E+00
              1                  5              86551         5.0500E+00
              1                  6             104752         6.1000E+00
              1                  7             111171         7.2500E+00
              1                  8             100614         8.5000E+00
              1                  9              80833         9.8500E+00
              1                 10              50344         1.1300E+01
              1                 11              25457         1.2850E+01
              1                 12               9586         1.4500E+01
              1                 13               2453         1.6250E+01
              1                 14                769         1.8100E+01
              1                 15                101         2.0050E+01
              1                 16                 14         2.2100E+01
              1                 17                  1         2.4250E+01
              2                 -4                 10         2.5000E-01
              2                 -3                 35         4.0000E-01
              2                 -2                 75         6.5000E-01
              2                 -1                185         1.0000E+00
              2                  0                696         1.4500E+00
              2                  1                798         2.0000E+00
              2                  2               1299         2.6500E+00
              2                  3               2628         3.4000E+00
              2                  4               4839         4.2500E+00
              2                  5               6875         5.2000E+00
              2                  6               9193         6.2500E+00
              2                  7               9973         7.4000E+00
              2                  8               9292         8.6500E+00
              2                  9               6918         1.0000E+01
              2                 10               4715         1.1450E+01
              2                 11               2096         1.3000E+01
              2                 12                974         1.4650E+01
              2                 13                313         1.6400E+01
              2                 14                 51         1.8250E+01
              2                 15                 10         2.0200E+01
              3                 -3                  3         6.5000E-01
              3                 -2                 37         9.0000E-01
              3                 -1                 64         1.2500E+00
              3                  0                174         1.7000E+00
              3                  1                120         2.2500E+00
              3                  2                145         2.9000E+00
              3                  3                363         3.6500E+00
              3                  4                937         4.5000E+00
              3                  5               1284         5.4500E+00
              3                  6               2061         6.5000E+00
              3                  7               2850         7.6500E+00
              3                  8               2990         8.9000E+00
              3                  9               2326         1.0250E+01
              3                 10               1080         1.1700E+01
              3                 11                554         1.3250E+01
              3                 12                170         1.4900E+01
              3                 13                 86         1.6650E+01
              3                 14                 52         1.8500E+01
              3                 15                 10         2.0450E+01
              4                 -2                  5         1.2500E+00
              4                 -1                  5         1.6000E+00
              4                  0                 20         2.0500E+00
              4                  1                 57         2.6000E+00
              4                  2                 29         3.2500E+00
              4                  3                 98         4.0000E+00
              4                  4                163         4.8500E+00
              4                  5                257         5.8000E+00
              4                  6                368         6.8500E+00
              4                  7                405         8.0000E+00
              4                  8                279         9.2500E+00
              4                  9                117         1.0600E+01
              4                 10                 98         1.2050E+01
              4                 11                 46         1.3600E+01
              4                 12                 20         1.5250E+01
              4                 13                 34         1.7000E+01
              4                 14                  2         1.8850E+01
              5                 -1                  2         2.0500E+00
              5                  0                  2         2.5000E+00
              5                  1                  1         3.0500E+00
              5                  2                  3         3.7000E+00
              5                  3                  2         4.4500E+00
              5                  4                  8         5.3000E+00
              5                  5                 26         6.2500E+00
              5                  6                 34         7.3000E+00
              5                  7                 61         8.4500E+00
              5                  8                 43         9.7000E+00
              5                  9                 29         1.1050E+01
              5                 10                  1         1.2500E+01
              5                 11                 12         1.4050E+01
              5                 12                  6         1.5700E+01
              5                 13                  3         1.7450E+01
              5                 14                  2         1.9300E+01
              6                  4                  1         5.8500E+00
              6                  5                  1         6.8000E+00
              6                  6                  7         7.8500E+00
              6                  7                  1         9.0000E+00
              6                  8                  2         1.0250E+01
              6                  9                  3         1.1600E+01
              6                 11                  3         1.4600E+01
              6                 13                  1         1.8000E+01
