  #Crystal Size      Water Content              Count               Bias
              0                 -2                  2         2.0000E-01
              0                 -1                164         5.0000E-02
              0                  0              11661         0.0000E+00
              0                  1              43292         5.0000E-02
              0                  2             127890         2.0000E-01
              0                  3             285736         4.5000E-01
              0                  4             492552         8.0000E-01
              0                  5             636622         1.2500E+00
              0                  6             670187         1.8000E+00
              0                  7             595916         2.4500E+00
              0                  8             464377         3.2000E+00
              0                  9             334943         4.0500E+00
              0                 10             216137         5.0000E+00
              0                 11             122306         6.0500E+00
              0                 12              62273         7.2000E+00
              0                 13              29795         8.4500E+00
              0                 14              13867         9.8000E+00
              0                 15               6007         1.1250E+01
              0                 16               2103         1.2800E+01
              0                 17                705         1.4450E+01
              0                 18                125         1.6200E+01
              0                 19                  2         1.8050E+01
              1                 -1                  2         1.0000E-01
              1                  0               1968         5.0000E-02
              1                  1               6659         1.0000E-01
              1                  2              22007         2.5000E-01
              1                  3              53182         5.0000E-01
              1                  4              91626         8.5000E-01
              1                  5             119818         1.3000E+00
              1                  6             132123         1.8500E+00
              1                  7             117186         2.5000E+00
              1                  8              90211         3.2500E+00
              1                  9              66396         4.1000E+00
              1                 10              46135         5.0500E+00
              1                 11              31114         6.1000E+00
              1                 12              17567         7.2500E+00
              1                 13               9872         8.5000E+00
              1                 14               5183         9.8500E+00
              1                 15               3135         1.1300E+01
              1                 16               1503         1.2850E+01
              1                 17                534         1.4500E+01
              1                 18                239         1.6250E+01
              1                 19                 35         1.8100E+01
              2                  0                130         2.0000E-01
              2                  1                588         2.5000E-01
              2                  2               1706         4.0000E-01
              2                  3               4199         6.5000E-01
              2                  4               7038         1.0000E+00
              2                  5               8595         1.4500E+00
              2                  6               8913         2.0000E+00
              2                  7               7978         2.6500E+00
              2                  8               6327         3.4000E+00
              2                  9               4513         4.2500E+00
              2                 10               3102         5.2000E+00
              2                 11               1793         6.2500E+00
              2                 12               1235         7.4000E+00
              2                 13                599         8.6500E+00
              2                 14                369         1.0000E+01
              2                 15                155         1.1450E+01
              2                 16                 44         1.3000E+01
              2                 17                  9         1.4650E+01
              2                 18                  2         1.6400E+01
              3                 -1                  6         5.0000E-01
              3                  0                 19         4.5000E-01
              3                  1                 77         5.0000E-01
              3                  2                337         6.5000E-01
              3                  3                592         9.0000E-01
              3                  4               1165         1.2500E+00
              3                  5               1332         1.7000E+00
              3                  6               1445         2.2500E+00
              3                  7               1266         2.9000E+00
              3                  8                927         3.6500E+00
              3                  9                567         4.5000E+00
              3                 10                434         5.4500E+00
              3                 11                150         6.5000E+00
              3                 12                159         7.6500E+00
              3                 13                111         8.9000E+00
              3                 14                 85         1.0250E+01
              3                 15                 54         1.1700E+01
              3                 16                 36         1.3250E+01
              3                 17                 18         1.4900E+01
              3                 18                  3         1.6650E+01
              4                 -1                  8         8.5000E-01
              4                  0                 13         8.0000E-01
              4                  1                  6         8.5000E-01
              4                  2                 33         1.0000E+00
              4                  3                 32         1.2500E+00
              4                  4                 88         1.6000E+00
              4                  5                 99         2.0500E+00
              4                  6                151         2.6000E+00
              4                  7                108         3.2500E+00
              4                  8                 55         4.0000E+00
              4                  9                 59         4.8500E+00
              4                 10                 26         5.8000E+00
              4                 11                 10         6.8500E+00
              4                 12                  4         8.0000E+00
              4                 13                  8         9.2500E+00
              4                 14                  5         1.0600E+01
              4                 15                 18         1.2050E+01
              4                 16                  3         1.3600E+01
              5                  1                  1         1.3000E+00
              5                  2                  1         1.4500E+00
              5                  4                 16         2.0500E+00
              5                  5                  7         2.5000E+00
              5                  6                  6         3.0500E+00
              5                  7                  4         3.7000E+00
              5                  8                  3         4.4500E+00
              5                  9                  1         5.3000E+00
