  #Crystal Size      Water Content              Count               Bias
              0                  0                397         1.2500E+00
              0                  1               1394         1.3000E+00
              0                  2               5179         1.4500E+00
              0                  3              12838         1.7000E+00
              0                  4              26288         2.0500E+00
              0                  5              47127         2.5000E+00
              0                  6              72334         3.0500E+00
              0                  7             107087         3.7000E+00
              0                  8             153492         4.4500E+00
              0                  9             194569         5.3000E+00
              0                 10             219256         6.2500E+00
              0                 11             200431         7.3000E+00
              0                 12             152368         8.4500E+00
              0                 13              92228         9.7000E+00
              0                 14              43731         1.1050E+01
              0                 15              16429         1.2500E+01
              0                 16               5169         1.4050E+01
              0                 17               1170         1.5700E+01
              0                 18                139         1.7450E+01
              0                 19                 50         1.9300E+01
              1                  0                322         8.0000E-01
              1                  1               1378         8.5000E-01
              1                  2               3967         1.0000E+00
              1                  3               9750         1.2500E+00
              1                  4              20773         1.6000E+00
              1                  5              36058         2.0500E+00
              1                  6              57895         2.6000E+00
              1                  7              94838         3.2500E+00
              1                  8             147394         4.0000E+00
              1                  9             205647         4.8500E+00
              1                 10             241932         5.8000E+00
              1                 11             225964         6.8500E+00
              1                 12             168262         8.0000E+00
              1                 13              97547         9.2500E+00
              1                 14              44136         1.0600E+01
              1                 15              15192         1.2050E+01
              1                 16               3803         1.3600E+01
              1                 17                746         1.5250E+01
              1                 18                 56         1.7000E+01
              1                 19                 10         1.8850E+01
              2                 -1                  2         5.0000E-01
              2                  0                347         4.5000E-01
              2                  1               1154         5.0000E-01
              2                  2               2487         6.5000E-01
              2                  3               5376         9.0000E-01
              2                  4              10222         1.2500E+00
              2                  5              17068         1.7000E+00
              2                  6              27538         2.2500E+00
              2                  7              42691         2.9000E+00
              2                  8              62865         3.6500E+00
              2                  9              85495         4.5000E+00
              2                 10              96136         5.4500E+00
              2                 11              85920         6.5000E+00
              2                 12              61717         7.6500E+00
              2                 13              35078         8.9000E+00
              2                 14              17413         1.0250E+01
              2                 15               5761         1.1700E+01
              2                 16               1686         1.3250E+01
              2                 17                590         1.4900E+01
              2                 18                123         1.6650E+01
              2                 19                 18         1.8500E+01
              3                  0                442         2.0000E-01
              3                  1               1496         2.5000E-01
              3                  2               3025         4.0000E-01
              3                  3               6169         6.5000E-01
              3                  4              11356         1.0000E+00
              3                  5              17882         1.4500E+00
              3                  6              26235         2.0000E+00
              3                  7              37954         2.6500E+00
              3                  8              52255         3.4000E+00
              3                  9              69437         4.2500E+00
              3                 10              78019         5.2000E+00
              3                 11              70767         6.2500E+00
              3                 12              50950         7.4000E+00
              3                 13              30272         8.6500E+00
              3                 14              16036         1.0000E+01
              3                 15               5698         1.1450E+01
              3                 16               1781         1.3000E+01
              3                 17                486         1.4650E+01
              3                 18                 62         1.6400E+01
              3                 19                  2         1.8250E+01
              4                 -1                  1         1.0000E-01
              4                  0                355         5.0000E-02
              4                  1               1199         1.0000E-01
              4                  2               2555         2.5000E-01
              4                  3               5715         5.0000E-01
              4                  4              10669         8.5000E-01
              4                  5              17535         1.3000E+00
              4                  6              24970         1.8500E+00
              4                  7              33984         2.5000E+00
              4                  8              47004         3.2500E+00
              4                  9              55618         4.1000E+00
              4                 10              60092         5.0500E+00
              4                 11              54274         6.1000E+00
              4                 12              40692         7.2500E+00
              4                 13              24613         8.5000E+00
              4                 14              11553         9.8500E+00
              4                 15               4043         1.1300E+01
              4                 16               1310         1.2850E+01
              4                 17                196         1.4500E+01
              4                 18                 41         1.6250E+01
              4                 19                  1         1.8100E+01
              5                 -1                  7         5.0000E-02
              5                  0                606         0.0000E+00
              5                  1               1497         5.0000E-02
              5                  2               3313         2.0000E-01
              5                  3               5571         4.5000E-01
              5                  4               9368         8.0000E-01
              5                  5              14630         1.2500E+00
              5                  6              21688         1.8000E+00
              5                  7              28204         2.4500E+00
              5                  8              34937         3.2000E+00
              5                  9              37741         4.0500E+00
              5                 10              38327         5.0000E+00
              5                 11              31938         6.0500E+00
              5                 12              23181         7.2000E+00
              5                 13              14312         8.4500E+00
              5                 14               6572         9.8000E+00
              5                 15               2444         1.1250E+01
              5                 16                855         1.2800E+01
              5                 17                223         1.4450E+01
              5                 18                 32         1.6200E+01
              6                 -1                 26         1.0000E-01
              6                  0               1184         5.0000E-02
              6                  1               2512         1.0000E-01
              6                  2               4608         2.5000E-01
              6                  3               6766         5.0000E-01
              6                  4               9850         8.5000E-01
              6                  5              12739         1.3000E+00
              6                  6              17365         1.8500E+00
              6                  7              22306         2.5000E+00
              6                  8              26639         3.2500E+00
              6                  9              28462         4.1000E+00
              6                 10              26339         5.0500E+00
              6                 11              19867         6.1000E+00
              6                 12              13716         7.2500E+00
              6                 13               7355         8.5000E+00
              6                 14               3233         9.8500E+00
              6                 15               1139         1.1300E+01
              6                 16                404         1.2850E+01
              6                 17                100         1.4500E+01
              6                 18                 37         1.6250E+01
              7                 -2                  2         4.0000E-01
              7                 -1                 72         2.5000E-01
              7                  0               1876         2.0000E-01
              7                  1               3078         2.5000E-01
              7                  2               4660         4.0000E-01
              7                  3               6069         6.5000E-01
              7                  4               7951         1.0000E+00
              7                  5              10448         1.4500E+00
              7                  6              13405         2.0000E+00
              7                  7              17845         2.6500E+00
              7                  8              22043         3.4000E+00
              7                  9              23224         4.2500E+00
              7                 10              20234         5.2000E+00
              7                 11              14156         6.2500E+00
              7                 12               8561         7.4000E+00
              7                 13               4384         8.6500E+00
              7                 14               1638         1.0000E+01
              7                 15                494         1.1450E+01
              7                 16                281         1.3000E+01
              7                 17                112         1.4650E+01
              7                 18                 39         1.6400E+01
              8                 -2                  1         6.5000E-01
              8                 -1                 72         5.0000E-01
              8                  0               1642         4.5000E-01
              8                  1               2646         5.0000E-01
              8                  2               4099         6.5000E-01
              8                  3               4952         9.0000E-01
              8                  4               6387         1.2500E+00
              8                  5               7919         1.7000E+00
              8                  6              10302         2.2500E+00
              8                  7              13463         2.9000E+00
              8                  8              16577         3.6500E+00
              8                  9              17159         4.5000E+00
              8                 10              13893         5.4500E+00
              8                 11               8786         6.5000E+00
              8                 12               4695         7.6500E+00
              8                 13               2317         8.9000E+00
              8                 14                782         1.0250E+01
              8                 15                233         1.1700E+01
              8                 16                109         1.3250E+01
              8                 17                 23         1.4900E+01
              8                 18                 11         1.6650E+01
              9                 -2                  7         1.0000E+00
              9                 -1                 85         8.5000E-01
              9                  0                980         8.0000E-01
              9                  1               1287         8.5000E-01
              9                  2               2217         1.0000E+00
              9                  3               2790         1.2500E+00
              9                  4               3706         1.6000E+00
              9                  5               4444         2.0500E+00
              9                  6               5606         2.6000E+00
              9                  7               7483         3.2500E+00
              9                  8               8907         4.0000E+00
              9                  9               7555         4.8500E+00
              9                 10               5909         5.8000E+00
              9                 11               3910         6.8500E+00
              9                 12               1697         8.0000E+00
              9                 13                639         9.2500E+00
              9                 14                173         1.0600E+01
              9                 15                 79         1.2050E+01
              9                 16                 47         1.3600E+01
              9                 17                  2         1.5250E+01
             10                 -1                 10         1.3000E+00
             10                  0                256         1.2500E+00
             10                  1                506         1.3000E+00
             10                  2                767         1.4500E+00
             10                  3                824         1.7000E+00
             10                  4               1238         2.0500E+00
             10                  5               1620         2.5000E+00
             10                  6               2038         3.0500E+00
             10                  7               2861         3.7000E+00
             10                  8               2824         4.4500E+00
             10                  9               2381         5.3000E+00
             10                 10               1579         6.2500E+00
             10                 11                776         7.3000E+00
             10                 12                383         8.4500E+00
             10                 13                116         9.7000E+00
             10                 14                 19         1.1050E+01
             11                  0                 37         1.8000E+00
             11                  1                 89         1.8500E+00
             11                  2                170         2.0000E+00
             11                  3                147         2.2500E+00
             11                  4                277         2.6000E+00
             11                  5                340         3.0500E+00
             11                  6                355         3.6000E+00
             11                  7                509         4.2500E+00
             11                  8                587         5.0000E+00
             11                  9                510         5.8500E+00
             11                 10                321         6.8000E+00
             11                 11                122         7.8500E+00
             11                 12                 20         9.0000E+00
             11                 13                  3         1.0250E+01
             12                  0                  3         2.4500E+00
             12                  1                 10         2.5000E+00
             12                  2                  7         2.6500E+00
             12                  3                 12         2.9000E+00
             12                  4                 44         3.2500E+00
             12                  5                 45         3.7000E+00
             12                  6                 36         4.2500E+00
             12                  7                 36         4.9000E+00
             12                  8                 32         5.6500E+00
             12                  9                 32         6.5000E+00
             12                 10                 18         7.4500E+00
             12                 11                  4         8.5000E+00
             13                  4                  1         4.0000E+00
             13                  8                  1         6.4000E+00
             13                 10                  1         8.2000E+00
