  #Crystal Size      Water Content              Count               Bias
              0                 -6                 66         2.0500E+00
              0                 -5                440         2.5000E+00
              0                 -4               1935         3.0500E+00
              0                 -3               8428         3.7000E+00
              0                 -2              31158         4.4500E+00
              0                 -1              76512         5.3000E+00
              0                  0             618053         6.2500E+00
              0                  1             542194         7.3000E+00
              0                  2             472083         8.4500E+00
              0                  3             317155         9.7000E+00
              0                  4             174661         1.1050E+01
              0                  5              81007         1.2500E+01
              0                  6              32163         1.4050E+01
              0                  7              10660         1.5700E+01
              0                  8               3170         1.7450E+01
              0                  9                654         1.9300E+01
              0                 10                170         2.1250E+01
              0                 11                  4         2.3300E+01
              1                 -6                 35         1.6000E+00
              1                 -5                139         2.0500E+00
              1                 -4                582         2.6000E+00
              1                 -3               2065         3.2500E+00
              1                 -2               6849         4.0000E+00
              1                 -1              15403         4.8500E+00
              1                  0             126559         5.8000E+00
              1                  1             119809         6.8500E+00
              1                  2             113927         8.0000E+00
              1                  3              85934         9.2500E+00
              1                  4              50075         1.0600E+01
              1                  5              25501         1.2050E+01
              1                  6               9615         1.3600E+01
              1                  7               2917         1.5250E+01
              1                  8                945         1.7000E+01
              1                  9                365         1.8850E+01
              1                 10                157         2.0800E+01
              1                 11                 14         2.2850E+01
              2                 -6                  1         1.2500E+00
              2                 -5                 83         1.7000E+00
              2                 -4                193         2.2500E+00
              2                 -3                825         2.9000E+00
              2                 -2               2451         3.6500E+00
              2                 -1               4944         4.5000E+00
              2                  0              32222         5.4500E+00
              2                  1              30786         6.5000E+00
              2                  2              27972         7.6500E+00
              2                  3              24938         8.9000E+00
              2                  4              15778         1.0250E+01
              2                  5               8719         1.1700E+01
              2                  6               3926         1.3250E+01
              2                  7               1820         1.4900E+01
              2                  8                471         1.6650E+01
              2                  9                107         1.8500E+01
              2                 10                 16         2.0450E+01
              2                 11                  2         2.2500E+01
              3                 -5                 27         1.4500E+00
              3                 -4                223         2.0000E+00
              3                 -3               1025         2.6500E+00
              3                 -2               2920         3.4000E+00
              3                 -1               5767         4.2500E+00
              3                  0              36186         5.2000E+00
              3                  1              29052         6.2500E+00
              3                  2              25573         7.4000E+00
              3                  3              20738         8.6500E+00
              3                  4              13335         1.0000E+01
              3                  5               6961         1.1450E+01
              3                  6               2381         1.3000E+01
              3                  7                801         1.4650E+01
              3                  8                173         1.6400E+01
              3                  9                 17         1.8250E+01
              3                 10                 26         2.0200E+01
              3                 11                 11         2.2250E+01
              4                 -5                 26         1.3000E+00
              4                 -4                318         1.8500E+00
              4                 -3               1624         2.5000E+00
              4                 -2               4201         3.2500E+00
              4                 -1               8854         4.1000E+00
              4                  0              48076         5.0500E+00
              4                  1              34881         6.1000E+00
              4                  2              27970         7.2500E+00
              4                  3              21296         8.5000E+00
              4                  4              13728         9.8500E+00
              4                  5               6010         1.1300E+01
              4                  6               1948         1.2850E+01
              4                  7                388         1.4500E+01
              4                  8                 73         1.6250E+01
              4                  9                  6         1.8100E+01
              4                 10                  3         2.0050E+01
              4                 11                  1         2.2100E+01
              5                 -5                 20         1.2500E+00
              5                 -4                517         1.8000E+00
              5                 -3               2339         2.4500E+00
              5                 -2               6815         3.2000E+00
              5                 -1              13947         4.0500E+00
              5                  0              70151         5.0000E+00
              5                  1              49595         6.0500E+00
              5                  2              36390         7.2000E+00
              5                  3              22978         8.4500E+00
              5                  4              12461         9.8000E+00
              5                  5               4962         1.1250E+01
              5                  6               1337         1.2800E+01
              5                  7                276         1.4450E+01
              5                  8                 70         1.6200E+01
              5                  9                 11         1.8050E+01
              6                 -5                136         1.3000E+00
              6                 -4               1140         1.8500E+00
              6                 -3               4581         2.5000E+00
              6                 -2              11038         3.2500E+00
              6                 -1              19652         4.1000E+00
              6                  0              92945         5.0500E+00
              6                  1              60425         6.1000E+00
              6                  2              44248         7.2500E+00
              6                  3              27618         8.5000E+00
              6                  4              14632         9.8500E+00
              6                  5               5443         1.1300E+01
              6                  6               1674         1.2850E+01
              6                  7                350         1.4500E+01
              6                  8                 30         1.6250E+01
              7                 -6                 11         1.0000E+00
              7                 -5                271         1.4500E+00
              7                 -4               1492         2.0000E+00
              7                 -3               5981         2.6500E+00
              7                 -2              14135         3.4000E+00
              7                 -1              23718         4.2500E+00
              7                  0              94850         5.2000E+00
              7                  1              59403         6.2500E+00
              7                  2              40793         7.4000E+00
              7                  3              22577         8.6500E+00
              7                  4              11143         1.0000E+01
              7                  5               4026         1.1450E+01
              7                  6               1159         1.3000E+01
              7                  7                226         1.4650E+01
              7                  8                 32         1.6400E+01
              8                 -6                 39         1.2500E+00
              8                 -5                343         1.7000E+00
              8                 -4               2262         2.2500E+00
              8                 -3               7453         2.9000E+00
              8                 -2              16326         3.6500E+00
              8                 -1              22921         4.5000E+00
              8                  0              90000         5.4500E+00
              8                  1              55093         6.5000E+00
              8                  2              36655         7.6500E+00
              8                  3              18767         8.9000E+00
              8                  4               8156         1.0250E+01
              8                  5               3075         1.1700E+01
              8                  6                824         1.3250E+01
              8                  7                133         1.4900E+01
              8                  8                 36         1.6650E+01
              9                 -7                  2         1.2500E+00
              9                 -6                 93         1.6000E+00
              9                 -5                697         2.0500E+00
              9                 -4               2560         2.6000E+00
              9                 -3               7053         3.2500E+00
              9                 -2              14598         4.0000E+00
              9                 -1              20738         4.8500E+00
              9                  0              77831         5.8000E+00
              9                  1              45591         6.8500E+00
              9                  2              30928         8.0000E+00
              9                  3              16133         9.2500E+00
              9                  4               6025         1.0600E+01
              9                  5               2081         1.2050E+01
              9                  6                446         1.3600E+01
              9                  7                 96         1.5250E+01
              9                  8                  1         1.7000E+01
             10                 -7                  4         1.7000E+00
             10                 -6                 90         2.0500E+00
             10                 -5                696         2.5000E+00
             10                 -4               2278         3.0500E+00
             10                 -3               5685         3.7000E+00
             10                 -2              11804         4.4500E+00
             10                 -1              15670         5.3000E+00
             10                  0              58960         6.2500E+00
             10                  1              34280         7.3000E+00
             10                  2              20470         8.4500E+00
             10                  3              10866         9.7000E+00
             10                  4               4079         1.1050E+01
             10                  5               1204         1.2500E+01
             10                  6                289         1.4050E+01
             10                  7                 27         1.5700E+01
             11                 -7                  7         2.2500E+00
             11                 -6                124         2.6000E+00
             11                 -5                483         3.0500E+00
             11                 -4               1643         3.6000E+00
             11                 -3               3974         4.2500E+00
             11                 -2               6827         5.0000E+00
             11                 -1               9457         5.8500E+00
             11                  0              35015         6.8000E+00
             11                  1              19722         7.8500E+00
             11                  2              12161         9.0000E+00
             11                  3               5407         1.0250E+01
             11                  4               2052         1.1600E+01
             11                  5                506         1.3050E+01
             11                  6                 80         1.4600E+01
             11                  7                  7         1.6250E+01
             12                 -6                 27         3.2500E+00
             12                 -5                238         3.7000E+00
             12                 -4                921         4.2500E+00
             12                 -3               1813         4.9000E+00
             12                 -2               3102         5.6500E+00
             12                 -1               4234         6.5000E+00
             12                  0              15686         7.4500E+00
             12                  1               9022         8.5000E+00
             12                  2               5380         9.6500E+00
             12                  3               2333         1.0900E+01
             12                  4                795         1.2250E+01
             12                  5                115         1.3700E+01
             12                  6                  6         1.5250E+01
             13                 -6                 29         4.0000E+00
             13                 -5                 98         4.4500E+00
             13                 -4                310         5.0000E+00
             13                 -3                664         5.6500E+00
             13                 -2               1154         6.4000E+00
             13                 -1               1352         7.2500E+00
             13                  0               5683         8.2000E+00
             13                  1               3461         9.2500E+00
             13                  2               1774         1.0400E+01
             13                  3                640         1.1650E+01
             13                  4                256         1.3000E+01
             13                  5                 54         1.4450E+01
             14                 -5                 22         5.3000E+00
             14                 -4                 69         5.8500E+00
             14                 -3                108         6.5000E+00
             14                 -2                224         7.2500E+00
             14                 -1                370         8.1000E+00
             14                  0               1105         9.0500E+00
             14                  1                445         1.0100E+01
             14                  2                239         1.1250E+01
             14                  3                180         1.2500E+01
             14                  4                 36         1.3850E+01
             14                  5                 19         1.5300E+01
             14                  6                  2         1.6850E+01
             15                 -4                  1         6.8000E+00
             15                 -3                  4         7.4500E+00
             15                 -2                  4         8.2000E+00
             15                 -1                 37         9.0500E+00
             15                  0                189         1.0000E+01
             15                  1                 66         1.1050E+01
             15                  2                 25         1.2200E+01
             15                  3                  9         1.3450E+01
             15                  4                  1         1.4800E+01
