  #Crystal Size      Water Content              Count               Bias
              0                 -8                 12         3.7000E+00
              0                 -7                379         4.4500E+00
              0                 -6               2717         5.3000E+00
              0                 -5              11880         6.2500E+00
              0                 -4              34715         7.3000E+00
              0                 -3              53452         8.4500E+00
              0                 -2              54688         9.7000E+00
              0                 -1              38746         1.1050E+01
              0                  0              79022         1.2500E+01
              0                  1              26272         1.4050E+01
              0                  2               9796         1.5700E+01
              0                  3               3215         1.7450E+01
              0                  4                687         1.9300E+01
              0                  5                195         2.1250E+01
              0                  6                  5         2.3300E+01
              1                 -9                  1         2.6000E+00
              1                 -8                  8         3.2500E+00
              1                 -7                 58         4.0000E+00
              1                 -6                281         4.8500E+00
              1                 -5               1043         5.8000E+00
              1                 -4               3363         6.8500E+00
              1                 -3               7957         8.0000E+00
              1                 -2              12295         9.2500E+00
              1                 -1              16601         1.0600E+01
              1                  0              80646         1.2050E+01
              1                  1              38786         1.3600E+01
              1                  2              18104         1.5250E+01
              1                  3               6399         1.7000E+01
              1                  4               1397         1.8850E+01
              1                  5                213         2.0800E+01
              1                  6                  4         2.2850E+01
              2                 -9                 14         2.2500E+00
              2                 -8                 64         2.9000E+00
              2                 -7                198         3.6500E+00
              2                 -6                495         4.5000E+00
              2                 -5               1234         5.4500E+00
              2                 -4               2725         6.5000E+00
              2                 -3               4560         7.6500E+00
              2                 -2               7628         8.9000E+00
              2                 -1              11061         1.0250E+01
              2                  0              52174         1.1700E+01
              2                  1              23023         1.3250E+01
              2                  2              11436         1.4900E+01
              2                  3               4126         1.6650E+01
              2                  4               1157         1.8500E+01
              2                  5                280         2.0450E+01
              2                  6                 21         2.2500E+01
              3                 -9                 10         2.0000E+00
              3                 -8                129         2.6500E+00
              3                 -7                347         3.4000E+00
              3                 -6                914         4.2500E+00
              3                 -5               2030         5.2000E+00
              3                 -4               3885         6.2500E+00
              3                 -3               6946         7.4000E+00
              3                 -2              10229         8.6500E+00
              3                 -1              13584         1.0000E+01
              3                  0              72039         1.1450E+01
              3                  1              33244         1.3000E+01
              3                  2              16934         1.4650E+01
              3                  3               6624         1.6400E+01
              3                  4               1846         1.8250E+01
              3                  5                426         2.0200E+01
              3                  6                 44         2.2250E+01
              3                  7                  1         2.4400E+01
              4                 -9                  4         1.8500E+00
              4                 -8                 83         2.5000E+00
              4                 -7                541         3.2500E+00
              4                 -6               1462         4.1000E+00
              4                 -5               3324         5.0500E+00
              4                 -4               5939         6.1000E+00
              4                 -3              10472         7.2500E+00
              4                 -2              13901         8.5000E+00
              4                 -1              16176         9.8500E+00
              4                  0              83306         1.1300E+01
              4                  1              38943         1.2850E+01
              4                  2              18499         1.4500E+01
              4                  3               7358         1.6250E+01
              4                  4               2110         1.8100E+01
              4                  5                376         2.0050E+01
              4                  6                 79         2.2100E+01
              4                  7                  8         2.4250E+01
              5                -10                 22         1.2500E+00
              5                 -9                 32         1.8000E+00
              5                 -8                241         2.4500E+00
              5                 -7               1211         3.2000E+00
              5                 -6               2946         4.0500E+00
              5                 -5               6672         5.0000E+00
              5                 -4              11707         6.0500E+00
              5                 -3              17292         7.2000E+00
              5                 -2              22731         8.4500E+00
              5                 -1              24913         9.8000E+00
              5                  0             104616         1.1250E+01
              5                  1              51755         1.2800E+01
              5                  2              24084         1.4450E+01
              5                  3               9549         1.6200E+01
              5                  4               2576         1.8050E+01
              5                  5                659         2.0000E+01
              5                  6                 70         2.2050E+01
              5                  7                 11         2.4200E+01
              6                -11                  1         8.5000E-01
              6                -10                 38         1.3000E+00
              6                 -9                186         1.8500E+00
              6                 -8                738         2.5000E+00
              6                 -7               2171         3.2500E+00
              6                 -6               5383         4.1000E+00
              6                 -5              10981         5.0500E+00
              6                 -4              17837         6.1000E+00
              6                 -3              26866         7.2500E+00
              6                 -2              34364         8.5000E+00
              6                 -1              35824         9.8500E+00
              6                  0             140429         1.1300E+01
              6                  1              65527         1.2850E+01
              6                  2              31139         1.4500E+01
              6                  3              11943         1.6250E+01
              6                  4               3637         1.8100E+01
              6                  5                939         2.0050E+01
              6                  6                148         2.2100E+01
              6                  7                 24         2.4250E+01
              7                -11                  3         1.0000E+00
              7                -10                142         1.4500E+00
              7                 -9                557         2.0000E+00
              7                 -8               2016         2.6500E+00
              7                 -7               5235         3.4000E+00
              7                 -6              10343         4.2500E+00
              7                 -5              18030         5.2000E+00
              7                 -4              27665         6.2500E+00
              7                 -3              37114         7.4000E+00
              7                 -2              44836         8.6500E+00
              7                 -1              46338         1.0000E+01
              7                  0             159303         1.1450E+01
              7                  1              70377         1.3000E+01
              7                  2              32131         1.4650E+01
              7                  3              11519         1.6400E+01
              7                  4               3734         1.8250E+01
              7                  5                849         2.0200E+01
              7                  6                209         2.2250E+01
              7                  7                 15         2.4400E+01
              8                -11                 34         1.2500E+00
              8                -10                215         1.7000E+00
              8                 -9               1222         2.2500E+00
              8                 -8               4212         2.9000E+00
              8                 -7               9953         3.6500E+00
              8                 -6              19000         4.5000E+00
              8                 -5              30684         5.4500E+00
              8                 -4              43010         6.5000E+00
              8                 -3              52943         7.6500E+00
              8                 -2              56756         8.9000E+00
              8                 -1              49988         1.0250E+01
              8                  0             147788         1.1700E+01
              8                  1              60925         1.3250E+01
              8                  2              27049         1.4900E+01
              8                  3               9314         1.6650E+01
              8                  4               2598         1.8500E+01
              8                  5                443         2.0450E+01
              8                  6                 27         2.2500E+01
              8                  7                  3         2.4650E+01
              9                -11                 57         1.6000E+00
              9                -10                408         2.0500E+00
              9                 -9               2438         2.6000E+00
              9                 -8               8640         3.2500E+00
              9                 -7              21750         4.0000E+00
              9                 -6              40967         4.8500E+00
              9                 -5              58148         5.8000E+00
              9                 -4              73419         6.8500E+00
              9                 -3              77115         8.0000E+00
              9                 -2              70926         9.2500E+00
              9                 -1              52061         1.0600E+01
              9                  0             115932         1.2050E+01
              9                  1              40357         1.3600E+01
              9                  2              16119         1.5250E+01
              9                  3               5068         1.7000E+01
              9                  4               1224         1.8850E+01
              9                  5                178         2.0800E+01
              9                  6                 25         2.2850E+01
             10                -12                  1         1.7000E+00
             10                -11                 53         2.0500E+00
             10                -10                498         2.5000E+00
             10                 -9               4171         3.0500E+00
             10                 -8              17041         3.7000E+00
             10                 -7              41496         4.4500E+00
             10                 -6              67924         5.3000E+00
             10                 -5              90602         6.2500E+00
             10                 -4              99132         7.3000E+00
             10                 -3              91176         8.4500E+00
             10                 -2              71025         9.7000E+00
             10                 -1              45780         1.1050E+01
             10                  0              82232         1.2500E+01
             10                  1              23613         1.4050E+01
             10                  2               8150         1.5700E+01
             10                  3               2218         1.7450E+01
             10                  4                506         1.9300E+01
             10                  5                 64         2.1250E+01
             10                  6                  8         2.3300E+01
             11                -12                  5         2.2500E+00
             11                -11                134         2.6000E+00
             11                -10                988         3.0500E+00
             11                 -9               6119         3.6000E+00
             11                 -8              22246         4.2500E+00
             11                 -7              48543         5.0000E+00
             11                 -6              74138         5.8500E+00
             11                 -5              88731         6.8000E+00
             11                 -4              91658         7.8500E+00
             11                 -3              76719         9.0000E+00
             11                 -2              54079         1.0250E+01
             11                 -1              32806         1.1600E+01
             11                  0              52264         1.3050E+01
             11                  1              13689         1.4600E+01
             11                  2               4034         1.6250E+01
             11                  3                859         1.8000E+01
             11                  4                162         1.9850E+01
             11                  5                 22         2.1800E+01
             11                  6                  2         2.3850E+01
             12                -12                  5         2.9000E+00
             12                -11                102         3.2500E+00
             12                -10                871         3.7000E+00
             12                 -9               4941         4.2500E+00
             12                 -8              15233         4.9000E+00
             12                 -7              31790         5.6500E+00
             12                 -6              46490         6.5000E+00
             12                 -5              53946         7.4500E+00
             12                 -4              52487         8.5000E+00
             12                 -3              42978         9.6500E+00
             12                 -2              29925         1.0900E+01
             12                 -1              18605         1.2250E+01
             12                  0              28215         1.3700E+01
             12                  1               6252         1.5250E+01
             12                  2               1776         1.6900E+01
             12                  3                365         1.8650E+01
             12                  4                 68         2.0500E+01
             12                  5                 10         2.2450E+01
             13                -11                 37         4.0000E+00
             13                -10                379         4.4500E+00
             13                 -9               1781         5.0000E+00
             13                 -8               5588         5.6500E+00
             13                 -7              10569         6.4000E+00
             13                 -6              16705         7.2500E+00
             13                 -5              20993         8.2000E+00
             13                 -4              23270         9.2500E+00
             13                 -3              20415         1.0400E+01
             13                 -2              14131         1.1650E+01
             13                 -1               8529         1.3000E+01
             13                  0              14298         1.4450E+01
             13                  1               3329         1.6000E+01
             13                  2                947         1.7650E+01
             13                  3                281         1.9400E+01
             13                  4                 70         2.1250E+01
             13                  5                 15         2.3200E+01
             14                -11                 19         4.8500E+00
             14                -10                 92         5.3000E+00
             14                 -9                412         5.8500E+00
             14                 -8               1454         6.5000E+00
             14                 -7               2907         7.2500E+00
             14                 -6               5539         8.1000E+00
             14                 -5               8316         9.0500E+00
             14                 -4               8776         1.0100E+01
             14                 -3               8246         1.1250E+01
             14                 -2               6181         1.2500E+01
             14                 -1               3634         1.3850E+01
             14                  0               5812         1.5300E+01
             14                  1               1538         1.6850E+01
             14                  2                459         1.8500E+01
             14                  3                120         2.0250E+01
             14                  4                 59         2.2100E+01
             14                  5                 27         2.4050E+01
             15                -11                  1         5.8000E+00
             15                -10                 10         6.2500E+00
             15                 -9                154         6.8000E+00
             15                 -8                335         7.4500E+00
             15                 -7                813         8.2000E+00
             15                 -6               1712         9.0500E+00
             15                 -5               3028         1.0000E+01
             15                 -4               3168         1.1050E+01
             15                 -3               2698         1.2200E+01
             15                 -2               1670         1.3450E+01
             15                 -1                961         1.4800E+01
             15                  0               1798         1.6250E+01
             15                  1                294         1.7800E+01
             15                  2                100         1.9450E+01
             15                  3                 29         2.1200E+01
             15                  4                  6         2.3050E+01
             16                -10                  7         7.3000E+00
             16                 -9                 52         7.8500E+00
             16                 -8                 34         8.5000E+00
             16                 -7                179         9.2500E+00
             16                 -6                640         1.0100E+01
             16                 -5                930         1.1050E+01
             16                 -4                994         1.2100E+01
             16                 -3                928         1.3250E+01
             16                 -2                605         1.4500E+01
             16                 -1                208         1.5850E+01
             16                  0                396         1.7300E+01
             16                  1                 25         1.8850E+01
             16                  2                  3         2.0500E+01
             17                 -9                  5         9.0000E+00
             17                 -8                 10         9.6500E+00
             17                 -7                 35         1.0400E+01
             17                 -6                132         1.1250E+01
             17                 -5                142         1.2200E+01
             17                 -4                211         1.3250E+01
             17                 -3                124         1.4400E+01
             17                 -2                 49         1.5650E+01
             18                 -5                  3         1.3450E+01
             18                 -4                  8         1.4500E+01
             18                 -3                  4         1.5650E+01
             18                 -2                  3         1.6900E+01
             18                 -1                  1         1.8250E+01
