  #Crystal Size      Water Content              Count               Bias
              6                 -1                  4         1.0600E+01
              7                 -3                  1         8.6500E+00
              7                 -2                  3         8.9000E+00
              7                 -1                 13         9.2500E+00
              7                  0                  8         9.7000E+00
              7                  2                  3         1.0900E+01
              8                 -4                  1         7.2500E+00
              8                 -3                 20         7.4000E+00
              8                 -2                 34         7.6500E+00
              8                 -1                 68         8.0000E+00
              8                  0                 76         8.4500E+00
              8                  1                 48         9.0000E+00
              8                  2                 29         9.6500E+00
              8                  3                 25         1.0400E+01
              8                  4                 34         1.1250E+01
              8                  5                 48         1.2200E+01
              8                  6                 20         1.3250E+01
              8                  7                 14         1.4400E+01
              8                  8                  4         1.5650E+01
              9                 -5                  2         6.0500E+00
              9                 -4                 11         6.1000E+00
              9                 -3                 39         6.2500E+00
              9                 -2                181         6.5000E+00
              9                 -1                384         6.8500E+00
              9                  0                939         7.3000E+00
              9                  1                576         7.8500E+00
              9                  2                485         8.5000E+00
              9                  3                448         9.2500E+00
              9                  4                379         1.0100E+01
              9                  5                179         1.1050E+01
              9                  6                 80         1.2100E+01
              9                  7                 55         1.3250E+01
              9                  8                  9         1.4500E+01
              9                  9                  5         1.5850E+01
              9                 10                  2         1.7300E+01
             10                 -6                  6         5.0500E+00
             10                 -5                 36         5.0000E+00
             10                 -4                 76         5.0500E+00
             10                 -3                320         5.2000E+00
             10                 -2                681         5.4500E+00
             10                 -1               1300         5.8000E+00
             10                  0               5389         6.2500E+00
             10                  1               3328         6.8000E+00
             10                  2               3138         7.4500E+00
             10                  3               2553         8.2000E+00
             10                  4               1946         9.0500E+00
             10                  5               1035         1.0000E+01
             10                  6                493         1.1050E+01
             10                  7                160         1.2200E+01
             10                  8                 29         1.3450E+01
             10                  9                 22         1.4800E+01
             10                 10                 28         1.6250E+01
             10                 11                  4         1.7800E+01
             11                 -7                  2         4.2500E+00
             11                 -6                 23         4.1000E+00
             11                 -5                139         4.0500E+00
             11                 -4                263         4.1000E+00
             11                 -3                938         4.2500E+00
             11                 -2               2175         4.5000E+00
             11                 -1               4135         4.8500E+00
             11                  0              16122         5.3000E+00
             11                  1              11464         5.8500E+00
             11                  2              11379         6.5000E+00
             11                  3               9110         7.2500E+00
             11                  4               6818         8.1000E+00
             11                  5               4374         9.0500E+00
             11                  6               2019         1.0100E+01
             11                  7                755         1.1250E+01
             11                  8                193         1.2500E+01
             11                  9                101         1.3850E+01
             11                 10                 41         1.5300E+01
             11                 11                 28         1.6850E+01
             11                 12                  8         1.8500E+01
             12                 -8                  1         3.6500E+00
             12                 -7                 21         3.4000E+00
             12                 -6                 72         3.2500E+00
             12                 -5                447         3.2000E+00
             12                 -4               1334         3.2500E+00
             12                 -3               3294         3.4000E+00
             12                 -2               6622         3.6500E+00
             12                 -1              10184         4.0000E+00
             12                  0              38225         4.4500E+00
             12                  1              25932         5.0000E+00
             12                  2              23954         5.6500E+00
             12                  3              19660         6.4000E+00
             12                  4              14041         7.2500E+00
             12                  5               9430         8.2000E+00
             12                  6               4868         9.2500E+00
             12                  7               1854         1.0400E+01
             12                  8                724         1.1650E+01
             12                  9                143         1.3000E+01
             12                 10                 51         1.4450E+01
             12                 11                 18         1.6000E+01
             12                 12                 18         1.7650E+01
             12                 13                 14         1.9400E+01
             12                 14                  2         2.1250E+01
             13                 -8                  5         2.9000E+00
             13                 -7                 47         2.6500E+00
             13                 -6                377         2.5000E+00
             13                 -5               1544         2.4500E+00
             13                 -4               5018         2.5000E+00
             13                 -3              10701         2.6500E+00
             13                 -2              19497         2.9000E+00
             13                 -1              28412         3.2500E+00
             13                  0              92386         3.7000E+00
             13                  1              52679         4.2500E+00
             13                  2              43610         4.9000E+00
             13                  3              32541         5.6500E+00
             13                  4              22715         6.5000E+00
             13                  5              14563         7.4500E+00
             13                  6               7541         8.5000E+00
             13                  7               3417         9.6500E+00
             13                  8               1456         1.0900E+01
             13                  9                380         1.2250E+01
             13                 10                 68         1.3700E+01
             13                 11                 18         1.5250E+01
             13                 12                 29         1.6900E+01
             13                 13                 51         1.8650E+01
             13                 14                 31         2.0500E+01
             13                 15                  1         2.2450E+01
             13                 16                  2         2.4500E+01
             14                 -8                 20         2.2500E+00
             14                 -7                177         2.0000E+00
             14                 -6               1091         1.8500E+00
             14                 -5               4674         1.8000E+00
             14                 -4              14137         1.8500E+00
             14                 -3              31054         2.0000E+00
             14                 -2              53061         2.2500E+00
             14                 -1              71983         2.6000E+00
             14                  0             199180         3.0500E+00
             14                  1             101983         3.6000E+00
             14                  2              76775         4.2500E+00
             14                  3              53459         5.0000E+00
             14                  4              34244         5.8500E+00
             14                  5              21233         6.8000E+00
             14                  6              10466         7.8500E+00
             14                  7               4544         9.0000E+00
             14                  8               1691         1.0250E+01
             14                  9                519         1.1600E+01
             14                 10                113         1.3050E+01
             14                 11                 30         1.4600E+01
             14                 12                  2         1.6250E+01
             14                 13                  8         1.8000E+01
             14                 14                 27         1.9850E+01
             14                 15                 11         2.1800E+01
             14                 16                 19         2.3850E+01
             15                 -8                 25         1.7000E+00
             15                 -7                353         1.4500E+00
             15                 -6               2109         1.3000E+00
             15                 -5              10120         1.2500E+00
             15                 -4              30171         1.3000E+00
             15                 -3              65718         1.4500E+00
             15                 -2             108020         1.7000E+00
             15                 -1             138762         2.0500E+00
             15                  0             332062         2.5000E+00
             15                  1             155239         3.0500E+00
             15                  2             111435         3.7000E+00
             15                  3              75908         4.4500E+00
             15                  4              46551         5.3000E+00
             15                  5              25979         6.2500E+00
             15                  6              11480         7.3000E+00
             15                  7               4053         8.4500E+00
             15                  8               1326         9.7000E+00
             15                  9                368         1.1050E+01
             15                 10                 65         1.2500E+01
             15                 11                  2         1.4050E+01
             16                 -9                  1         1.6000E+00
             16                 -8                 46         1.2500E+00
             16                 -7                718         1.0000E+00
             16                 -6               4136         8.5000E-01
             16                 -5              16742         8.0000E-01
             16                 -4              47935         8.5000E-01
             16                 -3              97754         1.0000E+00
             16                 -2             149953         1.2500E+00
             16                 -1             174758         1.6000E+00
             16                  0             382751         2.0500E+00
             16                  1             170207         2.6000E+00
             16                  2             123984         3.2500E+00
             16                  3              84020         4.0000E+00
             16                  4              50324         4.8500E+00
             16                  5              26334         5.8000E+00
             16                  6              10186         6.8500E+00
             16                  7               2967         8.0000E+00
             16                  8                724         9.2500E+00
             16                  9                161         1.0600E+01
             16                 10                 18         1.2050E+01
             17                -10                  1         1.7000E+00
             17                 -9                 13         1.2500E+00
             17                 -8                101         9.0000E-01
             17                 -7                953         6.5000E-01
             17                 -6               4864         5.0000E-01
             17                 -5              16439         4.5000E-01
             17                 -4              42675         5.0000E-01
             17                 -3              81496         6.5000E-01
             17                 -2             116725         9.0000E-01
             17                 -1             124781         1.2500E+00
             17                  0             254746         1.7000E+00
             17                  1             113758         2.2500E+00
             17                  2              85531         2.9000E+00
             17                  3              59414         3.6500E+00
             17                  4              35063         4.5000E+00
             17                  5              16272         5.4500E+00
             17                  6               5340         6.5000E+00
             17                  7               1488         7.6500E+00
             17                  8                263         8.9000E+00
             17                  9                 39         1.0250E+01
             18                -10                  2         1.4500E+00
             18                 -9                  3         1.0000E+00
             18                 -8                100         6.5000E-01
             18                 -7                552         4.0000E-01
             18                 -6               2496         2.5000E-01
             18                 -5               7301         2.0000E-01
             18                 -4              17246         2.5000E-01
             18                 -3              28442         4.0000E-01
             18                 -2              36433         6.5000E-01
             18                 -1              38413         1.0000E+00
             18                  0              73535         1.4500E+00
             18                  1              35044         2.0000E+00
             18                  2              27991         2.6500E+00
             18                  3              19195         3.4000E+00
             18                  4              10431         4.2500E+00
             18                  5               4443         5.2000E+00
             18                  6               1282         6.2500E+00
             18                  7                272         7.4000E+00
             18                  8                 35         8.6500E+00
