  #Crystal Size      Water Content              Count               Bias
              5                  6                  1         1.3050E+01
              5                  7                  6         1.3700E+01
              5                  8                  1         1.4450E+01
              6                  3                  4         1.0250E+01
              6                  7                  1         1.2250E+01
              6                  8                  1         1.3000E+01
              7                  0                  2         8.4500E+00
              7                  2                  9         8.6500E+00
              7                  3                 35         8.9000E+00
              7                  4                 17         9.2500E+00
              7                  5                  9         9.7000E+00
              7                  6                 14         1.0250E+01
              7                  7                 26         1.0900E+01
              7                  8                 14         1.1650E+01
              7                  9                  5         1.2500E+01
              8                  0                 12         7.2000E+00
              8                  1                 25         7.2500E+00
              8                  2                 92         7.4000E+00
              8                  3                155         7.6500E+00
              8                  4                121         8.0000E+00
              8                  5                 68         8.4500E+00
              8                  6                 96         9.0000E+00
              8                  7                 99         9.6500E+00
              8                  8                114         1.0400E+01
              8                  9                 54         1.1250E+01
              8                 10                 12         1.2200E+01
              8                 11                  4         1.3250E+01
              9                 -2                  2         6.2500E+00
              9                 -1                 19         6.1000E+00
              9                  0                 95         6.0500E+00
              9                  1                137         6.1000E+00
              9                  2                237         6.2500E+00
              9                  3                409         6.5000E+00
              9                  4                501         6.8500E+00
              9                  5                531         7.3000E+00
              9                  6                615         7.8500E+00
              9                  7                588         8.5000E+00
              9                  8                541         9.2500E+00
              9                  9                190         1.0100E+01
              9                 10                 60         1.1050E+01
              9                 11                 27         1.2100E+01
              9                 12                 14         1.3250E+01
             10                 -3                  7         5.4500E+00
             10                 -2                 36         5.2000E+00
             10                 -1                 84         5.0500E+00
             10                  0                587         5.0000E+00
             10                  1                626         5.0500E+00
             10                  2                967         5.2000E+00
             10                  3               1239         5.4500E+00
             10                  4               1700         5.8000E+00
             10                  5               2085         6.2500E+00
             10                  6               2528         6.8000E+00
             10                  7               2242         7.4500E+00
             10                  8               1807         8.2000E+00
             10                  9               1063         9.0500E+00
             10                 10                336         1.0000E+01
             10                 11                168         1.1050E+01
             10                 12                 29         1.2200E+01
             10                 13                 17         1.3450E+01
             10                 14                  1         1.4800E+01
             11                 -5                  1         5.3000E+00
             11                 -4                 12         4.8500E+00
             11                 -3                 49         4.5000E+00
             11                 -2                233         4.2500E+00
             11                 -1                583         4.1000E+00
             11                  0               2643         4.0500E+00
             11                  1               2461         4.1000E+00
             11                  2               3118         4.2500E+00
             11                  3               3761         4.5000E+00
             11                  4               4788         4.8500E+00
             11                  5               5397         5.3000E+00
             11                  6               6130         5.8500E+00
             11                  7               5852         6.5000E+00
             11                  8               4737         7.2500E+00
             11                  9               2849         8.1000E+00
             11                 10               1388         9.0500E+00
             11                 11                420         1.0100E+01
             11                 12                178         1.1250E+01
             11                 13                 41         1.2500E+01
             11                 14                  1         1.3850E+01
             12                 -5                  4         4.4500E+00
             12                 -4                113         4.0000E+00
             12                 -3                417         3.6500E+00
             12                 -2               1285         3.4000E+00
             12                 -1               2822         3.2500E+00
             12                  0              12457         3.2000E+00
             12                  1               9247         3.2500E+00
             12                  2               9674         3.4000E+00
             12                  3              10353         3.6500E+00
             12                  4              10877         4.0000E+00
             12                  5              12087         4.4500E+00
             12                  6              12857         5.0000E+00
             12                  7              11456         5.6500E+00
             12                  8               8039         6.4000E+00
             12                  9               4447         7.2500E+00
             12                 10               1805         8.2000E+00
             12                 11                554         9.2500E+00
             12                 12                185         1.0400E+01
             12                 13                 97         1.1650E+01
             12                 14                  6         1.3000E+01
             13                 -7                  3         4.9000E+00
             13                 -6                  3         4.2500E+00
             13                 -5                 62         3.7000E+00
             13                 -4                396         3.2500E+00
             13                 -3               1910         2.9000E+00
             13                 -2               5278         2.6500E+00
             13                 -1              10510         2.5000E+00
             13                  0              41883         2.4500E+00
             13                  1              29620         2.5000E+00
             13                  2              31005         2.6500E+00
             13                  3              30406         2.9000E+00
             13                  4              28305         3.2500E+00
             13                  5              27486         3.7000E+00
             13                  6              23693         4.2500E+00
             13                  7              17745         4.9000E+00
             13                  8              10863         5.6500E+00
             13                  9               5548         6.5000E+00
             13                 10               2135         7.4500E+00
             13                 11                697         8.5000E+00
             13                 12                168         9.6500E+00
             13                 13                  9         1.0900E+01
             14                 -8                  1         5.0000E+00
             14                 -7                 21         4.2500E+00
             14                 -6                 31         3.6000E+00
             14                 -5                220         3.0500E+00
             14                 -4               1210         2.6000E+00
             14                 -3               5173         2.2500E+00
             14                 -2              14616         2.0000E+00
             14                 -1              28906         1.8500E+00
             14                  0             110158         1.8000E+00
             14                  1              72780         1.8500E+00
             14                  2              76095         2.0000E+00
             14                  3              73416         2.2500E+00
             14                  4              70340         2.6000E+00
             14                  5              62338         3.0500E+00
             14                  6              48928         3.6000E+00
             14                  7              32445         4.2500E+00
             14                  8              16431         5.0000E+00
             14                  9               6518         5.8500E+00
             14                 10               1886         6.8000E+00
             14                 11                570         7.8500E+00
             14                 12                165         9.0000E+00
             14                 13                 37         1.0250E+01
             14                 14                  2         1.1600E+01
             15                 -8                  5         4.4500E+00
             15                 -7                 19         3.7000E+00
             15                 -6                128         3.0500E+00
             15                 -5                628         2.5000E+00
             15                 -4               2732         2.0500E+00
             15                 -3              10292         1.7000E+00
             15                 -2              27768         1.4500E+00
             15                 -1              56407         1.3000E+00
             15                  0             196990         1.2500E+00
             15                  1             130449         1.3000E+00
             15                  2             138293         1.4500E+00
             15                  3             141594         1.7000E+00
             15                  4             140685         2.0500E+00
             15                  5             122902         2.5000E+00
             15                  6              89812         3.0500E+00
             15                  7              52845         3.7000E+00
             15                  8              25552         4.4500E+00
             15                  9               9459         5.3000E+00
             15                 10               2502         6.2500E+00
             15                 11                584         7.3000E+00
             15                 12                158         8.4500E+00
             15                 13                 70         9.7000E+00
             15                 14                 14         1.1050E+01
             16                 -8                  1         4.0000E+00
             16                 -7                 29         3.2500E+00
             16                 -6                357         2.6000E+00
             16                 -5               1170         2.0500E+00
             16                 -4               4337         1.6000E+00
             16                 -3              14875         1.2500E+00
             16                 -2              37510         1.0000E+00
             16                 -1              71311         8.5000E-01
             16                  0             231643         8.0000E-01
             16                  1             151763         8.5000E-01
             16                  2             173000         1.0000E+00
             16                  3             188779         1.2500E+00
             16                  4             187725         1.6000E+00
             16                  5             161681         2.0500E+00
             16                  6             110136         2.6000E+00
             16                  7              59278         3.2500E+00
             16                  8              26536         4.0000E+00
             16                  9               8893         4.8500E+00
             16                 10               2042         5.8000E+00
             16                 11                579         6.8500E+00
             16                 12                124         8.0000E+00
             16                 13                 71         9.2500E+00
             16                 14                  3         1.0600E+01
             17                 -8                  3         3.6500E+00
             17                 -7                 52         2.9000E+00
             17                 -6                296         2.2500E+00
             17                 -5                986         1.7000E+00
             17                 -4               3921         1.2500E+00
             17                 -3              12583         9.0000E-01
             17                 -2              29553         6.5000E-01
             17                 -1              51217         5.0000E-01
             17                  0             155737         4.5000E-01
             17                  1             106245         5.0000E-01
             17                  2             126657         6.5000E-01
             17                  3             143411         9.0000E-01
             17                  4             143116         1.2500E+00
             17                  5             118725         1.7000E+00
             17                  6              77285         2.2500E+00
             17                  7              37862         2.9000E+00
             17                  8              13700         3.6500E+00
             17                  9               3739         4.5000E+00
             17                 10                935         5.4500E+00
             17                 11                210         6.5000E+00
             17                 12                 65         7.6500E+00
             17                 13                 22         8.9000E+00
             17                 14                  1         1.0250E+01
             18                 -7                 26         2.6500E+00
             18                 -6                119         2.0000E+00
             18                 -5                544         1.4500E+00
             18                 -4               1957         1.0000E+00
             18                 -3               5180         6.5000E-01
             18                 -2              10576         4.0000E-01
             18                 -1              16335         2.5000E-01
             18                  0              44868         2.0000E-01
             18                  1              33414         2.5000E-01
             18                  2              42022         4.0000E-01
             18                  3              50119         6.5000E-01
             18                  4              47754         1.0000E+00
             18                  5              38191         1.4500E+00
             18                  6              22423         2.0000E+00
             18                  7              10242         2.6500E+00
             18                  8               3264         3.4000E+00
             18                  9                817         4.2500E+00
             18                 10                137         5.2000E+00
             18                 11                 21         6.2500E+00
             18                 12                 18         7.4000E+00
