  #Crystal Size      Water Content              Count               Bias
              0                 -3                 27         1.4500E+00
              0                 -2                183         1.7000E+00
              0                 -1                910         2.0500E+00
              0                  0              28696         2.5000E+00
              0                  1              60170         3.0500E+00
              0                  2             115531         3.7000E+00
              0                  3             173121         4.4500E+00
              0                  4             220270         5.3000E+00
              0                  5             232975         6.2500E+00
              0                  6             212529         7.3000E+00
              0                  7             163078         8.4500E+00
              0                  8             102524         9.7000E+00
              0                  9              53739         1.1050E+01
              0                 10              22665         1.2500E+01
              0                 11               7619         1.4050E+01
              0                 12               3011         1.5700E+01
              0                 13                954         1.7450E+01
              0                 14                112         1.9300E+01
              0                 15                 17         2.1250E+01
              1                 -3                 31         1.0000E+00
              1                 -2                296         1.2500E+00
              1                 -1               1630         1.6000E+00
              1                  0              40036         2.0500E+00
              1                  1              74006         2.6000E+00
              1                  2             124194         3.2500E+00
              1                  3             167973         4.0000E+00
              1                  4             186634         4.8500E+00
              1                  5             183648         5.8000E+00
              1                  6             154594         6.8500E+00
              1                  7             120689         8.0000E+00
              1                  8              80338         9.2500E+00
              1                  9              46463         1.0600E+01
              1                 10              22299         1.2050E+01
              1                 11               8531         1.3600E+01
              1                 12               2955         1.5250E+01
              1                 13               1103         1.7000E+01
              1                 14                267         1.8850E+01
              1                 15                108         2.0800E+01
              2                 -3                 31         6.5000E-01
              2                 -2                177         9.0000E-01
              2                 -1               1253         1.2500E+00
              2                  0              28445         1.7000E+00
              2                  1              52184         2.2500E+00
              2                  2              84853         2.9000E+00
              2                  3             106296         3.6500E+00
              2                  4             110204         4.5000E+00
              2                  5              97927         5.4500E+00
              2                  6              77634         6.5000E+00
              2                  7              54202         7.6500E+00
              2                  8              34431         8.9000E+00
              2                  9              17692         1.0250E+01
              2                 10               7996         1.1700E+01
              2                 11               3170         1.3250E+01
              2                 12                985         1.4900E+01
              2                 13                318         1.6650E+01
              2                 14                 67         1.8500E+01
              2                 15                  4         2.0450E+01
              3                 -3                 30         4.0000E-01
              3                 -2                128         6.5000E-01
              3                 -1                844         1.0000E+00
              3                  0              22109         1.4500E+00
              3                  1              40417         2.0000E+00
              3                  2              66187         2.6500E+00
              3                  3              86007         3.4000E+00
              3                  4              93945         4.2500E+00
              3                  5              88693         5.2000E+00
              3                  6              75582         6.2500E+00
              3                  7              56029         7.4000E+00
              3                  8              38693         8.6500E+00
              3                  9              21071         1.0000E+01
              3                 10               9031         1.1450E+01
              3                 11               3335         1.3000E+01
              3                 12               1094         1.4650E+01
              3                 13                292         1.6400E+01
              3                 14                100         1.8250E+01
              3                 15                 12         2.0200E+01
              4                 -3                  6         2.5000E-01
              4                 -2                103         5.0000E-01
              4                 -1                568         8.5000E-01
              4                  0              16421         1.3000E+00
              4                  1              28340         1.8500E+00
              4                  2              46530         2.5000E+00
              4                  3              58582         3.2500E+00
              4                  4              66984         4.1000E+00
              4                  5              65368         5.0500E+00
              4                  6              58364         6.1000E+00
              4                  7              47689         7.2500E+00
              4                  8              34288         8.5000E+00
              4                  9              18536         9.8500E+00
              4                 10               8036         1.1300E+01
              4                 11               3206         1.2850E+01
              4                 12                903         1.4500E+01
              4                 13                361         1.6250E+01
              4                 14                 89         1.8100E+01
              4                 15                  4         2.0050E+01
              5                 -3                  2         2.0000E-01
              5                 -2                 70         4.5000E-01
              5                 -1                365         8.0000E-01
              5                  0               9089         1.2500E+00
              5                  1              16053         1.8000E+00
              5                  2              25397         2.4500E+00
              5                  3              32777         3.2000E+00
              5                  4              38217         4.0500E+00
              5                  5              40454         5.0000E+00
              5                  6              38918         6.0500E+00
              5                  7              33677         7.2000E+00
              5                  8              24079         8.4500E+00
              5                  9              13270         9.8000E+00
              5                 10               6036         1.1250E+01
              5                 11               2643         1.2800E+01
              5                 12                782         1.4450E+01
              5                 13                190         1.6200E+01
              5                 14                 94         1.8050E+01
              5                 15                  2         2.0000E+01
              6                 -3                  3         2.5000E-01
              6                 -2                 72         5.0000E-01
              6                 -1                228         8.5000E-01
              6                  0               4606         1.3000E+00
              6                  1               7278         1.8500E+00
              6                  2              11750         2.5000E+00
              6                  3              16060         3.2500E+00
              6                  4              21017         4.1000E+00
              6                  5              24870         5.0500E+00
              6                  6              26101         6.1000E+00
              6                  7              24863         7.2500E+00
              6                  8              17560         8.5000E+00
              6                  9               8897         9.8500E+00
              6                 10               3512         1.1300E+01
              6                 11               1426         1.2850E+01
              6                 12                511         1.4500E+01
              6                 13                135         1.6250E+01
              6                 14                 44         1.8100E+01
              6                 15                  4         2.0050E+01
              7                 -2                  6         6.5000E-01
              7                 -1                 69         1.0000E+00
              7                  0               1584         1.4500E+00
              7                  1               2735         2.0000E+00
              7                  2               4403         2.6500E+00
              7                  3               6987         3.4000E+00
              7                  4              10005         4.2500E+00
              7                  5              14140         5.2000E+00
              7                  6              15563         6.2500E+00
              7                  7              15055         7.4000E+00
              7                  8              10942         8.6500E+00
              7                  9               5756         1.0000E+01
              7                 10               2346         1.1450E+01
              7                 11                876         1.3000E+01
              7                 12                266         1.4650E+01
              7                 13                 33         1.6400E+01
              7                 14                  7         1.8250E+01
              7                 15                  3         2.0200E+01
              8                 -2                  4         9.0000E-01
              8                 -1                 16         1.2500E+00
              8                  0                647         1.7000E+00
              8                  1               1240         2.2500E+00
              8                  2               2265         2.9000E+00
              8                  3               3700         3.6500E+00
              8                  4               5749         4.5000E+00
              8                  5               8210         5.4500E+00
              8                  6               9201         6.5000E+00
              8                  7               8266         7.6500E+00
              8                  8               5909         8.9000E+00
              8                  9               3449         1.0250E+01
              8                 10               1477         1.1700E+01
              8                 11                471         1.3250E+01
              8                 12                109         1.4900E+01
              8                 13                 11         1.6650E+01
              9                 -1                  2         1.6000E+00
              9                  0                627         2.0500E+00
              9                  1               1180         2.6000E+00
              9                  2               2171         3.2500E+00
              9                  3               2738         4.0000E+00
              9                  4               3177         4.8500E+00
              9                  5               3979         5.8000E+00
              9                  6               4457         6.8500E+00
              9                  7               4156         8.0000E+00
              9                  8               3242         9.2500E+00
              9                  9               1888         1.0600E+01
              9                 10                604         1.2050E+01
              9                 11                193         1.3600E+01
              9                 12                 32         1.5250E+01
              9                 13                  2         1.7000E+01
             10                  0                767         2.5000E+00
             10                  1               1822         3.0500E+00
             10                  2               2531         3.7000E+00
             10                  3               2325         4.4500E+00
             10                  4               1895         5.3000E+00
             10                  5               1552         6.2500E+00
             10                  6               1684         7.3000E+00
             10                  7               1438         8.4500E+00
             10                  8               1189         9.7000E+00
             10                  9                659         1.1050E+01
             10                 10                245         1.2500E+01
             10                 11                 51         1.4050E+01
             10                 12                  1         1.5700E+01
             11                 -1                 29         2.6000E+00
             11                  0                708         3.0500E+00
             11                  1               1682         3.6000E+00
             11                  2               2514         4.2500E+00
             11                  3               1656         5.0000E+00
             11                  4               1158         5.8500E+00
             11                  5                650         6.8000E+00
             11                  6                559         7.8500E+00
             11                  7                479         9.0000E+00
             11                  8                317         1.0250E+01
             11                  9                138         1.1600E+01
             11                 10                 39         1.3050E+01
             11                 11                 25         1.4600E+01
             11                 12                  1         1.6250E+01
             12                 -1                  8         3.2500E+00
             12                  0                298         3.7000E+00
             12                  1                512         4.2500E+00
             12                  2                657         4.9000E+00
             12                  3                437         5.6500E+00
             12                  4                347         6.5000E+00
             12                  5                200         7.4500E+00
             12                  6                137         8.5000E+00
             12                  7                 57         9.6500E+00
             12                  8                 48         1.0900E+01
             12                  9                 35         1.2250E+01
             12                 10                 62         1.3700E+01
             12                 11                 18         1.5250E+01
             13                  0                 25         4.4500E+00
             13                  1                 64         5.0000E+00
             13                  2                 97         5.6500E+00
             13                  3                 54         6.4000E+00
             13                  4                 22         7.2500E+00
             13                  5                 10         8.2000E+00
             13                  6                  2         9.2500E+00
             14                  1                  3         5.8500E+00
             14                  2                 11         6.5000E+00
             14                  3                  7         7.2500E+00
             14                  5                  3         9.0500E+00
