  #Crystal Size      Water Content              Count               Bias
              8                  0                 13         7.2000E+00
              8                  2                  1         7.4000E+00
              8                  3                  1         7.6500E+00
              8                  4                  5         8.0000E+00
              8                  5                  1         8.4500E+00
              8                  7                  1         9.6500E+00
              9                 -2                  1         6.2500E+00
              9                 -1                  1         6.1000E+00
              9                  0                 48         6.0500E+00
              9                  1                 28         6.1000E+00
              9                  2                 24         6.2500E+00
              9                  3                 21         6.5000E+00
              9                  4                 20         6.8500E+00
              9                  5                 18         7.3000E+00
              9                  6                 24         7.8500E+00
              9                  7                 38         8.5000E+00
              9                  8                 15         9.2500E+00
              9                  9                  1         1.0100E+01
             10                 -7                  3         7.4500E+00
             10                 -6                 26         6.8000E+00
             10                 -5                 13         6.2500E+00
             10                 -4                 22         5.8000E+00
             10                 -3                 13         5.4500E+00
             10                 -2                 35         5.2000E+00
             10                 -1                 57         5.0500E+00
             10                  0                267         5.0000E+00
             10                  1                188         5.0500E+00
             10                  2                215         5.2000E+00
             10                  3                206         5.4500E+00
             10                  4                262         5.8000E+00
             10                  5                254         6.2500E+00
             10                  6                206         6.8000E+00
             10                  7                152         7.4500E+00
             10                  8                 83         8.2000E+00
             10                  9                 46         9.0500E+00
             10                 10                 30         1.0000E+01
             10                 11                  1         1.1050E+01
             11                 -7                 10         6.5000E+00
             11                 -6                 77         5.8500E+00
             11                 -5                 72         5.3000E+00
             11                 -4                 31         4.8500E+00
             11                 -3                 76         4.5000E+00
             11                 -2                103         4.2500E+00
             11                 -1                208         4.1000E+00
             11                  0               1100         4.0500E+00
             11                  1               1086         4.1000E+00
             11                  2               1642         4.2500E+00
             11                  3               1897         4.5000E+00
             11                  4               1657         4.8500E+00
             11                  5               1259         5.3000E+00
             11                  6               1231         5.8500E+00
             11                  7               1001         6.5000E+00
             11                  8                451         7.2500E+00
             11                  9                280         8.1000E+00
             11                 10                159         9.0500E+00
             11                 11                 32         1.0100E+01
             11                 12                 11         1.1250E+01
             12                 -7                  2         5.6500E+00
             12                 -6                 33         5.0000E+00
             12                 -5                 95         4.4500E+00
             12                 -4                112         4.0000E+00
             12                 -3                212         3.6500E+00
             12                 -2                455         3.4000E+00
             12                 -1                713         3.2500E+00
             12                  0               3427         3.2000E+00
             12                  1               3881         3.2500E+00
             12                  2               5294         3.4000E+00
             12                  3               5877         3.6500E+00
             12                  4               6219         4.0000E+00
             12                  5               5315         4.4500E+00
             12                  6               4302         5.0000E+00
             12                  7               3130         5.6500E+00
             12                  8               1864         6.4000E+00
             12                  9                815         7.2500E+00
             12                 10                280         8.2000E+00
             12                 11                 87         9.2500E+00
             12                 12                  9         1.0400E+01
             12                 13                  2         1.1650E+01
             13                 -7                  1         4.9000E+00
             13                 -6                 30         4.2500E+00
             13                 -5                148         3.7000E+00
             13                 -4                236         3.2500E+00
             13                 -3                493         2.9000E+00
             13                 -2                962         2.6500E+00
             13                 -1               1937         2.5000E+00
             13                  0               8425         2.4500E+00
             13                  1               8833         2.5000E+00
             13                  2              12091         2.6500E+00
             13                  3              15088         2.9000E+00
             13                  4              15550         3.2500E+00
             13                  5              14388         3.7000E+00
             13                  6              10665         4.2500E+00
             13                  7               7075         4.9000E+00
             13                  8               4033         5.6500E+00
             13                  9               1812         6.5000E+00
             13                 10                549         7.4500E+00
             13                 11                129         8.5000E+00
             13                 12                 40         9.6500E+00
             14                 -6                 11         3.6000E+00
             14                 -5                 51         3.0500E+00
             14                 -4                156         2.6000E+00
             14                 -3                688         2.2500E+00
             14                 -2               2058         2.0000E+00
             14                 -1               3700         1.8500E+00
             14                  0              16978         1.8000E+00
             14                  1              16447         1.8500E+00
             14                  2              22502         2.0000E+00
             14                  3              27614         2.2500E+00
             14                  4              29353         2.6000E+00
             14                  5              25886         3.0500E+00
             14                  6              19583         3.6000E+00
             14                  7              12340         4.2500E+00
             14                  8               6319         5.0000E+00
             14                  9               2658         5.8500E+00
             14                 10                792         6.8000E+00
             14                 11                199         7.8500E+00
             14                 12                 36         9.0000E+00
             14                 13                  2         1.0250E+01
             15                 -6                  5         3.0500E+00
             15                 -5                 27         2.5000E+00
             15                 -4                226         2.0500E+00
             15                 -3               1057         1.7000E+00
             15                 -2               3199         1.4500E+00
             15                 -1               6574         1.3000E+00
             15                  0              25945         1.2500E+00
             15                  1              21136         1.3000E+00
             15                  2              27972         1.4500E+00
             15                  3              35535         1.7000E+00
             15                  4              38438         2.0500E+00
             15                  5              35036         2.5000E+00
             15                  6              26405         3.0500E+00
             15                  7              15402         3.7000E+00
             15                  8               6867         4.4500E+00
             15                  9               2847         5.3000E+00
             15                 10                930         6.2500E+00
             15                 11                261         7.3000E+00
             15                 12                 60         8.4500E+00
             15                 13                  2         9.7000E+00
             16                 -5                 27         2.0500E+00
             16                 -4                229         1.6000E+00
             16                 -3               1101         1.2500E+00
             16                 -2               3096         1.0000E+00
             16                 -1               6232         8.5000E-01
             16                  0              25792         8.0000E-01
             16                  1              20023         8.5000E-01
             16                  2              26982         1.0000E+00
             16                  3              34108         1.2500E+00
             16                  4              35977         1.6000E+00
             16                  5              31478         2.0500E+00
             16                  6              21947         2.6000E+00
             16                  7              12535         3.2500E+00
             16                  8               5895         4.0000E+00
             16                  9               2086         4.8500E+00
             16                 10                797         5.8000E+00
             16                 11                201         6.8500E+00
             16                 12                 27         8.0000E+00
             17                 -5                 22         1.7000E+00
             17                 -4                126         1.2500E+00
             17                 -3                719         9.0000E-01
             17                 -2               2297         6.5000E-01
             17                 -1               4276         5.0000E-01
             17                  0              16783         4.5000E-01
             17                  1              13747         5.0000E-01
             17                  2              18275         6.5000E-01
             17                  3              21592         9.0000E-01
             17                  4              20838         1.2500E+00
             17                  5              17237         1.7000E+00
             17                  6              11703         2.2500E+00
             17                  7               6367         2.9000E+00
             17                  8               2656         3.6500E+00
             17                  9                811         4.5000E+00
             17                 10                340         5.4500E+00
             17                 11                 81         6.5000E+00
             17                 12                 10         7.6500E+00
             18                 -5                  7         1.4500E+00
             18                 -4                 45         1.0000E+00
             18                 -3                257         6.5000E-01
             18                 -2                650         4.0000E-01
             18                 -1               1540         2.5000E-01
             18                  0               5251         2.0000E-01
             18                  1               3872         2.5000E-01
             18                  2               5602         4.0000E-01
             18                  3               6429         6.5000E-01
             18                  4               6299         1.0000E+00
             18                  5               3940         1.4500E+00
             18                  6               2837         2.0000E+00
             18                  7               1519         2.6500E+00
             18                  8                518         3.4000E+00
             18                  9                148         4.2500E+00
             18                 10                 39         5.2000E+00
             18                 11                  5         6.2500E+00
