  #Crystal Size      Water Content              Count               Bias
              1                  1                  5         5.8500E+00
              1                  2                 14         6.5000E+00
              1                  3                 22         7.2500E+00
              1                  4                 30         8.1000E+00
              1                  5                  9         9.0500E+00
              1                  6                  1         1.0100E+01
              1                  7                  4         1.1250E+01
              1                  9                  2         1.3850E+01
              2                  0                  6         4.4500E+00
              2                  1                 26         5.0000E+00
              2                  2                 55         5.6500E+00
              2                  3                 84         6.4000E+00
              2                  4                 77         7.2500E+00
              2                  5                 45         8.2000E+00
              2                  6                 43         9.2500E+00
              2                  7                 12         1.0400E+01
              2                  8                 18         1.1650E+01
              2                  9                  4         1.3000E+01
              3                 -2                  1         2.9000E+00
              3                 -1                  3         3.2500E+00
              3                  0                131         3.7000E+00
              3                  1                125         4.2500E+00
              3                  2                282         4.9000E+00
              3                  3                370         5.6500E+00
              3                  4                445         6.5000E+00
              3                  5                534         7.4500E+00
              3                  6                300         8.5000E+00
              3                  7                143         9.6500E+00
              3                  8                 89         1.0900E+01
              3                  9                 67         1.2250E+01
              3                 10                 12         1.3700E+01
              3                 11                  8         1.5250E+01
              4                 -3                  7         2.0000E+00
              4                 -2                 17         2.2500E+00
              4                 -1                  8         2.6000E+00
              4                  0                359         3.0500E+00
              4                  1                542         3.6000E+00
              4                  2               1059         4.2500E+00
              4                  3               1962         5.0000E+00
              4                  4               2150         5.8500E+00
              4                  5               1826         6.8000E+00
              4                  6               1393         7.8500E+00
              4                  7                810         9.0000E+00
              4                  8                344         1.0250E+01
              4                  9                104         1.1600E+01
              4                 10                 46         1.3050E+01
              4                 11                 13         1.4600E+01
              4                 12                  2         1.6250E+01
              5                 -3                  1         1.4500E+00
              5                 -2                 18         1.7000E+00
              5                 -1                 42         2.0500E+00
              5                  0                912         2.5000E+00
              5                  1               1055         3.0500E+00
              5                  2               2582         3.7000E+00
              5                  3               5193         4.4500E+00
              5                  4               6333         5.3000E+00
              5                  5               5366         6.2500E+00
              5                  6               3482         7.3000E+00
              5                  7               2411         8.4500E+00
              5                  8               1139         9.7000E+00
              5                  9                551         1.1050E+01
              5                 10                248         1.2500E+01
              5                 11                 43         1.4050E+01
              5                 12                  7         1.5700E+01
              5                 13                  1         1.7450E+01
              6                 -4                  1         8.5000E-01
              6                 -3                 26         1.0000E+00
              6                 -2                 88         1.2500E+00
              6                 -1                172         1.6000E+00
              6                  0               2427         2.0500E+00
              6                  1               3785         2.6000E+00
              6                  2               7418         3.2500E+00
              6                  3              12342         4.0000E+00
              6                  4              14182         4.8500E+00
              6                  5              11756         5.8000E+00
              6                  6               7776         6.8500E+00
              6                  7               3990         8.0000E+00
              6                  8               1812         9.2500E+00
              6                  9                619         1.0600E+01
              6                 10                119         1.2050E+01
              6                 11                 48         1.3600E+01
              6                 12                 19         1.5250E+01
              7                 -4                  3         5.0000E-01
              7                 -3                 59         6.5000E-01
              7                 -2                 79         9.0000E-01
              7                 -1                217         1.2500E+00
              7                  0               5084         1.7000E+00
              7                  1               7637         2.2500E+00
              7                  2              13770         2.9000E+00
              7                  3              20213         3.6500E+00
              7                  4              21816         4.5000E+00
              7                  5              16936         5.4500E+00
              7                  6               9599         6.5000E+00
              7                  7               4055         7.6500E+00
              7                  8               1387         8.9000E+00
              7                  9                459         1.0250E+01
              7                 10                 62         1.1700E+01
              7                 11                 11         1.3250E+01
              8                 -4                  1         2.5000E-01
              8                 -3                 28         4.0000E-01
              8                 -2                 91         6.5000E-01
              8                 -1                329         1.0000E+00
              8                  0               8227         1.4500E+00
              8                  1              12639         2.0000E+00
              8                  2              20315         2.6500E+00
              8                  3              26613         3.4000E+00
              8                  4              27995         4.2500E+00
              8                  5              21334         5.2000E+00
              8                  6              11408         6.2500E+00
              8                  7               4130         7.4000E+00
              8                  8               1277         8.6500E+00
              8                  9                198         1.0000E+01
              8                 10                 27         1.1450E+01
              8                 11                  3         1.3000E+01
              9                 -3                 11         2.5000E-01
              9                 -2                 65         5.0000E-01
              9                 -1                286         8.5000E-01
              9                  0               8600         1.3000E+00
              9                  1              14092         1.8500E+00
              9                  2              23379         2.5000E+00
              9                  3              30029         3.2500E+00
              9                  4              29021         4.1000E+00
              9                  5              21811         5.0500E+00
              9                  6              12213         6.1000E+00
              9                  7               4910         7.2500E+00
              9                  8               1258         8.5000E+00
              9                  9                261         9.8500E+00
              9                 10                 48         1.1300E+01
              9                 11                  3         1.2850E+01
             10                 -2                 51         4.5000E-01
             10                 -1                286         8.0000E-01
             10                  0               8707         1.2500E+00
             10                  1              14789         1.8000E+00
             10                  2              22608         2.4500E+00
             10                  3              28006         3.2000E+00
             10                  4              26485         4.0500E+00
             10                  5              19806         5.0000E+00
             10                  6              11144         6.0500E+00
             10                  7               4330         7.2000E+00
             10                  8               1163         8.4500E+00
             10                  9                272         9.8000E+00
             10                 10                 56         1.1250E+01
             10                 11                 11         1.2800E+01
             11                 -2                 24         5.0000E-01
             11                 -1                284         8.5000E-01
             11                  0               8655         1.3000E+00
             11                  1              15496         1.8500E+00
             11                  2              23074         2.5000E+00
             11                  3              26331         3.2500E+00
             11                  4              22847         4.1000E+00
             11                  5              15775         5.0500E+00
             11                  6               8284         6.1000E+00
             11                  7               3076         7.2500E+00
             11                  8                682         8.5000E+00
             11                  9                243         9.8500E+00
             11                 10                 61         1.1300E+01
             11                 11                  5         1.2850E+01
             12                 -2                 75         6.5000E-01
             12                 -1                407         1.0000E+00
             12                  0               9020         1.4500E+00
             12                  1              14741         2.0000E+00
             12                  2              22358         2.6500E+00
             12                  3              23686         3.4000E+00
             12                  4              19828         4.2500E+00
             12                  5              12579         5.2000E+00
             12                  6               5698         6.2500E+00
             12                  7               1888         7.4000E+00
             12                  8                616         8.6500E+00
             12                  9                121         1.0000E+01
             12                 10                 46         1.1450E+01
             12                 11                  2         1.3000E+01
             13                 -3                  4         6.5000E-01
             13                 -2                 94         9.0000E-01
             13                 -1                392         1.2500E+00
             13                  0               7144         1.7000E+00
             13                  1              11589         2.2500E+00
             13                  2              16611         2.9000E+00
             13                  3              18313         3.6500E+00
             13                  4              14215         4.5000E+00
             13                  5               8298         5.4500E+00
             13                  6               3557         6.5000E+00
             13                  7               1322         7.6500E+00
             13                  8                442         8.9000E+00
             13                  9                 51         1.0250E+01
             13                 10                  6         1.1700E+01
             14                 -3                  3         1.0000E+00
             14                 -2                 92         1.2500E+00
             14                 -1                191         1.6000E+00
             14                  0               3850         2.0500E+00
             14                  1               6269         2.6000E+00
             14                  2               8664         3.2500E+00
             14                  3               8596         4.0000E+00
             14                  4               6238         4.8500E+00
             14                  5               3441         5.8000E+00
             14                  6               1530         6.8500E+00
             14                  7                405         8.0000E+00
             14                  8                144         9.2500E+00
             14                  9                 33         1.0600E+01
             15                 -2                 18         1.7000E+00
             15                 -1                 57         2.0500E+00
             15                  0               1284         2.5000E+00
             15                  1               1930         3.0500E+00
             15                  2               2699         3.7000E+00
             15                  3               2774         4.4500E+00
             15                  4               1651         5.3000E+00
             15                  5                785         6.2500E+00
             15                  6                249         7.3000E+00
             15                  7                 57         8.4500E+00
             15                  8                  5         9.7000E+00
             16                 -3                  2         2.0000E+00
             16                 -2                  3         2.2500E+00
             16                 -1                 14         2.6000E+00
             16                  0                221         3.0500E+00
             16                  1                390         3.6000E+00
             16                  2                433         4.2500E+00
             16                  3                403         5.0000E+00
             16                  4                165         5.8500E+00
             16                  5                133         6.8000E+00
             16                  6                 34         7.8500E+00
             16                  7                  7         9.0000E+00
             17                  3                 11         5.6500E+00
             17                  4                  1         6.5000E+00
             17                  5                  2         7.4500E+00
