  #Crystal Size      Water Content              Count               Bias
              1                  2                  2         4.2500E+00
              1                  4                  4         4.8500E+00
              1                  5                  7         5.3000E+00
              1                  6                 21         5.8500E+00
              1                  7                 11         6.5000E+00
              1                 10                  5         9.0500E+00
              1                 11                  1         1.0100E+01
              2                  0                  1         3.2000E+00
              2                  1                 10         3.2500E+00
              2                  2                 11         3.4000E+00
              2                  3                  1         3.6500E+00
              2                  4                  1         4.0000E+00
              2                  5                 13         4.4500E+00
              2                  6                 11         5.0000E+00
              2                  7                 35         5.6500E+00
              2                  8                 49         6.4000E+00
              2                  9                 15         7.2500E+00
              2                 10                  1         8.2000E+00
              2                 11                  5         9.2500E+00
              2                 12                  2         1.0400E+01
              2                 13                  1         1.1650E+01
              2                 17                  2         1.7650E+01
              3                  0                  1         2.4500E+00
              3                  1                  2         2.5000E+00
              3                  2                 53         2.6500E+00
              3                  3                 42         2.9000E+00
              3                  4                 45         3.2500E+00
              3                  5                 58         3.7000E+00
              3                  6                 98         4.2500E+00
              3                  7                100         4.9000E+00
              3                  8                 81         5.6500E+00
              3                  9                 53         6.5000E+00
              3                 10                 27         7.4500E+00
              3                 11                 28         8.5000E+00
              3                 12                 42         9.6500E+00
              3                 13                 31         1.0900E+01
              3                 14                 25         1.2250E+01
              3                 15                 20         1.3700E+01
              3                 16                  5         1.5250E+01
              3                 17                  3         1.6900E+01
              3                 18                  1         1.8650E+01
              4                 -1                  3         1.8500E+00
              4                  0                 51         1.8000E+00
              4                  1                 51         1.8500E+00
              4                  2                 98         2.0000E+00
              4                  3                 77         2.2500E+00
              4                  4                189         2.6000E+00
              4                  5                276         3.0500E+00
              4                  6                465         3.6000E+00
              4                  7                736         4.2500E+00
              4                  8                472         5.0000E+00
              4                  9                353         5.8500E+00
              4                 10                243         6.8000E+00
              4                 11                223         7.8500E+00
              4                 12                244         9.0000E+00
              4                 13                230         1.0250E+01
              4                 14                239         1.1600E+01
              4                 15                121         1.3050E+01
              4                 16                 50         1.4600E+01
              4                 17                 15         1.6250E+01
              5                 -2                  3         1.4500E+00
              5                 -1                 35         1.3000E+00
              5                  0                185         1.2500E+00
              5                  1                189         1.3000E+00
              5                  2                224         1.4500E+00
              5                  3                424         1.7000E+00
              5                  4                695         2.0500E+00
              5                  5               1171         2.5000E+00
              5                  6               1577         3.0500E+00
              5                  7               1777         3.7000E+00
              5                  8               1743         4.4500E+00
              5                  9               1338         5.3000E+00
              5                 10               1235         6.2500E+00
              5                 11               1046         7.3000E+00
              5                 12                913         8.4500E+00
              5                 13                697         9.7000E+00
              5                 14                557         1.1050E+01
              5                 15                302         1.2500E+01
              5                 16                204         1.4050E+01
              5                 17                 72         1.5700E+01
              5                 18                  7         1.7450E+01
              6                 -3                  1         1.2500E+00
              6                 -2                 15         1.0000E+00
              6                 -1                 63         8.5000E-01
              6                  0                571         8.0000E-01
              6                  1                727         8.5000E-01
              6                  2               1038         1.0000E+00
              6                  3               1611         1.2500E+00
              6                  4               2644         1.6000E+00
              6                  5               3782         2.0500E+00
              6                  6               4524         2.6000E+00
              6                  7               4876         3.2500E+00
              6                  8               4770         4.0000E+00
              6                  9               4077         4.8500E+00
              6                 10               3905         5.8000E+00
              6                 11               3440         6.8500E+00
              6                 12               2616         8.0000E+00
              6                 13               2336         9.2500E+00
              6                 14               1778         1.0600E+01
              6                 15               1153         1.2050E+01
              6                 16                368         1.3600E+01
              6                 17                105         1.5250E+01
              6                 18                 31         1.7000E+01
              6                 19                  1         1.8850E+01
              7                 -3                 10         9.0000E-01
              7                 -2                 59         6.5000E-01
              7                 -1                233         5.0000E-01
              7                  0               1995         4.5000E-01
              7                  1               2247         5.0000E-01
              7                  2               3223         6.5000E-01
              7                  3               4568         9.0000E-01
              7                  4               5942         1.2500E+00
              7                  5               6837         1.7000E+00
              7                  6               8058         2.2500E+00
              7                  7               9218         2.9000E+00
              7                  8               9851         3.6500E+00
              7                  9               8922         4.5000E+00
              7                 10               8591         5.4500E+00
              7                 11               8140         6.5000E+00
              7                 12               6526         7.6500E+00
              7                 13               4656         8.9000E+00
              7                 14               2872         1.0250E+01
              7                 15               1369         1.1700E+01
              7                 16                617         1.3250E+01
              7                 17                301         1.4900E+01
              7                 18                122         1.6650E+01
              7                 19                  8         1.8500E+01
              8                 -4                  3         1.0000E+00
              8                 -3                 50         6.5000E-01
              8                 -2                337         4.0000E-01
              8                 -1                871         2.5000E-01
              8                  0               5053         2.0000E-01
              8                  1               4993         2.5000E-01
              8                  2               6280         4.0000E-01
              8                  3               7769         6.5000E-01
              8                  4               9657         1.0000E+00
              8                  5              11072         1.4500E+00
              8                  6              12909         2.0000E+00
              8                  7              14516         2.6500E+00
              8                  8              15886         3.4000E+00
              8                  9              16043         4.2500E+00
              8                 10              14844         5.2000E+00
              8                 11              13073         6.2500E+00
              8                 12               9644         7.4000E+00
              8                 13               6635         8.6500E+00
              8                 14               4137         1.0000E+01
              8                 15               1858         1.1450E+01
              8                 16                709         1.3000E+01
              8                 17                310         1.4650E+01
              8                 18                 56         1.6400E+01
              8                 19                  3         1.8250E+01
              9                 -4                 13         8.5000E-01
              9                 -3                 90         5.0000E-01
              9                 -2                558         2.5000E-01
              9                 -1               1452         1.0000E-01
              9                  0               8250         5.0000E-02
              9                  1               7666         1.0000E-01
              9                  2               9584         2.5000E-01
              9                  3              10380         5.0000E-01
              9                  4              11365         8.5000E-01
              9                  5              13200         1.3000E+00
              9                  6              15041         1.8500E+00
              9                  7              17384         2.5000E+00
              9                  8              18595         3.2500E+00
              9                  9              18777         4.1000E+00
              9                 10              17551         5.0500E+00
              9                 11              15243         6.1000E+00
              9                 12              11939         7.2500E+00
              9                 13               7820         8.5000E+00
              9                 14               4357         9.8500E+00
              9                 15               1920         1.1300E+01
              9                 16                761         1.2850E+01
              9                 17                374         1.4500E+01
              9                 18                 77         1.6250E+01
              9                 19                  5         1.8100E+01
             10                 -5                  1         1.2500E+00
             10                 -4                 16         8.0000E-01
             10                 -3                 92         4.5000E-01
             10                 -2                363         2.0000E-01
             10                 -1               1362         5.0000E-02
             10                  0               8181         0.0000E+00
             10                  1               7724         5.0000E-02
             10                  2               9810         2.0000E-01
             10                  3              11873         4.5000E-01
             10                  4              13093         8.0000E-01
             10                  5              14725         1.2500E+00
             10                  6              16033         1.8000E+00
             10                  7              16704         2.4500E+00
             10                  8              17145         3.2000E+00
             10                  9              15800         4.0500E+00
             10                 10              13936         5.0000E+00
             10                 11              11590         6.0500E+00
             10                 12               9013         7.2000E+00
             10                 13               5630         8.4500E+00
             10                 14               2612         9.8000E+00
             10                 15               1351         1.1250E+01
             10                 16                550         1.2800E+01
             10                 17                212         1.4450E+01
             10                 18                 77         1.6200E+01
             10                 19                  5         1.8050E+01
             11                 -4                  8         8.5000E-01
             11                 -3                 30         5.0000E-01
             11                 -2                304         2.5000E-01
             11                 -1               1053         1.0000E-01
             11                  0               5891         5.0000E-02
             11                  1               6310         1.0000E-01
             11                  2               9121         2.5000E-01
             11                  3              12991         5.0000E-01
             11                  4              16312         8.5000E-01
             11                  5              16858         1.3000E+00
             11                  6              15057         1.8500E+00
             11                  7              12659         2.5000E+00
             11                  8              11072         3.2500E+00
             11                  9               9691         4.1000E+00
             11                 10               7856         5.0500E+00
             11                 11               5528         6.1000E+00
             11                 12               3410         7.2500E+00
             11                 13               2142         8.5000E+00
             11                 14                993         9.8500E+00
             11                 15                285         1.1300E+01
             11                 16                147         1.2850E+01
             11                 17                 42         1.4500E+01
             11                 18                  2         1.6250E+01
             12                 -4                 11         1.0000E+00
             12                 -3                 22         6.5000E-01
             12                 -2                182         4.0000E-01
             12                 -1                635         2.5000E-01
             12                  0               3146         2.0000E-01
             12                  1               3360         2.5000E-01
             12                  2               6759         4.0000E-01
             12                  3              11493         6.5000E-01
             12                  4              14925         1.0000E+00
             12                  5              14404         1.4500E+00
             12                  6              11136         2.0000E+00
             12                  7               8085         2.6500E+00
             12                  8               5943         3.4000E+00
             12                  9               4486         4.2500E+00
             12                 10               2667         5.2000E+00
             12                 11               1550         6.2500E+00
             12                 12                830         7.4000E+00
             12                 13                590         8.6500E+00
             12                 14                279         1.0000E+01
             12                 15                 84         1.1450E+01
             12                 16                 32         1.3000E+01
             12                 17                  4         1.4650E+01
             13                 -4                  2         1.2500E+00
             13                 -3                  3         9.0000E-01
             13                 -2                 54         6.5000E-01
             13                 -1                232         5.0000E-01
             13                  0               1389         4.5000E-01
             13                  1               2034         5.0000E-01
             13                  2               4723         6.5000E-01
             13                  3               8759         9.0000E-01
             13                  4              11437         1.2500E+00
             13                  5               9656         1.7000E+00
             13                  6               6588         2.2500E+00
             13                  7               4119         2.9000E+00
             13                  8               2172         3.6500E+00
             13                  9               1249         4.5000E+00
             13                 10                650         5.4500E+00
             13                 11                348         6.5000E+00
             13                 12                177         7.6500E+00
             13                 13                 25         8.9000E+00
             13                 14                 15         1.0250E+01
             13                 15                  7         1.1700E+01
             13                 16                  5         1.3250E+01
             13                 17                  1         1.4900E+01
             14                 -2                 11         1.0000E+00
             14                 -1                 81         8.5000E-01
             14                  0                578         8.0000E-01
             14                  1                873         8.5000E-01
             14                  2               2595         1.0000E+00
             14                  3               4364         1.2500E+00
             14                  4               5560         1.6000E+00
             14                  5               4979         2.0500E+00
             14                  6               3288         2.6000E+00
             14                  7               1704         3.2500E+00
             14                  8                674         4.0000E+00
             14                  9                240         4.8500E+00
             14                 10                137         5.8000E+00
             14                 11                 52         6.8500E+00
             14                 12                  8         8.0000E+00
             14                 13                  2         9.2500E+00
             15                 -2                  7         1.4500E+00
             15                 -1                 14         1.3000E+00
             15                  0                166         1.2500E+00
             15                  1                240         1.3000E+00
             15                  2                774         1.4500E+00
             15                  3               1252         1.7000E+00
             15                  4               1601         2.0500E+00
             15                  5               1206         2.5000E+00
             15                  6                824         3.0500E+00
             15                  7                402         3.7000E+00
             15                  8                157         4.4500E+00
             15                  9                 71         5.3000E+00
             15                 10                 17         6.2500E+00
             16                  0                 20         1.8000E+00
             16                  1                 28         1.8500E+00
             16                  2                101         2.0000E+00
             16                  3                149         2.2500E+00
             16                  4                156         2.6000E+00
             16                  5                185         3.0500E+00
             16                  6                 96         3.6000E+00
             16                  7                 74         4.2500E+00
             16                  8                  8         5.0000E+00
             16                  9                 11         5.8500E+00
             16                 10                  6         6.8000E+00
