  #Crystal Size      Water Content              Count               Bias
              3                  4                  1         8.0000E+00
              4                  0                  1         6.0500E+00
              4                  5                  1         7.3000E+00
              5                  1                  6         5.0500E+00
              5                  2                  7         5.2000E+00
              5                  3                 18         5.4500E+00
              5                  4                 27         5.8000E+00
              5                  5                 10         6.2500E+00
              5                  6                 10         6.8000E+00
              5                  7                  8         7.4500E+00
              5                  8                  3         8.2000E+00
              5                 11                  1         1.1050E+01
              6                 -2                  3         4.2500E+00
              6                 -1                 15         4.1000E+00
              6                  0                 84         4.0500E+00
              6                  1                 42         4.1000E+00
              6                  2                 99         4.2500E+00
              6                  3                129         4.5000E+00
              6                  4                147         4.8500E+00
              6                  5                108         5.3000E+00
              6                  6                110         5.8500E+00
              6                  7                 60         6.5000E+00
              6                  8                 35         7.2500E+00
              6                  9                  8         8.1000E+00
              7                 -3                  1         3.6500E+00
              7                 -2                 13         3.4000E+00
              7                 -1                 77         3.2500E+00
              7                  0                630         3.2000E+00
              7                  1                410         3.2500E+00
              7                  2                692         3.4000E+00
              7                  3                751         3.6500E+00
              7                  4                731         4.0000E+00
              7                  5                668         4.4500E+00
              7                  6                629         5.0000E+00
              7                  7                442         5.6500E+00
              7                  8                238         6.4000E+00
              7                  9                 79         7.2500E+00
              7                 10                 17         8.2000E+00
              7                 11                  4         9.2500E+00
              7                 12                  1         1.0400E+01
              7                 13                  1         1.1650E+01
              8                 -3                 10         2.9000E+00
              8                 -2                109         2.6500E+00
              8                 -1                300         2.5000E+00
              8                  0               1800         2.4500E+00
              8                  1               1631         2.5000E+00
              8                  2               2250         2.6500E+00
              8                  3               3048         2.9000E+00
              8                  4               3077         3.2500E+00
              8                  5               2737         3.7000E+00
              8                  6               2207         4.2500E+00
              8                  7               1433         4.9000E+00
              8                  8                752         5.6500E+00
              8                  9                383         6.5000E+00
              8                 10                119         7.4500E+00
              8                 11                 20         8.5000E+00
              8                 12                  7         9.6500E+00
              8                 13                  3         1.0900E+01
              8                 14                 15         1.2250E+01
              8                 15                  1         1.3700E+01
              9                 -3                 18         2.2500E+00
              9                 -2                112         2.0000E+00
              9                 -1                470         1.8500E+00
              9                  0               3683         1.8000E+00
              9                  1               4027         1.8500E+00
              9                  2               6326         2.0000E+00
              9                  3               8357         2.2500E+00
              9                  4               9259         2.6000E+00
              9                  5               8222         3.0500E+00
              9                  6               6387         3.6000E+00
              9                  7               4288         4.2500E+00
              9                  8               2484         5.0000E+00
              9                  9               1455         5.8500E+00
              9                 10                514         6.8000E+00
              9                 11                120         7.8500E+00
              9                 12                 17         9.0000E+00
              9                 13                 19         1.0250E+01
              9                 14                 33         1.1600E+01
              9                 15                  8         1.3050E+01
             10                 -3                 13         1.7000E+00
             10                 -2                141         1.4500E+00
             10                 -1                669         1.3000E+00
             10                  0               6332         1.2500E+00
             10                  1               8257         1.3000E+00
             10                  2              13977         1.4500E+00
             10                  3              17757         1.7000E+00
             10                  4              19703         2.0500E+00
             10                  5              18763         2.5000E+00
             10                  6              14225         3.0500E+00
             10                  7               9835         3.7000E+00
             10                  8               7087         4.4500E+00
             10                  9               4158         5.3000E+00
             10                 10               1908         6.2500E+00
             10                 11                701         7.3000E+00
             10                 12                198         8.4500E+00
             10                 13                 58         9.7000E+00
             10                 14                 24         1.1050E+01
             10                 15                  5         1.2500E+01
             10                 16                  1         1.4050E+01
             11                 -5                  2         2.0500E+00
             11                 -4                 10         1.6000E+00
             11                 -3                 27         1.2500E+00
             11                 -2                146         1.0000E+00
             11                 -1                727         8.5000E-01
             11                  0               8696         8.0000E-01
             11                  1              12864         8.5000E-01
             11                  2              21244         1.0000E+00
             11                  3              29908         1.2500E+00
             11                  4              34700         1.6000E+00
             11                  5              32285         2.0500E+00
             11                  6              25119         2.6000E+00
             11                  7              17040         3.2500E+00
             11                  8              10709         4.0000E+00
             11                  9               6855         4.8500E+00
             11                 10               3388         5.8000E+00
             11                 11               1783         6.8500E+00
             11                 12                726         8.0000E+00
             11                 13                251         9.2500E+00
             11                 14                 71         1.0600E+01
             11                 15                 13         1.2050E+01
             12                 -4                 30         1.2500E+00
             12                 -3                 76         9.0000E-01
             12                 -2                336         6.5000E-01
             12                 -1               1221         5.0000E-01
             12                  0               9770         4.5000E-01
             12                  1              14088         5.0000E-01
             12                  2              22797         6.5000E-01
             12                  3              32561         9.0000E-01
             12                  4              37412         1.2500E+00
             12                  5              34585         1.7000E+00
             12                  6              26393         2.2500E+00
             12                  7              18908         2.9000E+00
             12                  8              13563         3.6500E+00
             12                  9               8005         4.5000E+00
             12                 10               4275         5.4500E+00
             12                 11               2005         6.5000E+00
             12                 12                841         7.6500E+00
             12                 13                218         8.9000E+00
             12                 14                 42         1.0250E+01
             12                 15                 13         1.1700E+01
             12                 16                  1         1.3250E+01
             13                 -4                 37         1.0000E+00
             13                 -3                332         6.5000E-01
             13                 -2                911         4.0000E-01
             13                 -1               2417         2.5000E-01
             13                  0              12249         2.0000E-01
             13                  1              11354         2.5000E-01
             13                  2              15798         4.0000E-01
             13                  3              20797         6.5000E-01
             13                  4              24211         1.0000E+00
             13                  5              22403         1.4500E+00
             13                  6              18258         2.0000E+00
             13                  7              13377         2.6500E+00
             13                  8               9207         3.4000E+00
             13                  9               5096         4.2500E+00
             13                 10               2615         5.2000E+00
             13                 11               1415         6.2500E+00
             13                 12                548         7.4000E+00
             13                 13                212         8.6500E+00
             13                 14                 56         1.0000E+01
             13                 15                 13         1.1450E+01
             14                 -5                  8         1.3000E+00
             14                 -4                 91         8.5000E-01
             14                 -3                791         5.0000E-01
             14                 -2               2156         2.5000E-01
             14                 -1               4898         1.0000E-01
             14                  0              16149         5.0000E-02
             14                  1               9210         1.0000E-01
             14                  2               8718         2.5000E-01
             14                  3               8434         5.0000E-01
             14                  4               8462         8.5000E-01
             14                  5               7399         1.3000E+00
             14                  6               5725         1.8500E+00
             14                  7               4797         2.5000E+00
             14                  8               3270         3.2500E+00
             14                  9               2102         4.1000E+00
             14                 10               1126         5.0500E+00
             14                 11                632         6.1000E+00
             14                 12                195         7.2500E+00
             14                 13                 49         8.5000E+00
             14                 14                 17         9.8500E+00
             14                 15                 38         1.1300E+01
             15                 -5                 23         1.2500E+00
             15                 -4                139         8.0000E-01
             15                 -3               1042         4.5000E-01
             15                 -2               3175         2.0000E-01
             15                 -1               6300         5.0000E-02
             15                  0              19037         0.0000E+00
             15                  1               9235         5.0000E-02
             15                  2               6113         2.0000E-01
             15                  3               4001         4.5000E-01
             15                  4               2737         8.0000E-01
             15                  5               1927         1.2500E+00
             15                  6               1343         1.8000E+00
             15                  7               1066         2.4500E+00
             15                  8                890         3.2000E+00
             15                  9                584         4.0500E+00
             15                 10                374         5.0000E+00
             15                 11                178         6.0500E+00
             15                 12                 29         7.2000E+00
             15                 14                  1         9.8000E+00
             16                 -5                 16         1.3000E+00
             16                 -4                114         8.5000E-01
             16                 -3                852         5.0000E-01
             16                 -2               2577         2.5000E-01
             16                 -1               5052         1.0000E-01
             16                  0              14783         5.0000E-02
             16                  1               6094         1.0000E-01
             16                  2               3691         2.5000E-01
             16                  3               2207         5.0000E-01
             16                  4               1447         8.5000E-01
             16                  5                727         1.3000E+00
             16                  6                582         1.8500E+00
             16                  7                299         2.5000E+00
             16                  8                247         3.2500E+00
             16                  9                114         4.1000E+00
             16                 10                 36         5.0500E+00
             16                 11                  5         6.1000E+00
             16                 12                  6         7.2500E+00
             17                 -5                  9         1.4500E+00
             17                 -4                 80         1.0000E+00
             17                 -3                399         6.5000E-01
             17                 -2               1179         4.0000E-01
             17                 -1               2127         2.5000E-01
             17                  0               5479         2.0000E-01
             17                  1               2129         2.5000E-01
             17                  2               1494         4.0000E-01
             17                  3                949         6.5000E-01
             17                  4                611         1.0000E+00
             17                  5                353         1.4500E+00
             17                  6                192         2.0000E+00
             17                  7                 39         2.6500E+00
             18                 -4                 18         1.2500E+00
             18                 -3                 79         9.0000E-01
             18                 -2                171         6.5000E-01
             18                 -1                359         5.0000E-01
             18                  0                745         4.5000E-01
             18                  1                325         5.0000E-01
             18                  2                314         6.5000E-01
             18                  3                346         9.0000E-01
             18                  4                239         1.2500E+00
             18                  5                122         1.7000E+00
             18                  6                 48         2.2500E+00
             18                  7                 40         2.9000E+00
             18                  8                  4         3.6500E+00
