  #Crystal Size      Water Content              Count               Bias
             41                 10                  4         1.1300E+01
             42                  8                  2         8.6500E+00
             42                 10                 15         1.1450E+01
             42                 11                  1         1.3000E+01
             42                 12                  3         1.4650E+01
             43                  7                  6         7.6500E+00
             43                  8                 39         8.9000E+00
             43                  9                 50         1.0250E+01
             43                 10                 36         1.1700E+01
             43                 11                 25         1.3250E+01
             43                 12                 11         1.4900E+01
             44                  6                  2         6.8500E+00
             44                  7                 97         8.0000E+00
             44                  8                203         9.2500E+00
             44                  9                254         1.0600E+01
             44                 10                294         1.2050E+01
             44                 11                114         1.3600E+01
             44                 12                 36         1.5250E+01
             44                 13                  8         1.7000E+01
             45                  6                 40         7.3000E+00
             45                  7                398         8.4500E+00
             45                  8                891         9.7000E+00
             45                  9               1572         1.1050E+01
             45                 10               1069         1.2500E+01
             45                 11                505         1.4050E+01
             45                 12                191         1.5700E+01
             45                 13                 33         1.7450E+01
             45                 14                  6         1.9300E+01
             46                  4                  2         5.8500E+00
             46                  5                 72         6.8000E+00
             46                  6                473         7.8500E+00
             46                  7               1392         9.0000E+00
             46                  8               3287         1.0250E+01
             46                  9               4267         1.1600E+01
             46                 10               3502         1.3050E+01
             46                 11               1756         1.4600E+01
             46                 12                762         1.6250E+01
             46                 13                156         1.8000E+01
             46                 14                 17         1.9850E+01
             46                 15                  5         2.1800E+01
             47                  4                 46         6.5000E+00
             47                  5                471         7.4500E+00
             47                  6               1815         8.5000E+00
             47                  7               5275         9.6500E+00
             47                  8              10057         1.0900E+01
             47                  9              11369         1.2250E+01
             47                 10               9342         1.3700E+01
             47                 11               4704         1.5250E+01
             47                 12               1867         1.6900E+01
             47                 13                670         1.8650E+01
             47                 14                156         2.0500E+01
             47                 15                 27         2.2450E+01
             47                 16                  3         2.4500E+01
             48                  3                 12         6.4000E+00
             48                  4                172         7.2500E+00
             48                  5               1323         8.2000E+00
             48                  6               6166         9.2500E+00
             48                  7              16425         1.0400E+01
             48                  8              27626         1.1650E+01
             48                  9              30375         1.3000E+01
             48                 10              24773         1.4450E+01
             48                 11              13830         1.6000E+01
             48                 12               5843         1.7650E+01
             48                 13               1774         1.9400E+01
             48                 14                365         2.1250E+01
             48                 15                105         2.3200E+01
             48                 16                 50         2.5250E+01
             48                 17                  6         2.7400E+01
             49                  3                 58         7.2500E+00
             49                  4                513         8.1000E+00
             49                  5               4369         9.0500E+00
             49                  6              17181         1.0100E+01
             49                  7              40384         1.1250E+01
             49                  8              66140         1.2500E+01
             49                  9              72877         1.3850E+01
             49                 10              56388         1.5300E+01
             49                 11              31574         1.6850E+01
             49                 12              13903         1.8500E+01
             49                 13               4290         2.0250E+01
             49                 14                976         2.2100E+01
             49                 15                190         2.4050E+01
             49                 16                 29         2.6100E+01
             50                  3                115         8.2000E+00
             50                  4               1591         9.0500E+00
             50                  5               9913         1.0000E+01
             50                  6              36823         1.1050E+01
             50                  7              84382         1.2200E+01
             50                  8             128249         1.3450E+01
             50                  9             140116         1.4800E+01
             50                 10             103014         1.6250E+01
             50                 11              58495         1.7800E+01
             50                 12              23974         1.9450E+01
             50                 13               7584         2.1200E+01
             50                 14               1795         2.3050E+01
             50                 15                353         2.5000E+01
             50                 16                119         2.7050E+01
             50                 17                 10         2.9200E+01
             50                 18                  3         3.1450E+01
             51                  3                210         9.2500E+00
             51                  4               2912         1.0100E+01
             51                  5              17159         1.1050E+01
             51                  6              59875         1.2100E+01
             51                  7             130272         1.3250E+01
             51                  8             195408         1.4500E+01
             51                  9             198122         1.5850E+01
             51                 10             144343         1.7300E+01
             51                 11              79269         1.8850E+01
             51                 12              32181         2.0500E+01
             51                 13               9572         2.2250E+01
             51                 14               2650         2.4100E+01
             51                 15                745         2.6050E+01
             51                 16                 90         2.8100E+01
             51                 17                  3         3.0250E+01
             51                 18                  4         3.2500E+01
             52                  2                  1         9.6500E+00
             52                  3                347         1.0400E+01
             52                  4               3957         1.1250E+01
             52                  5              23008         1.2200E+01
             52                  6              76119         1.3250E+01
             52                  7             159107         1.4400E+01
             52                  8             225653         1.5650E+01
             52                  9             218618         1.7000E+01
             52                 10             154474         1.8450E+01
             52                 11              81598         2.0000E+01
             52                 12              32642         2.1650E+01
             52                 13               9857         2.3400E+01
             52                 14               2425         2.5250E+01
             52                 15                640         2.7200E+01
             52                 16                141         2.9250E+01
             52                 17                 22         3.1400E+01
             52                 18                  2         3.3650E+01
             53                  2                  2         1.0900E+01
             53                  3                443         1.1650E+01
             53                  4               5147         1.2500E+01
             53                  5              22217         1.3450E+01
             53                  6              73833         1.4500E+01
             53                  7             152381         1.5650E+01
             53                  8             203127         1.6900E+01
             53                  9             191931         1.8250E+01
             53                 10             130398         1.9700E+01
             53                 11              67111         2.1250E+01
             53                 12              25345         2.2900E+01
             53                 13               7402         2.4650E+01
             53                 14               2098         2.6500E+01
             53                 15                636         2.8450E+01
             53                 16                 67         3.0500E+01
             53                 17                  5         3.2650E+01
             53                 18                  2         3.4900E+01
             54                  2                 38         1.2250E+01
             54                  3                471         1.3000E+01
             54                  4               4162         1.3850E+01
             54                  5              17953         1.4800E+01
             54                  6              58112         1.5850E+01
             54                  7             114887         1.7000E+01
             54                  8             146872         1.8250E+01
             54                  9             126806         1.9600E+01
             54                 10              84629         2.1050E+01
             54                 11              42390         2.2600E+01
             54                 12              15697         2.4250E+01
             54                 13               4541         2.6000E+01
             54                 14               1028         2.7850E+01
             54                 15                219         2.9800E+01
             54                 16                 77         3.1850E+01
             54                 17                  2         3.4000E+01
             55                  2                 46         1.3700E+01
             55                  3                339         1.4450E+01
             55                  4               2615         1.5300E+01
             55                  5              10951         1.6250E+01
             55                  6              34746         1.7300E+01
             55                  7              68615         1.8450E+01
             55                  8              80203         1.9700E+01
             55                  9              67288         2.1050E+01
             55                 10              43359         2.2500E+01
             55                 11              19923         2.4050E+01
             55                 12               7890         2.5700E+01
             55                 13               2360         2.7450E+01
             55                 14                560         2.9300E+01
             55                 15                104         3.1250E+01
             55                 16                  9         3.3300E+01
             56                  2                 18         1.5250E+01
             56                  3                124         1.6000E+01
             56                  4               1000         1.6850E+01
             56                  5               5961         1.7800E+01
             56                  6              16943         1.8850E+01
             56                  7              30898         2.0000E+01
             56                  8              35779         2.1250E+01
             56                  9              27265         2.2600E+01
             56                 10              15958         2.4050E+01
             56                 11               7259         2.5600E+01
             56                 12               2615         2.7250E+01
             56                 13                752         2.9000E+01
             56                 14                189         3.0850E+01
             56                 15                 47         3.2800E+01
             56                 16                 14         3.4850E+01
             57                  3                 39         1.7650E+01
             57                  4                366         1.8500E+01
             57                  5               2290         1.9450E+01
             57                  6               6158         2.0500E+01
             57                  7               9952         2.1650E+01
             57                  8              10538         2.2900E+01
             57                  9               7533         2.4250E+01
             57                 10               4110         2.5700E+01
             57                 11               1891         2.7250E+01
             57                 12                610         2.8900E+01
             57                 13                166         3.0650E+01
             57                 14                 71         3.2500E+01
             57                 15                 41         3.4450E+01
             57                 16                  2         3.6500E+01
             58                  4                 80         2.0250E+01
             58                  5                572         2.1200E+01
             58                  6               1371         2.2250E+01
             58                  7               1913         2.3400E+01
             58                  8               1977         2.4650E+01
             58                  9               1380         2.6000E+01
             58                 10                684         2.7450E+01
             58                 11                318         2.9000E+01
             58                 12                107         3.0650E+01
             58                 13                 20         3.2400E+01
             58                 14                 18         3.4250E+01
             58                 15                 25         3.6200E+01
             58                 16                  2         3.8250E+01
             59                  4                 17         2.2100E+01
             59                  5                 50         2.3050E+01
             59                  6                131         2.4100E+01
             59                  7                217         2.5250E+01
             59                  8                227         2.6500E+01
             59                  9                 89         2.7850E+01
             59                 10                 49         2.9300E+01
             59                 11                 13         3.0850E+01
             59                 12                 11         3.2500E+01
             59                 13                  1         3.4250E+01
             59                 14                  4         3.6100E+01
             59                 15                  2         3.8050E+01
             60                  5                  2         2.5000E+01
             60                  6                  4         2.6050E+01
             60                  7                  9         2.7200E+01
             60                  8                  2         2.8450E+01
             60                 10                  1         3.1250E+01
             60                 11                  1         3.2800E+01
