  #Crystal Size      Water Content              Count               Bias
             32                 14                  2         1.0250E+01
             33                 13                  1         8.6500E+00
             33                 14                  7         1.0000E+01
             33                 16                  2         1.3000E+01
             34                 10                  2         5.0500E+00
             34                 11                  1         6.1000E+00
             34                 12                  5         7.2500E+00
             34                 13                  6         8.5000E+00
             34                 14                 17         9.8500E+00
             34                 15                 11         1.1300E+01
             34                 16                 30         1.2850E+01
             34                 17                  6         1.4500E+01
             34                 18                  1         1.6250E+01
             35                 10                  3         5.0000E+00
             35                 11                 39         6.0500E+00
             35                 12                 49         7.2000E+00
             35                 13                 64         8.4500E+00
             35                 14                118         9.8000E+00
             35                 15                137         1.1250E+01
             35                 16                110         1.2800E+01
             35                 17                 13         1.4450E+01
             35                 18                  7         1.6200E+01
             35                 19                  1         1.8050E+01
             36                  8                  3         3.2500E+00
             36                  9                  7         4.1000E+00
             36                 10                 58         5.0500E+00
             36                 11                154         6.1000E+00
             36                 12                358         7.2500E+00
             36                 13                436         8.5000E+00
             36                 14                627         9.8500E+00
             36                 15                447         1.1300E+01
             36                 16                313         1.2850E+01
             36                 17                139         1.4500E+01
             36                 18                 58         1.6250E+01
             36                 19                  7         1.8100E+01
             37                  9                 22         4.2500E+00
             37                 10                191         5.2000E+00
             37                 11                488         6.2500E+00
             37                 12               1291         7.4000E+00
             37                 13               1801         8.6500E+00
             37                 14               2358         1.0000E+01
             37                 15               2050         1.1450E+01
             37                 16               1146         1.3000E+01
             37                 17                720         1.4650E+01
             37                 18                221         1.6400E+01
             37                 19                 26         1.8250E+01
             37                 20                  3         2.0200E+01
             38                  8                  9         3.6500E+00
             38                  9                 30         4.5000E+00
             38                 10                506         5.4500E+00
             38                 11               1688         6.5000E+00
             38                 12               3655         7.6500E+00
             38                 13               5419         8.9000E+00
             38                 14               6556         1.0250E+01
             38                 15               5850         1.1700E+01
             38                 16               3350         1.3250E+01
             38                 17               1898         1.4900E+01
             38                 18                544         1.6650E+01
             38                 19                 73         1.8500E+01
             38                 20                  9         2.0450E+01
             39                  7                  3         3.2500E+00
             39                  8                 63         4.0000E+00
             39                  9                382         4.8500E+00
             39                 10               1627         5.8000E+00
             39                 11               4460         6.8500E+00
             39                 12               9529         8.0000E+00
             39                 13              13093         9.2500E+00
             39                 14              15674         1.0600E+01
             39                 15              13573         1.2050E+01
             39                 16               8130         1.3600E+01
             39                 17               3797         1.5250E+01
             39                 18               1103         1.7000E+01
             39                 19                185         1.8850E+01
             39                 20                 25         2.0800E+01
             40                  7                 56         3.7000E+00
             40                  8                331         4.4500E+00
             40                  9               1470         5.3000E+00
             40                 10               4828         6.2500E+00
             40                 11              11247         7.3000E+00
             40                 12              20840         8.4500E+00
             40                 13              27698         9.7000E+00
             40                 14              30763         1.1050E+01
             40                 15              25567         1.2500E+01
             40                 16              15887         1.4050E+01
             40                 17               7080         1.5700E+01
             40                 18               2347         1.7450E+01
             40                 19                343         1.9300E+01
             40                 20                 90         2.1250E+01
             40                 21                 26         2.3300E+01
             41                  6                 16         3.6000E+00
             41                  7                115         4.2500E+00
             41                  8                898         5.0000E+00
             41                  9               4508         5.8500E+00
             41                 10              12221         6.8000E+00
             41                 11              24858         7.8500E+00
             41                 12              40858         9.0000E+00
             41                 13              51668         1.0250E+01
             41                 14              52890         1.1600E+01
             41                 15              41327         1.3050E+01
             41                 16              26075         1.4600E+01
             41                 17              12549         1.6250E+01
             41                 18               4094         1.8000E+01
             41                 19                698         1.9850E+01
             41                 20                170         2.1800E+01
             41                 21                 41         2.3850E+01
             42                  5                  6         3.7000E+00
             42                  6                 60         4.2500E+00
             42                  7                190         4.9000E+00
             42                  8               2151         5.6500E+00
             42                  9               9471         6.5000E+00
             42                 10              25851         7.4500E+00
             42                 11              48941         8.5000E+00
             42                 12              71454         9.6500E+00
             42                 13              86674         1.0900E+01
             42                 14              82291         1.2250E+01
             42                 15              64833         1.3700E+01
             42                 16              38752         1.5250E+01
             42                 17              17959         1.6900E+01
             42                 18               5831         1.8650E+01
             42                 19               1238         2.0500E+01
             42                 20                319         2.2450E+01
             42                 21                 32         2.4500E+01
             42                 22                  2         2.6650E+01
             43                  5                  4         4.4500E+00
             43                  6                 89         5.0000E+00
             43                  7                713         5.6500E+00
             43                  8               3876         6.4000E+00
             43                  9              15597         7.2500E+00
             43                 10              42804         8.2000E+00
             43                 11              78457         9.2500E+00
             43                 12             111984         1.0400E+01
             43                 13             127686         1.1650E+01
             43                 14             117232         1.3000E+01
             43                 15              89737         1.4450E+01
             43                 16              51950         1.6000E+01
             43                 17              22622         1.7650E+01
             43                 18               7531         1.9400E+01
             43                 19               1739         2.1250E+01
             43                 20                239         2.3200E+01
             43                 21                 12         2.5250E+01
             43                 22                 31         2.7400E+01
             44                  5                  1         5.3000E+00
             44                  6                165         5.8500E+00
             44                  7               1137         6.5000E+00
             44                  8               5813         7.2500E+00
             44                  9              21073         8.1000E+00
             44                 10              55003         9.0500E+00
             44                 11             103642         1.0100E+01
             44                 12             143472         1.1250E+01
             44                 13             161404         1.2500E+01
             44                 14             149508         1.3850E+01
             44                 15             110329         1.5300E+01
             44                 16              62493         1.6850E+01
             44                 17              26633         1.8500E+01
             44                 18               9348         2.0250E+01
             44                 19               2204         2.2100E+01
             44                 20                323         2.4050E+01
             44                 21                 42         2.6100E+01
             44                 22                 13         2.8250E+01
             44                 23                  2         3.0500E+01
             45                  5                  5         6.2500E+00
             45                  6                 89         6.8000E+00
             45                  7               1125         7.4500E+00
             45                  8               5961         8.2000E+00
             45                  9              21940         9.0500E+00
             45                 10              58394         1.0000E+01
             45                 11             108066         1.1050E+01
             45                 12             153057         1.2200E+01
             45                 13             173269         1.3450E+01
             45                 14             157947         1.4800E+01
             45                 15             114386         1.6250E+01
             45                 16              62164         1.7800E+01
             45                 17              28064         1.9450E+01
             45                 18               9595         2.1200E+01
             45                 19               2211         2.3050E+01
             45                 20                378         2.5000E+01
             45                 21                 65         2.7050E+01
             45                 22                 19         2.9200E+01
             45                 23                  2         3.1450E+01
             46                  5                  3         7.3000E+00
             46                  6                 47         7.8500E+00
             46                  7                907         8.5000E+00
             46                  8               4718         9.2500E+00
             46                  9              18486         1.0100E+01
             46                 10              47900         1.1050E+01
             46                 11              90814         1.2100E+01
             46                 12             131959         1.3250E+01
             46                 13             145508         1.4500E+01
             46                 14             131215         1.5850E+01
             46                 15              93811         1.7300E+01
             46                 16              53220         1.8850E+01
             46                 17              22324         2.0500E+01
             46                 18               7260         2.2250E+01
             46                 19               1598         2.4100E+01
             46                 20                257         2.6050E+01
             46                 21                 38         2.8100E+01
             46                 22                  7         3.0250E+01
             47                  6                 53         9.0000E+00
             47                  7                433         9.6500E+00
             47                  8               2719         1.0400E+01
             47                  9              10721         1.1250E+01
             47                 10              30828         1.2200E+01
             47                 11              58642         1.3250E+01
             47                 12              86572         1.4400E+01
             47                 13              98008         1.5650E+01
             47                 14              85291         1.7000E+01
             47                 15              61995         1.8450E+01
             47                 16              35543         2.0000E+01
             47                 17              13628         2.1650E+01
             47                 18               4169         2.3400E+01
             47                 19               1080         2.5250E+01
             47                 20                160         2.7200E+01
             47                 21                 17         2.9250E+01
             47                 22                  6         3.1400E+01
             48                  6                 19         1.0250E+01
             48                  7                263         1.0900E+01
             48                  8               1339         1.1650E+01
             48                  9               5296         1.2500E+01
             48                 10              14962         1.3450E+01
             48                 11              28535         1.4500E+01
             48                 12              43135         1.5650E+01
             48                 13              49515         1.6900E+01
             48                 14              41578         1.8250E+01
             48                 15              28712         1.9700E+01
             48                 16              16019         2.1250E+01
             48                 17               6403         2.2900E+01
             48                 18               1937         2.4650E+01
             48                 19                418         2.6500E+01
             48                 20                 60         2.8450E+01
             48                 21                  5         3.0500E+01
             48                 22                  1         3.2650E+01
             49                  6                  7         1.1600E+01
             49                  7                153         1.2250E+01
             49                  8                570         1.3000E+01
             49                  9               1782         1.3850E+01
             49                 10               5308         1.4800E+01
             49                 11              10126         1.5850E+01
             49                 12              15301         1.7000E+01
             49                 13              16530         1.8250E+01
             49                 14              14553         1.9600E+01
             49                 15               9862         2.1050E+01
             49                 16               5672         2.2600E+01
             49                 17               2489         2.4250E+01
             49                 18                487         2.6000E+01
             49                 19                102         2.7850E+01
             49                 20                  8         2.9800E+01
             50                  6                  3         1.3050E+01
             50                  7                 39         1.3700E+01
             50                  8                176         1.4450E+01
             50                  9                452         1.5300E+01
             50                 10               1264         1.6250E+01
             50                 11               2578         1.7300E+01
             50                 12               3717         1.8450E+01
             50                 13               4231         1.9700E+01
             50                 14               3529         2.1050E+01
             50                 15               2579         2.2500E+01
             50                 16               1391         2.4050E+01
             50                 17                655         2.5700E+01
             50                 18                129         2.7450E+01
             50                 19                 17         2.9300E+01
             51                  7                 24         1.5250E+01
             51                  8                 48         1.6000E+01
             51                  9                 85         1.6850E+01
             51                 10                167         1.7800E+01
             51                 11                373         1.8850E+01
             51                 12                690         2.0000E+01
             51                 13                863         2.1250E+01
             51                 14                665         2.2600E+01
             51                 15                412         2.4050E+01
             51                 16                259         2.5600E+01
             51                 17                130         2.7250E+01
             51                 18                 29         2.9000E+01
             52                 10                  8         1.9450E+01
             52                 11                 31         2.0500E+01
             52                 12                 42         2.1650E+01
             52                 13                157         2.2900E+01
             52                 14                 64         2.4250E+01
             52                 15                 22         2.5700E+01
             52                 16                 13         2.7250E+01
             52                 17                  4         2.8900E+01
             53                 13                 14         2.4650E+01
             53                 14                  8         2.6000E+01
             53                 15                  1         2.7450E+01
             53                 16                  1         2.9000E+01
