  #Crystal Size      Water Content              Count               Bias
             43                 24                  2         3.2500E+00
             44                 18                  2         2.0000E+00
             44                 20                  1         1.8000E+00
             44                 21                  1         1.8500E+00
             44                 22                  5         2.0000E+00
             44                 23                  9         2.2500E+00
             44                 24                  2         2.6000E+00
             44                 26                 20         3.6000E+00
             44                 27                  2         4.2500E+00
             45                 14                  3         3.0500E+00
             45                 15                  7         2.5000E+00
             45                 16                  5         2.0500E+00
             45                 17                  4         1.7000E+00
             45                 18                 19         1.4500E+00
             45                 19                 19         1.3000E+00
             45                 20                 28         1.2500E+00
             45                 21                 26         1.3000E+00
             45                 22                 32         1.4500E+00
             45                 23                 36         1.7000E+00
             45                 24                 26         2.0500E+00
             45                 25                 15         2.5000E+00
             45                 26                  7         3.0500E+00
             45                 27                 12         3.7000E+00
             46                 14                 14         2.6000E+00
             46                 15                 22         2.0500E+00
             46                 16                 45         1.6000E+00
             46                 17                116         1.2500E+00
             46                 18                154         1.0000E+00
             46                 19                171         8.5000E-01
             46                 20                235         8.0000E-01
             46                 21                314         8.5000E-01
             46                 22                289         1.0000E+00
             46                 23                214         1.2500E+00
             46                 24                192         1.6000E+00
             46                 25                145         2.0500E+00
             46                 26                 51         2.6000E+00
             46                 27                 17         3.2500E+00
             46                 28                 10         4.0000E+00
             47                 13                  3         2.9000E+00
             47                 14                 35         2.2500E+00
             47                 15                132         1.7000E+00
             47                 16                222         1.2500E+00
             47                 17                439         9.0000E-01
             47                 18                622         6.5000E-01
             47                 19                785         5.0000E-01
             47                 20                996         4.5000E-01
             47                 21               1426         5.0000E-01
             47                 22               1468         6.5000E-01
             47                 23               1192         9.0000E-01
             47                 24                764         1.2500E+00
             47                 25                518         1.7000E+00
             47                 26                262         2.2500E+00
             47                 27                106         2.9000E+00
             47                 28                 50         3.6500E+00
             47                 29                 25         4.5000E+00
             47                 30                  3         5.4500E+00
             48                 12                  1         3.4000E+00
             48                 13                 12         2.6500E+00
             48                 14                 97         2.0000E+00
             48                 15                440         1.4500E+00
             48                 16                792         1.0000E+00
             48                 17               1464         6.5000E-01
             48                 18               2169         4.0000E-01
             48                 19               3002         2.5000E-01
             48                 20               3862         2.0000E-01
             48                 21               5100         2.5000E-01
             48                 22               5697         4.0000E-01
             48                 23               4870         6.5000E-01
             48                 24               3354         1.0000E+00
             48                 25               2092         1.4500E+00
             48                 26                987         2.0000E+00
             48                 27                491         2.6500E+00
             48                 28                254         3.4000E+00
             48                 29                103         4.2500E+00
             48                 30                 17         5.2000E+00
             48                 31                  3         6.2500E+00
             49                 12                  6         3.2500E+00
             49                 13                 88         2.5000E+00
             49                 14                409         1.8500E+00
             49                 15               1323         1.3000E+00
             49                 16               2377         8.5000E-01
             49                 17               4418         5.0000E-01
             49                 18               7056         2.5000E-01
             49                 19               9498         1.0000E-01
             49                 20              12313         5.0000E-02
             49                 21              14792         1.0000E-01
             49                 22              16115         2.5000E-01
             49                 23              13711         5.0000E-01
             49                 24               9342         8.5000E-01
             49                 25               5393         1.3000E+00
             49                 26               2675         1.8500E+00
             49                 27               1406         2.5000E+00
             49                 28                762         3.2500E+00
             49                 29                320         4.1000E+00
             49                 30                 89         5.0500E+00
             49                 31                  9         6.1000E+00
             49                 33                  6         8.5000E+00
             50                 10                  1         5.0000E+00
             50                 11                 11         4.0500E+00
             50                 12                 61         3.2000E+00
             50                 13                384         2.4500E+00
             50                 14               1199         1.8000E+00
             50                 15               3144         1.2500E+00
             50                 16               6768         8.0000E-01
             50                 17              12527         4.5000E-01
             50                 18              19388         2.0000E-01
             50                 19              26731         5.0000E-02
             50                 20              33083         0.0000E+00
             50                 21              37221         5.0000E-02
             50                 22              36221         2.0000E-01
             50                 23              30535         4.5000E-01
             50                 24              20322         8.0000E-01
             50                 25              12464         1.2500E+00
             50                 26               6306         1.8000E+00
             50                 27               3337         2.4500E+00
             50                 28               1555         3.2000E+00
             50                 29                802         4.0500E+00
             50                 30                193         5.0000E+00
             50                 31                 52         6.0500E+00
             50                 32                  7         7.2000E+00
             50                 33                 10         8.4500E+00
             50                 34                  1         9.8000E+00
             51                 10                 12         5.0500E+00
             51                 11                 72         4.1000E+00
             51                 12                339         3.2500E+00
             51                 13               1046         2.5000E+00
             51                 14               3129         1.8500E+00
             51                 15               7320         1.3000E+00
             51                 16              15959         8.5000E-01
             51                 17              29267         5.0000E-01
             51                 18              46236         2.5000E-01
             51                 19              61661         1.0000E-01
             51                 20              72703         5.0000E-02
             51                 21              76386         1.0000E-01
             51                 22              70257         2.5000E-01
             51                 23              56195         5.0000E-01
             51                 24              36870         8.5000E-01
             51                 25              21987         1.3000E+00
             51                 26              11848         1.8500E+00
             51                 27               6253         2.5000E+00
             51                 28               2965         3.2500E+00
             51                 29               1345         4.1000E+00
             51                 30                474         5.0500E+00
             51                 31                168         6.1000E+00
             51                 32                 30         7.2500E+00
             51                 33                  2         8.5000E+00
             52                 10                 22         5.2000E+00
             52                 11                182         4.2500E+00
             52                 12                587         3.4000E+00
             52                 13               2384         2.6500E+00
             52                 14               7108         2.0000E+00
             52                 15              15761         1.4500E+00
             52                 16              31638         1.0000E+00
             52                 17              53964         6.5000E-01
             52                 18              81108         4.0000E-01
             52                 19             105687         2.5000E-01
             52                 20             122307         2.0000E-01
             52                 21             124523         2.5000E-01
             52                 22             108270         4.0000E-01
             52                 23              81990         6.5000E-01
             52                 24              53463         1.0000E+00
             52                 25              30016         1.4500E+00
             52                 26              16394         2.0000E+00
             52                 27               9181         2.6500E+00
             52                 28               4483         3.4000E+00
             52                 29               2051         4.2500E+00
             52                 30                758         5.2000E+00
             52                 31                296         6.2500E+00
             52                 32                 58         7.4000E+00
             52                 33                  4         8.6500E+00
             53                  9                  7         6.5000E+00
             53                 10                107         5.4500E+00
             53                 11                388         4.5000E+00
             53                 12               1171         3.6500E+00
             53                 13               4065         2.9000E+00
             53                 14              10805         2.2500E+00
             53                 15              24643         1.7000E+00
             53                 16              47248         1.2500E+00
             53                 17              76727         9.0000E-01
             53                 18             108555         6.5000E-01
             53                 19             137645         5.0000E-01
             53                 20             155380         4.5000E-01
             53                 21             154888         5.0000E-01
             53                 22             131843         6.5000E-01
             53                 23              97055         9.0000E-01
             53                 24              61708         1.2500E+00
             53                 25              34439         1.7000E+00
             53                 26              18453         2.2500E+00
             53                 27               9693         2.9000E+00
             53                 28               4852         3.6500E+00
             53                 29               2197         4.5000E+00
             53                 30                856         5.4500E+00
             53                 31                331         6.5000E+00
             53                 32                140         7.6500E+00
             53                 33                 22         8.9000E+00
             54                  8                  1         8.0000E+00
             54                  9                 29         6.8500E+00
             54                 10                113         5.8000E+00
             54                 11                450         4.8500E+00
             54                 12               1498         4.0000E+00
             54                 13               4813         3.2500E+00
             54                 14              12960         2.6000E+00
             54                 15              29219         2.0500E+00
             54                 16              52197         1.6000E+00
             54                 17              80111         1.2500E+00
             54                 18             109143         1.0000E+00
             54                 19             131390         8.5000E-01
             54                 20             142625         8.0000E-01
             54                 21             137679         8.5000E-01
             54                 22             114204         1.0000E+00
             54                 23              83244         1.2500E+00
             54                 24              51344         1.6000E+00
             54                 25              28935         2.0500E+00
             54                 26              16054         2.6000E+00
             54                 27               8089         3.2500E+00
             54                 28               3857         4.0000E+00
             54                 29               1717         4.8500E+00
             54                 30                579         5.8000E+00
             54                 31                279         6.8500E+00
             54                 32                 62         8.0000E+00
             54                 33                  2         9.2500E+00
             55                  9                 13         7.3000E+00
             55                 10                 41         6.2500E+00
             55                 11                391         5.3000E+00
             55                 12               1516         4.4500E+00
             55                 13               4094         3.7000E+00
             55                 14              10910         3.0500E+00
             55                 15              24259         2.5000E+00
             55                 16              42041         2.0500E+00
             55                 17              61758         1.7000E+00
             55                 18              77958         1.4500E+00
             55                 19              91266         1.3000E+00
             55                 20              95692         1.2500E+00
             55                 21              86471         1.3000E+00
             55                 22              70411         1.4500E+00
             55                 23              50950         1.7000E+00
             55                 24              30439         2.0500E+00
             55                 25              16934         2.5000E+00
             55                 26               9137         3.0500E+00
             55                 27               4590         3.7000E+00
             55                 28               2093         4.4500E+00
             55                 29                945         5.3000E+00
             55                 30                449         6.2500E+00
             55                 31                136         7.3000E+00
             55                 32                 27         8.4500E+00
             56                  8                  1         9.0000E+00
             56                  9                  2         7.8500E+00
             56                 10                 39         6.8000E+00
             56                 11                254         5.8500E+00
             56                 12               1026         5.0000E+00
             56                 13               2730         4.2500E+00
             56                 14               6955         3.6000E+00
             56                 15              13877         3.0500E+00
             56                 16              23571         2.6000E+00
             56                 17              33354         2.2500E+00
             56                 18              41283         2.0000E+00
             56                 19              44724         1.8500E+00
             56                 20              43521         1.8000E+00
             56                 21              37895         1.8500E+00
             56                 22              30007         2.0000E+00
             56                 23              21022         2.2500E+00
             56                 24              12515         2.6000E+00
             56                 25               6729         3.0500E+00
             56                 26               3552         3.6000E+00
             56                 27               1697         4.2500E+00
             56                 28                656         5.0000E+00
             56                 29                359         5.8500E+00
             56                 30                122         6.8000E+00
             56                 31                 63         7.8500E+00
             56                 32                  9         9.0000E+00
             57                 10                  4         7.4500E+00
             57                 11                130         6.5000E+00
             57                 12                402         5.6500E+00
             57                 13               1400         4.9000E+00
             57                 14               2916         4.2500E+00
             57                 15               5438         3.7000E+00
             57                 16               8741         3.2500E+00
             57                 17              12346         2.9000E+00
             57                 18              13958         2.6500E+00
             57                 19              13834         2.5000E+00
             57                 20              12640         2.4500E+00
             57                 21              10045         2.5000E+00
             57                 22               7870         2.6500E+00
             57                 23               5413         2.9000E+00
             57                 24               3076         3.2500E+00
             57                 25               1592         3.7000E+00
             57                 26                787         4.2500E+00
             57                 27                308         4.9000E+00
             57                 28                140         5.6500E+00
             57                 29                 60         6.5000E+00
             57                 30                 38         7.4500E+00
             57                 31                  5         8.5000E+00
             58                 10                 10         8.2000E+00
             58                 11                 60         7.2500E+00
             58                 12                148         6.4000E+00
             58                 13                434         5.6500E+00
             58                 14                720         5.0000E+00
             58                 15               1488         4.4500E+00
             58                 16               2171         4.0000E+00
             58                 17               2799         3.6500E+00
             58                 18               2852         3.4000E+00
             58                 19               2527         3.2500E+00
             58                 20               2054         3.2000E+00
             58                 21               1496         3.2500E+00
             58                 22               1037         3.4000E+00
             58                 23                747         3.6500E+00
             58                 24                443         4.0000E+00
             58                 25                187         4.4500E+00
             58                 26                118         5.0000E+00
             58                 27                 24         5.6500E+00
             58                 28                  1         6.4000E+00
             59                 10                 12         9.0500E+00
             59                 11                 29         8.1000E+00
             59                 12                 40         7.2500E+00
             59                 13                 58         6.5000E+00
             59                 14                 97         5.8500E+00
             59                 15                166         5.3000E+00
             59                 16                247         4.8500E+00
             59                 17                324         4.5000E+00
             59                 18                306         4.2500E+00
             59                 19                209         4.1000E+00
             59                 20                151         4.0500E+00
             59                 21                103         4.1000E+00
             59                 22                 37         4.2500E+00
             59                 23                 43         4.5000E+00
             59                 24                  9         4.8500E+00
             59                 25                  1         5.3000E+00
             60                 11                 12         9.0500E+00
             60                 12                  3         8.2000E+00
             60                 13                  5         7.4500E+00
             60                 14                 11         6.8000E+00
             60                 15                  3         6.2500E+00
             60                 16                 24         5.8000E+00
             60                 17                 20         5.4500E+00
             60                 18                 13         5.2000E+00
             60                 19                  5         5.0500E+00
