  #Crystal Size      Water Content              Count               Bias
             27                 18                  1         3.6500E+00
             27                 20                  1         5.4500E+00
             27                 21                  1         6.5000E+00
             28                 17                  1         2.6500E+00
             28                 18                  6         3.4000E+00
             28                 19                  5         4.2500E+00
             28                 20                 15         5.2000E+00
             28                 21                  7         6.2500E+00
             29                 17                  9         2.5000E+00
             29                 18                 32         3.2500E+00
             29                 19                 44         4.1000E+00
             29                 20                 54         5.0500E+00
             29                 21                 55         6.1000E+00
             29                 22                 30         7.2500E+00
             29                 23                  6         8.5000E+00
             29                 24                  6         9.8500E+00
             30                 16                 22         1.8000E+00
             30                 17                 40         2.4500E+00
             30                 18                137         3.2000E+00
             30                 19                274         4.0500E+00
             30                 20                359         5.0000E+00
             30                 21                392         6.0500E+00
             30                 22                226         7.2000E+00
             30                 23                114         8.4500E+00
             30                 24                 46         9.8000E+00
             30                 25                  8         1.1250E+01
             31                 15                 10         1.3000E+00
             31                 16                111         1.8500E+00
             31                 17                223         2.5000E+00
             31                 18                720         3.2500E+00
             31                 19               1292         4.1000E+00
             31                 20               1599         5.0500E+00
             31                 21               1557         6.1000E+00
             31                 22               1012         7.2500E+00
             31                 23                481         8.5000E+00
             31                 24                195         9.8500E+00
             31                 25                 43         1.1300E+01
             31                 26                  3         1.2850E+01
             32                 14                  4         1.0000E+00
             32                 15                 63         1.4500E+00
             32                 16                383         2.0000E+00
             32                 17               1106         2.6500E+00
             32                 18               2643         3.4000E+00
             32                 19               4158         4.2500E+00
             32                 20               5085         5.2000E+00
             32                 21               4971         6.2500E+00
             32                 22               3616         7.4000E+00
             32                 23               1572         8.6500E+00
             32                 24                673         1.0000E+01
             32                 25                170         1.1450E+01
             32                 26                  9         1.3000E+01
             33                 14                 30         1.2500E+00
             33                 15                279         1.7000E+00
             33                 16               1136         2.2500E+00
             33                 17               3505         2.9000E+00
             33                 18               7317         3.6500E+00
             33                 19              11213         4.5000E+00
             33                 20              13594         5.4500E+00
             33                 21              13317         6.5000E+00
             33                 22               9071         7.6500E+00
             33                 23               3968         8.9000E+00
             33                 24               1553         1.0250E+01
             33                 25                482         1.1700E+01
             33                 26                 62         1.3250E+01
             33                 27                  2         1.4900E+01
             34                 14                 96         1.6000E+00
             34                 15                823         2.0500E+00
             34                 16               3336         2.6000E+00
             34                 17               8401         3.2500E+00
             34                 18              15609         4.0000E+00
             34                 19              23243         4.8500E+00
             34                 20              27879         5.8000E+00
             34                 21              26324         6.8500E+00
             34                 22              18085         8.0000E+00
             34                 23               8280         9.2500E+00
             34                 24               3452         1.0600E+01
             34                 25                935         1.2050E+01
             34                 26                223         1.3600E+01
             34                 27                 30         1.5250E+01
             34                 28                 13         1.7000E+01
             35                 12                  3         1.4500E+00
             35                 13                  7         1.7000E+00
             35                 14                250         2.0500E+00
             35                 15               2083         2.5000E+00
             35                 16               7569         3.0500E+00
             35                 17              17083         3.7000E+00
             35                 18              29390         4.4500E+00
             35                 19              41476         5.3000E+00
             35                 20              46553         6.2500E+00
             35                 21              41685         7.3000E+00
             35                 22              27725         8.4500E+00
             35                 23              14150         9.7000E+00
             35                 24               5685         1.1050E+01
             35                 25               1580         1.2500E+01
             35                 26                364         1.4050E+01
             35                 27                 82         1.5700E+01
             35                 28                 10         1.7450E+01
             36                 12                  5         2.0000E+00
             36                 13                 37         2.2500E+00
             36                 14                427         2.6000E+00
             36                 15               3512         3.0500E+00
             36                 16              13973         3.6000E+00
             36                 17              29832         4.2500E+00
             36                 18              48709         5.0000E+00
             36                 19              62837         5.8500E+00
             36                 20              66349         6.8000E+00
             36                 21              55677         7.8500E+00
             36                 22              36600         9.0000E+00
             36                 23              19310         1.0250E+01
             36                 24               7568         1.1600E+01
             36                 25               2256         1.3050E+01
             36                 26                619         1.4600E+01
             36                 27                115         1.6250E+01
             36                 28                 20         1.8000E+01
             37                 11                  2         2.5000E+00
             37                 12                 38         2.6500E+00
             37                 13                 66         2.9000E+00
             37                 14                819         3.2500E+00
             37                 15               5250         3.7000E+00
             37                 16              19487         4.2500E+00
             37                 17              43355         4.9000E+00
             37                 18              69279         5.6500E+00
             37                 19              85962         6.5000E+00
             37                 20              89286         7.4500E+00
             37                 21              73545         8.5000E+00
             37                 22              48437         9.6500E+00
             37                 23              25961         1.0900E+01
             37                 24              10115         1.2250E+01
             37                 25               3315         1.3700E+01
             37                 26                814         1.5250E+01
             37                 27                149         1.6900E+01
             37                 28                 34         1.8650E+01
             38                 11                 10         3.2500E+00
             38                 12                 75         3.4000E+00
             38                 13                291         3.6500E+00
             38                 14               1533         4.0000E+00
             38                 15               7199         4.4500E+00
             38                 16              25281         5.0000E+00
             38                 17              54011         5.6500E+00
             38                 18              83335         6.4000E+00
             38                 19             108025         7.2500E+00
             38                 20             112634         8.2000E+00
             38                 21              93026         9.2500E+00
             38                 22              64366         1.0400E+01
             38                 23              34445         1.1650E+01
             38                 24              13344         1.3000E+01
             38                 25               4383         1.4450E+01
             38                 26               1098         1.6000E+01
             38                 27                184         1.7650E+01
             38                 28                 18         1.9400E+01
             39                 10                  4         4.0500E+00
             39                 11                 44         4.1000E+00
             39                 12                222         4.2500E+00
             39                 13                645         4.5000E+00
             39                 14               2868         4.8500E+00
             39                 15              10704         5.3000E+00
             39                 16              29615         5.8500E+00
             39                 17              61092         6.5000E+00
             39                 18              92389         7.2500E+00
             39                 19             122744         8.1000E+00
             39                 20             130217         9.0500E+00
             39                 21             110614         1.0100E+01
             39                 22              77218         1.1250E+01
             39                 23              40699         1.2500E+01
             39                 24              16093         1.3850E+01
             39                 25               5170         1.5300E+01
             39                 26               1388         1.6850E+01
             39                 27                246         1.8500E+01
             39                 28                 35         2.0250E+01
             40                 10                  3         5.0000E+00
             40                 11                 51         5.0500E+00
             40                 12                294         5.2000E+00
             40                 13               1513         5.4500E+00
             40                 14               4547         5.8000E+00
             40                 15              12827         6.2500E+00
             40                 16              31984         6.8000E+00
             40                 17              61034         7.4500E+00
             40                 18              93632         8.2000E+00
             40                 19             121688         9.0500E+00
             40                 20             131073         1.0000E+01
             40                 21             112275         1.1050E+01
             40                 22              78921         1.2200E+01
             40                 23              41637         1.3450E+01
             40                 24              15970         1.4800E+01
             40                 25               5068         1.6250E+01
             40                 26               1178         1.7800E+01
             40                 27                240         1.9450E+01
             40                 28                 12         2.1200E+01
             41                 10                  2         6.0500E+00
             41                 11                 30         6.1000E+00
             41                 12                483         6.2500E+00
             41                 13               2073         6.5000E+00
             41                 14               5721         6.8500E+00
             41                 15              14826         7.3000E+00
             41                 16              30609         7.8500E+00
             41                 17              57826         8.5000E+00
             41                 18              84593         9.2500E+00
             41                 19             105224         1.0100E+01
             41                 20             112717         1.1050E+01
             41                 21              94719         1.2100E+01
             41                 22              65175         1.3250E+01
             41                 23              33638         1.4500E+01
             41                 24              12549         1.5850E+01
             41                 25               3768         1.7300E+01
             41                 26                828         1.8850E+01
             41                 27                155         2.0500E+01
             41                 28                 12         2.2250E+01
             42                 11                 57         7.2500E+00
             42                 12                706         7.4000E+00
             42                 13               2538         7.6500E+00
             42                 14               5930         8.0000E+00
             42                 15              14072         8.4500E+00
             42                 16              28343         9.0000E+00
             42                 17              48691         9.6500E+00
             42                 18              69266         1.0400E+01
             42                 19              81070         1.1250E+01
             42                 20              81345         1.2200E+01
             42                 21              69218         1.3250E+01
             42                 22              44991         1.4400E+01
             42                 23              22468         1.5650E+01
             42                 24               7518         1.7000E+01
             42                 25               2120         1.8450E+01
             42                 26                476         2.0000E+01
             42                 27                 98         2.1650E+01
             42                 28                  1         2.3400E+01
             43                 11                 73         8.5000E+00
             43                 12                638         8.6500E+00
             43                 13               2357         8.9000E+00
             43                 14               5338         9.2500E+00
             43                 15              11407         9.7000E+00
             43                 16              21387         1.0250E+01
             43                 17              34252         1.0900E+01
             43                 18              47011         1.1650E+01
             43                 19              53074         1.2500E+01
             43                 20              50512         1.3450E+01
             43                 21              41366         1.4500E+01
             43                 22              25876         1.5650E+01
             43                 23              12339         1.6900E+01
             43                 24               4273         1.8250E+01
             43                 25               1336         1.9700E+01
             43                 26                231         2.1250E+01
             43                 27                 17         2.2900E+01
             44                 11                 53         9.8500E+00
             44                 12                693         1.0000E+01
             44                 13               1519         1.0250E+01
             44                 14               3336         1.0600E+01
             44                 15               7554         1.1050E+01
             44                 16              12613         1.1600E+01
             44                 17              19846         1.2250E+01
             44                 18              26025         1.3000E+01
             44                 19              29150         1.3850E+01
             44                 20              26358         1.4800E+01
             44                 21              20332         1.5850E+01
             44                 22              12214         1.7000E+01
             44                 23               5750         1.8250E+01
             44                 24               2031         1.9600E+01
             44                 25                608         2.1050E+01
             44                 26                 75         2.2600E+01
             44                 27                  3         2.4250E+01
             45                 11                 20         1.1300E+01
             45                 12                352         1.1450E+01
             45                 13                788         1.1700E+01
             45                 14               1634         1.2050E+01
             45                 15               2922         1.2500E+01
             45                 16               5109         1.3050E+01
             45                 17               8184         1.3700E+01
             45                 18              10956         1.4450E+01
             45                 19              12850         1.5300E+01
             45                 20              11770         1.6250E+01
             45                 21               8530         1.7300E+01
             45                 22               4660         1.8450E+01
             45                 23               2120         1.9700E+01
             45                 24                699         2.1050E+01
             45                 25                153         2.2500E+01
             45                 26                 17         2.4050E+01
             46                 11                 22         1.2850E+01
             46                 12                 67         1.3000E+01
             46                 13                326         1.3250E+01
             46                 14                622         1.3600E+01
             46                 15               1191         1.4050E+01
             46                 16               1545         1.4600E+01
             46                 17               2519         1.5250E+01
             46                 18               3778         1.6000E+01
             46                 19               4184         1.6850E+01
             46                 20               4338         1.7800E+01
             46                 21               3149         1.8850E+01
             46                 22               1637         2.0000E+01
             46                 23                706         2.1250E+01
             46                 24                231         2.2600E+01
             46                 25                 80         2.4050E+01
             46                 26                 12         2.5600E+01
             46                 27                  1         2.7250E+01
             47                 11                  3         1.4500E+01
             47                 12                 51         1.4650E+01
             47                 13                125         1.4900E+01
             47                 14                172         1.5250E+01
             47                 15                230         1.5700E+01
             47                 16                314         1.6250E+01
             47                 17                402         1.6900E+01
             47                 18                796         1.7650E+01
             47                 19                999         1.8500E+01
             47                 20               1093         1.9450E+01
             47                 21                816         2.0500E+01
             47                 22                371         2.1650E+01
             47                 23                220         2.2900E+01
             47                 24                 69         2.4250E+01
             47                 25                  4         2.5700E+01
             48                 12                  6         1.6400E+01
             48                 13                  6         1.6650E+01
             48                 14                 18         1.7000E+01
             48                 15                 45         1.7450E+01
             48                 16                 39         1.8000E+01
             48                 17                 77         1.8650E+01
             48                 18                 92         1.9400E+01
             48                 19                170         2.0250E+01
             48                 20                282         2.1200E+01
             48                 21                167         2.2250E+01
             48                 22                 59         2.3400E+01
             48                 23                 23         2.4650E+01
             48                 24                  7         2.6000E+01
             48                 25                  1         2.7450E+01
             49                 15                  8         1.9300E+01
             49                 17                  2         2.0500E+01
             49                 18                  7         2.1250E+01
             49                 19                 11         2.2100E+01
             49                 20                 91         2.3050E+01
             49                 21                 25         2.4100E+01
             49                 22                  1         2.5250E+01
             49                 23                  5         2.6500E+01
             49                 24                  1         2.7850E+01
             50                 15                  1         2.1250E+01
             50                 21                  1         2.6050E+01
