  #Crystal Size      Water Content              Count               Bias
             42                 10                  1         1.1700E+01
             43                  8                  3         8.6500E+00
             43                  9                  1         1.0000E+01
             43                 10                  4         1.1450E+01
             43                 11                  1         1.3000E+01
             44                  7                 22         7.2500E+00
             44                  8                 38         8.5000E+00
             44                  9                 18         9.8500E+00
             44                 10                 15         1.1300E+01
             44                 11                  7         1.2850E+01
             45                  5                  1         5.0000E+00
             45                  6                 12         6.0500E+00
             45                  7                111         7.2000E+00
             45                  8                251         8.4500E+00
             45                  9                176         9.8000E+00
             45                 10                 94         1.1250E+01
             45                 11                 53         1.2800E+01
             45                 12                 21         1.4450E+01
             45                 13                  1         1.6200E+01
             46                  5                 41         5.0500E+00
             46                  6                235         6.1000E+00
             46                  7                658         7.2500E+00
             46                  8               1267         8.5000E+00
             46                  9               1023         9.8500E+00
             46                 10                635         1.1300E+01
             46                 11                273         1.2850E+01
             46                 12                108         1.4500E+01
             46                 13                 17         1.6250E+01
             46                 14                  2         1.8100E+01
             47                  4                 13         4.2500E+00
             47                  5                291         5.2000E+00
             47                  6               1070         6.2500E+00
             47                  7               2602         7.4000E+00
             47                  8               4108         8.6500E+00
             47                  9               4109         1.0000E+01
             47                 10               2849         1.1450E+01
             47                 11               1276         1.3000E+01
             47                 12                452         1.4650E+01
             47                 13                 66         1.6400E+01
             47                 14                  9         1.8250E+01
             47                 15                  6         2.0200E+01
             48                  4                 36         4.5000E+00
             48                  5                695         5.4500E+00
             48                  6               3195         6.5000E+00
             48                  7               7446         7.6500E+00
             48                  8              12239         8.9000E+00
             48                  9              11845         1.0250E+01
             48                 10               8600         1.1700E+01
             48                 11               3992         1.3250E+01
             48                 12               1499         1.4900E+01
             48                 13                382         1.6650E+01
             48                 14                 69         1.8500E+01
             48                 15                 39         2.0450E+01
             49                  3                 16         4.0000E+00
             49                  4                174         4.8500E+00
             49                  5               1705         5.8000E+00
             49                  6               7772         6.8500E+00
             49                  7              18577         8.0000E+00
             49                  8              27333         9.2500E+00
             49                  9              26780         1.0600E+01
             49                 10              19788         1.2050E+01
             49                 11              10204         1.3600E+01
             49                 12               3934         1.5250E+01
             49                 13               1047         1.7000E+01
             49                 14                250         1.8850E+01
             49                 15                 67         2.0800E+01
             49                 16                 10         2.2850E+01
             50                  3                 94         4.4500E+00
             50                  4                483         5.3000E+00
             50                  5               3740         6.2500E+00
             50                  6              15363         7.3000E+00
             50                  7              36157         8.4500E+00
             50                  8              54104         9.7000E+00
             50                  9              54255         1.1050E+01
             50                 10              38930         1.2500E+01
             50                 11              20861         1.4050E+01
             50                 12               8245         1.5700E+01
             50                 13               2244         1.7450E+01
             50                 14                528         1.9300E+01
             50                 15                208         2.1250E+01
             50                 16                 21         2.3300E+01
             51                  2                  6         4.2500E+00
             51                  3                126         5.0000E+00
             51                  4                990         5.8500E+00
             51                  5               7464         6.8000E+00
             51                  6              26705         7.8500E+00
             51                  7              63414         9.0000E+00
             51                  8              95557         1.0250E+01
             51                  9              95494         1.1600E+01
             51                 10              69935         1.3050E+01
             51                 11              36168         1.4600E+01
             51                 12              13945         1.6250E+01
             51                 13               4219         1.8000E+01
             51                 14               1030         1.9850E+01
             51                 15                167         2.1800E+01
             51                 16                 11         2.3850E+01
             52                  2                 11         4.9000E+00
             52                  3                190         5.6500E+00
             52                  4               1769         6.5000E+00
             52                  5              12422         7.4500E+00
             52                  6              44412         8.5000E+00
             52                  7             102210         9.6500E+00
             52                  8             151795         1.0900E+01
             52                  9             150172         1.2250E+01
             52                 10             105821         1.3700E+01
             52                 11              54481         1.5250E+01
             52                 12              20054         1.6900E+01
             52                 13               6211         1.8650E+01
             52                 14               1303         2.0500E+01
             52                 15                219         2.2450E+01
             52                 16                 15         2.4500E+01
             53                  2                 11         5.6500E+00
             53                  3                423         6.4000E+00
             53                  4               3301         7.2500E+00
             53                  5              18962         8.2000E+00
             53                  6              65894         9.2500E+00
             53                  7             145842         1.0400E+01
             53                  8             205844         1.1650E+01
             53                  9             198937         1.3000E+01
             53                 10             134416         1.4450E+01
             53                 11              68422         1.6000E+01
             53                 12              25187         1.7650E+01
             53                 13               6806         1.9400E+01
             53                 14               1332         2.1250E+01
             53                 15                217         2.3200E+01
             53                 16                 10         2.5250E+01
             54                  2                 26         6.5000E+00
             54                  3                540         7.2500E+00
             54                  4               4184         8.1000E+00
             54                  5              23972         9.0500E+00
             54                  6              82570         1.0100E+01
             54                  7             174475         1.1250E+01
             54                  8             231858         1.2500E+01
             54                  9             210044         1.3850E+01
             54                 10             135146         1.5300E+01
             54                 11              64474         1.6850E+01
             54                 12              22605         1.8500E+01
             54                 13               6603         2.0250E+01
             54                 14               1429         2.2100E+01
             54                 15                139         2.4050E+01
             54                 16                 16         2.6100E+01
             54                 17                  1         2.8250E+01
             55                  2                 40         7.4500E+00
             55                  3                578         8.2000E+00
             55                  4               5278         9.0500E+00
             55                  5              26276         1.0000E+01
             55                  6              82395         1.1050E+01
             55                  7             160529         1.2200E+01
             55                  8             200734         1.3450E+01
             55                  9             169389         1.4800E+01
             55                 10             103935         1.6250E+01
             55                 11              49481         1.7800E+01
             55                 12              17185         1.9450E+01
             55                 13               4621         2.1200E+01
             55                 14                950         2.3050E+01
             55                 15                145         2.5000E+01
             55                 16                  9         2.7050E+01
             56                  2                 28         8.5000E+00
             56                  3                557         9.2500E+00
             56                  4               4647         1.0100E+01
             56                  5              22308         1.1050E+01
             56                  6              61556         1.2100E+01
             56                  7             109815         1.3250E+01
             56                  8             125332         1.4500E+01
             56                  9             100942         1.5850E+01
             56                 10              60293         1.7300E+01
             56                 11              27465         1.8850E+01
             56                 12               8888         2.0500E+01
             56                 13               2340         2.2250E+01
             56                 14                440         2.4100E+01
             56                 15                 85         2.6050E+01
             56                 16                  3         2.8100E+01
             57                  2                 12         9.6500E+00
             57                  3                328         1.0400E+01
             57                  4               2939         1.1250E+01
             57                  5              14247         1.2200E+01
             57                  6              34352         1.3250E+01
             57                  7              53408         1.4400E+01
             57                  8              54694         1.5650E+01
             57                  9              42030         1.7000E+01
             57                 10              24215         1.8450E+01
             57                 11              10901         2.0000E+01
             57                 12               3536         2.1650E+01
             57                 13               1097         2.3400E+01
             57                 14                299         2.5250E+01
             57                 15                 46         2.7200E+01
             58                  2                 14         1.0900E+01
             58                  3                161         1.1650E+01
             58                  4               1388         1.2500E+01
             58                  5               5471         1.3450E+01
             58                  6              12023         1.4500E+01
             58                  7              16757         1.5650E+01
             58                  8              15626         1.6900E+01
             58                  9              10928         1.8250E+01
             58                 10               6067         1.9700E+01
             58                 11               2858         2.1250E+01
             58                 12               1067         2.2900E+01
             58                 13                273         2.4650E+01
             58                 14                 57         2.6500E+01
             58                 15                  5         2.8450E+01
             59                  2                  7         1.2250E+01
             59                  3                 43         1.3000E+01
             59                  4                358         1.3850E+01
             59                  5               1305         1.4800E+01
             59                  6               2281         1.5850E+01
             59                  7               3015         1.7000E+01
             59                  8               2613         1.8250E+01
             59                  9               1733         1.9600E+01
             59                 10               1177         2.1050E+01
             59                 11                494         2.2600E+01
             59                 12                163         2.4250E+01
             59                 13                 21         2.6000E+01
             59                 14                  1         2.7850E+01
             60                  3                  1         1.4450E+01
             60                  4                 15         1.5300E+01
             60                  5                111         1.6250E+01
             60                  6                171         1.7300E+01
             60                  7                235         1.8450E+01
             60                  8                176         1.9700E+01
             60                  9                 99         2.1050E+01
             60                 10                 45         2.2500E+01
             60                 11                 17         2.4050E+01
             60                 12                  7         2.5700E+01
