  #Crystal Size      Water Content              Count               Bias
             39                 22                  1         4.2500E+00
             39                 23                  1         5.0000E+00
             40                 22                  8         3.7000E+00
             40                 23                  6         4.4500E+00
             40                 24                  8         5.3000E+00
             40                 25                  7         6.2500E+00
             40                 26                  3         7.3000E+00
             40                 27                  1         8.4500E+00
             41                 21                  1         2.6000E+00
             41                 22                 39         3.2500E+00
             41                 23                 53         4.0000E+00
             41                 24                 88         4.8500E+00
             41                 25                 48         5.8000E+00
             41                 26                 50         6.8500E+00
             41                 27                 21         8.0000E+00
             41                 28                 14         9.2500E+00
             41                 29                  2         1.0600E+01
             42                 18                  9         9.0000E-01
             42                 19                 16         1.2500E+00
             42                 20                 10         1.7000E+00
             42                 21                  9         2.2500E+00
             42                 22                102         2.9000E+00
             42                 23                192         3.6500E+00
             42                 24                343         4.5000E+00
             42                 25                316         5.4500E+00
             42                 26                306         6.5000E+00
             42                 27                118         7.6500E+00
             42                 28                 60         8.9000E+00
             42                 29                 36         1.0250E+01
             42                 30                  6         1.1700E+01
             43                 16                  4         2.5000E-01
             43                 17                 14         4.0000E-01
             43                 18                 33         6.5000E-01
             43                 19                 95         1.0000E+00
             43                 20                137         1.4500E+00
             43                 21                131         2.0000E+00
             43                 22                244         2.6500E+00
             43                 23                653         3.4000E+00
             43                 24                921         4.2500E+00
             43                 25                913         5.2000E+00
             43                 26                988         6.2500E+00
             43                 27                506         7.4000E+00
             43                 28                266         8.6500E+00
             43                 29                 71         1.0000E+01
             43                 30                  6         1.1450E+01
             44                 14                  1         1.0000E-01
             44                 15                  5         5.0000E-02
             44                 16                 48         1.0000E-01
             44                 17                131         2.5000E-01
             44                 18                256         5.0000E-01
             44                 19                442         8.5000E-01
             44                 20                651         1.3000E+00
             44                 21                931         1.8500E+00
             44                 22               1003         2.5000E+00
             44                 23               1847         3.2500E+00
             44                 24               2796         4.1000E+00
             44                 25               3103         5.0500E+00
             44                 26               2636         6.1000E+00
             44                 27               1694         7.2500E+00
             44                 28                626         8.5000E+00
             44                 29                180         9.8500E+00
             44                 30                 36         1.1300E+01
             44                 31                  2         1.2850E+01
             45                 14                  5         5.0000E-02
             45                 15                 55         0.0000E+00
             45                 16                275         5.0000E-02
             45                 17                650         2.0000E-01
             45                 18               1476         4.5000E-01
             45                 19               2538         8.0000E-01
             45                 20               3273         1.2500E+00
             45                 21               3965         1.8000E+00
             45                 22               4117         2.4500E+00
             45                 23               5330         3.2000E+00
             45                 24               7232         4.0500E+00
             45                 25               7635         5.0000E+00
             45                 26               6733         6.0500E+00
             45                 27               4108         7.2000E+00
             45                 28               1858         8.4500E+00
             45                 29                563         9.8000E+00
             45                 30                108         1.1250E+01
             45                 31                 13         1.2800E+01
             45                 32                  1         1.4450E+01
             46                 13                 11         2.5000E-01
             46                 14                100         1.0000E-01
             46                 15                452         5.0000E-02
             46                 16               1298         1.0000E-01
             46                 17               3061         2.5000E-01
             46                 18               6180         5.0000E-01
             46                 19               9415         8.5000E-01
             46                 20              12197         1.3000E+00
             46                 21              13661         1.8500E+00
             46                 22              13602         2.5000E+00
             46                 23              14194         3.2500E+00
             46                 24              17135         4.1000E+00
             46                 25              19032         5.0500E+00
             46                 26              16910         6.1000E+00
             46                 27              10499         7.2500E+00
             46                 28               4301         8.5000E+00
             46                 29               1444         9.8500E+00
             46                 30                275         1.1300E+01
             46                 31                 35         1.2850E+01
             46                 32                  1         1.4500E+01
             47                 11                  2         1.0000E+00
             47                 12                 20         6.5000E-01
             47                 13                 90         4.0000E-01
             47                 14                446         2.5000E-01
             47                 15               1501         2.0000E-01
             47                 16               4493         2.5000E-01
             47                 17               9834         4.0000E-01
             47                 18              17780         6.5000E-01
             47                 19              27296         1.0000E+00
             47                 20              34026         1.4500E+00
             47                 21              36578         2.0000E+00
             47                 22              35101         2.6500E+00
             47                 23              32986         3.4000E+00
             47                 24              34205         4.2500E+00
             47                 25              36425         5.2000E+00
             47                 26              32383         6.2500E+00
             47                 27              20256         7.4000E+00
             47                 28               8473         8.6500E+00
             47                 29               2564         1.0000E+01
             47                 30                528         1.1450E+01
             47                 31                 76         1.3000E+01
             47                 32                  2         1.4650E+01
             48                 11                  6         1.2500E+00
             48                 12                 66         9.0000E-01
             48                 13                413         6.5000E-01
             48                 14               1419         5.0000E-01
             48                 15               4355         4.5000E-01
             48                 16              11548         5.0000E-01
             48                 17              23251         6.5000E-01
             48                 18              38901         9.0000E-01
             48                 19              57679         1.2500E+00
             48                 20              71704         1.7000E+00
             48                 21              74869         2.2500E+00
             48                 22              68121         2.9000E+00
             48                 23              58736         3.6500E+00
             48                 24              53366         4.5000E+00
             48                 25              54035         5.4500E+00
             48                 26              46444         6.5000E+00
             48                 27              29337         7.6500E+00
             48                 28              12432         8.9000E+00
             48                 29               3585         1.0250E+01
             48                 30                824         1.1700E+01
             48                 31                144         1.3250E+01
             48                 32                 11         1.4900E+01
             48                 33                  1         1.6650E+01
             49                 11                  9         1.6000E+00
             49                 12                214         1.2500E+00
             49                 13               1180         1.0000E+00
             49                 14               3605         8.5000E-01
             49                 15               9091         8.0000E-01
             49                 16              21781         8.5000E-01
             49                 17              42351         1.0000E+00
             49                 18              65909         1.2500E+00
             49                 19              92694         1.6000E+00
             49                 20             112447         2.0500E+00
             49                 21             112803         2.6000E+00
             49                 22              98610         3.2500E+00
             49                 23              79987         4.0000E+00
             49                 24              63548         4.8500E+00
             49                 25              58938         5.8000E+00
             49                 26              49380         6.8500E+00
             49                 27              32150         8.0000E+00
             49                 28              12871         9.2500E+00
             49                 29               4070         1.0600E+01
             49                 30                839         1.2050E+01
             49                 31                102         1.3600E+01
             49                 32                 10         1.5250E+01
             50                 11                 38         2.0500E+00
             50                 12                521         1.7000E+00
             50                 13               2057         1.4500E+00
             50                 14               6087         1.3000E+00
             50                 15              14605         1.2500E+00
             50                 16              30621         1.3000E+00
             50                 17              57783         1.4500E+00
             50                 18              85504         1.7000E+00
             50                 19             115825         2.0500E+00
             50                 20             134188         2.5000E+00
             50                 21             132935         3.0500E+00
             50                 22             110801         3.7000E+00
             50                 23              82563         4.4500E+00
             50                 24              59629         5.3000E+00
             50                 25              47722         6.2500E+00
             50                 26              36795         7.3000E+00
             50                 27              22614         8.4500E+00
             50                 28               9113         9.7000E+00
             50                 29               2918         1.1050E+01
             50                 30                675         1.2500E+01
             50                 31                 63         1.4050E+01
             50                 32                  3         1.5700E+01
             51                 10                  8         3.0500E+00
             51                 11                 52         2.6000E+00
             51                 12                661         2.2500E+00
             51                 13               2599         2.0000E+00
             51                 14               7462         1.8500E+00
             51                 15              16677         1.8000E+00
             51                 16              33323         1.8500E+00
             51                 17              59977         2.0000E+00
             51                 18              87318         2.2500E+00
             51                 19             112431         2.6000E+00
             51                 20             123212         3.0500E+00
             51                 21             121442         3.6000E+00
             51                 22             101297         4.2500E+00
             51                 23              70963         5.0000E+00
             51                 24              46954         5.8500E+00
             51                 25              31430         6.8000E+00
             51                 26              20457         7.8500E+00
             51                 27              11094         9.0000E+00
             51                 28               4400         1.0250E+01
             51                 29               1387         1.1600E+01
             51                 30                377         1.3050E+01
             51                 31                 86         1.4600E+01
             51                 32                 27         1.6250E+01
             51                 33                  3         1.8000E+01
             52                 10                  3         3.7000E+00
             52                 11                 55         3.2500E+00
             52                 12                542         2.9000E+00
             52                 13               2444         2.6500E+00
             52                 14               6402         2.5000E+00
             52                 15              13865         2.4500E+00
             52                 16              27437         2.5000E+00
             52                 17              47521         2.6500E+00
             52                 18              67649         2.9000E+00
             52                 19              85023         3.2500E+00
             52                 20              91958         3.7000E+00
             52                 21              88250         4.2500E+00
             52                 22              73273         4.9000E+00
             52                 23              50368         5.6500E+00
             52                 24              30551         6.5000E+00
             52                 25              17173         7.4500E+00
             52                 26               9278         8.5000E+00
             52                 27               3679         9.6500E+00
             52                 28               1348         1.0900E+01
             52                 29                386         1.2250E+01
             52                 30                106         1.3700E+01
             52                 31                  8         1.5250E+01
             53                 10                  2         4.4500E+00
             53                 11                 38         4.0000E+00
             53                 12                387         3.6500E+00
             53                 13               1513         3.4000E+00
             53                 14               3956         3.2500E+00
             53                 15               8600         3.2000E+00
             53                 16              17134         3.2500E+00
             53                 17              29140         3.4000E+00
             53                 18              40585         3.6500E+00
             53                 19              48952         4.0000E+00
             53                 20              52858         4.4500E+00
             53                 21              49173         5.0000E+00
             53                 22              39793         5.6500E+00
             53                 23              28142         6.4000E+00
             53                 24              16028         7.2500E+00
             53                 25               7979         8.2000E+00
             53                 26               3738         9.2500E+00
             53                 27               1223         1.0400E+01
             53                 28                466         1.1650E+01
             53                 29                106         1.3000E+01
             53                 30                 35         1.4450E+01
             53                 31                  4         1.6000E+01
             54                 11                 14         4.8500E+00
             54                 12                153         4.5000E+00
             54                 13                673         4.2500E+00
             54                 14               1780         4.1000E+00
             54                 15               3897         4.0500E+00
             54                 16               7461         4.1000E+00
             54                 17              12685         4.2500E+00
             54                 18              17430         4.5000E+00
             54                 19              21176         4.8500E+00
             54                 20              22479         5.3000E+00
             54                 21              20055         5.8500E+00
             54                 22              15441         6.5000E+00
             54                 23              11080         7.2500E+00
             54                 24               6246         8.1000E+00
             54                 25               2977         9.0500E+00
             54                 26               1339         1.0100E+01
             54                 27                338         1.1250E+01
             54                 28                100         1.2500E+01
             54                 29                  9         1.3850E+01
             54                 30                  1         1.5300E+01
             55                 10                  1         6.2500E+00
             55                 11                  6         5.8000E+00
             55                 12                 61         5.4500E+00
             55                 13                321         5.2000E+00
             55                 14                654         5.0500E+00
             55                 15               1287         5.0000E+00
             55                 16               2222         5.0500E+00
             55                 17               4018         5.2000E+00
             55                 18               5431         5.4500E+00
             55                 19               6255         5.8000E+00
             55                 20               6471         6.2500E+00
             55                 21               6292         6.8000E+00
             55                 22               4650         7.4500E+00
             55                 23               3296         8.2000E+00
             55                 24               2004         9.0500E+00
             55                 25                861         1.0000E+01
             55                 26                332         1.1050E+01
             55                 27                 62         1.2200E+01
             55                 28                  2         1.3450E+01
             56                 11                  4         6.8500E+00
             56                 12                 64         6.5000E+00
             56                 13                191         6.2500E+00
             56                 14                260         6.1000E+00
             56                 15                344         6.0500E+00
             56                 16                591         6.1000E+00
             56                 17                787         6.2500E+00
             56                 18               1002         6.5000E+00
             56                 19               1230         6.8500E+00
             56                 20               1427         7.3000E+00
             56                 21               1491         7.8500E+00
             56                 22                875         8.5000E+00
             56                 23                651         9.2500E+00
             56                 24                406         1.0100E+01
             56                 25                154         1.1050E+01
             56                 26                 24         1.2100E+01
             56                 27                  1         1.3250E+01
             57                 12                  2         7.6500E+00
             57                 13                 20         7.4000E+00
             57                 14                 37         7.2500E+00
             57                 15                 63         7.2000E+00
             57                 16                 40         7.2500E+00
             57                 17                 57         7.4000E+00
             57                 18                 85         7.6500E+00
             57                 19                154         8.0000E+00
             57                 20                158         8.4500E+00
             57                 21                212         9.0000E+00
             57                 22                148         9.6500E+00
             57                 23                 77         1.0400E+01
             57                 24                 45         1.1250E+01
             57                 25                  5         1.2200E+01
             58                 13                  3         8.6500E+00
             58                 14                  1         8.5000E+00
             58                 15                  1         8.4500E+00
             58                 17                  4         8.6500E+00
             58                 18                  3         8.9000E+00
             58                 19                  6         9.2500E+00
             58                 20                  8         9.7000E+00
             58                 21                 30         1.0250E+01
             58                 22                 21         1.0900E+01
             58                 23                  4         1.1650E+01
             58                 24                  3         1.2500E+01
