  #Crystal Size      Water Content              Count               Bias
             42                 13                  1         9.0000E-01
             43                 12                  1         4.0000E-01
             43                 13                  3         6.5000E-01
             43                 14                 15         1.0000E+00
             43                 15                 17         1.4500E+00
             43                 16                  4         2.0000E+00
             43                 17                  2         2.6500E+00
             44                 10                  1         5.0000E-02
             44                 11                  4         1.0000E-01
             44                 12                 23         2.5000E-01
             44                 13                 16         5.0000E-01
             44                 14                 47         8.5000E-01
             44                 15                 44         1.3000E+00
             44                 16                 52         1.8500E+00
             44                 17                  8         2.5000E+00
             44                 18                  1         3.2500E+00
             45                 10                 11         0.0000E+00
             45                 11                 26         5.0000E-02
             45                 12                 95         2.0000E-01
             45                 13                173         4.5000E-01
             45                 14                228         8.0000E-01
             45                 15                267         1.2500E+00
             45                 16                168         1.8000E+00
             45                 17                 93         2.4500E+00
             45                 18                 23         3.2000E+00
             45                 19                  4         4.0500E+00
             45                 20                  3         5.0000E+00
             46                  8                  4         2.5000E-01
             46                  9                  6         1.0000E-01
             46                 10                 34         5.0000E-02
             46                 11                166         1.0000E-01
             46                 12                479         2.5000E-01
             46                 13                800         5.0000E-01
             46                 14                978         8.5000E-01
             46                 15               1017         1.3000E+00
             46                 16                757         1.8500E+00
             46                 17                411         2.5000E+00
             46                 18                114         3.2500E+00
             46                 19                 19         4.1000E+00
             46                 20                 20         5.0500E+00
             46                 21                  3         6.1000E+00
             47                  7                  1         6.5000E-01
             47                  8                 18         4.0000E-01
             47                  9                 62         2.5000E-01
             47                 10                205         2.0000E-01
             47                 11                687         2.5000E-01
             47                 12               1656         4.0000E-01
             47                 13               2743         6.5000E-01
             47                 14               3154         1.0000E+00
             47                 15               2965         1.4500E+00
             47                 16               2333         2.0000E+00
             47                 17               1328         2.6500E+00
             47                 18                511         3.4000E+00
             47                 19                180         4.2500E+00
             47                 20                 91         5.2000E+00
             47                 21                 22         6.2500E+00
             47                 22                  5         7.4000E+00
             48                  7                  5         9.0000E-01
             48                  8                 66         6.5000E-01
             48                  9                247         5.0000E-01
             48                 10                768         4.5000E-01
             48                 11               2053         5.0000E-01
             48                 12               5302         6.5000E-01
             48                 13               7631         9.0000E-01
             48                 14               9049         1.2500E+00
             48                 15               8467         1.7000E+00
             48                 16               6314         2.2500E+00
             48                 17               3765         2.9000E+00
             48                 18               1604         3.6500E+00
             48                 19                741         4.5000E+00
             48                 20                239         5.4500E+00
             48                 21                 80         6.5000E+00
             48                 22                 36         7.6500E+00
             48                 23                  1         8.9000E+00
             49                  7                 18         1.2500E+00
             49                  8                136         1.0000E+00
             49                  9                739         8.5000E-01
             49                 10               2545         8.0000E-01
             49                 11               5987         8.5000E-01
             49                 12              12984         1.0000E+00
             49                 13              19950         1.2500E+00
             49                 14              22884         1.6000E+00
             49                 15              20670         2.0500E+00
             49                 16              15450         2.6000E+00
             49                 17               8803         3.2500E+00
             49                 18               4353         4.0000E+00
             49                 19               1876         4.8500E+00
             49                 20                731         5.8000E+00
             49                 21                339         6.8500E+00
             49                 22                 93         8.0000E+00
             49                 23                  8         9.2500E+00
             50                  6                  3         2.0500E+00
             50                  7                 47         1.7000E+00
             50                  8                412         1.4500E+00
             50                  9               2050         1.3000E+00
             50                 10               6638         1.2500E+00
             50                 11              16187         1.3000E+00
             50                 12              31290         1.4500E+00
             50                 13              46436         1.7000E+00
             50                 14              52427         2.0500E+00
             50                 15              46665         2.5000E+00
             50                 16              32627         3.0500E+00
             50                 17              19640         3.7000E+00
             50                 18              10297         4.4500E+00
             50                 19               4301         5.3000E+00
             50                 20               2024         6.2500E+00
             50                 21                969         7.3000E+00
             50                 22                243         8.4500E+00
             50                 23                 61         9.7000E+00
             50                 24                  8         1.1050E+01
             51                  6                  8         2.6000E+00
             51                  7                130         2.2500E+00
             51                  8                949         2.0000E+00
             51                  9               4258         1.8500E+00
             51                 10              14189         1.8000E+00
             51                 11              35242         1.8500E+00
             51                 12              65255         2.0000E+00
             51                 13              92615         2.2500E+00
             51                 14             101627         2.6000E+00
             51                 15              89129         3.0500E+00
             51                 16              61641         3.6000E+00
             51                 17              36006         4.2500E+00
             51                 18              18427         5.0000E+00
             51                 19               7935         5.8500E+00
             51                 20               3601         6.8000E+00
             51                 21               1253         7.8500E+00
             51                 22                382         9.0000E+00
             51                 23                115         1.0250E+01
             51                 24                 46         1.1600E+01
             51                 25                  8         1.3050E+01
             52                  6                  9         3.2500E+00
             52                  7                212         2.9000E+00
             52                  8               1754         2.6500E+00
             52                  9               7509         2.5000E+00
             52                 10              24356         2.4500E+00
             52                 11              60548         2.5000E+00
             52                 12             110071         2.6500E+00
             52                 13             152591         2.9000E+00
             52                 14             161321         3.2500E+00
             52                 15             134137         3.7000E+00
             52                 16              93324         4.2500E+00
             52                 17              54432         4.9000E+00
             52                 18              26629         5.6500E+00
             52                 19              12135         6.5000E+00
             52                 20               4881         7.4500E+00
             52                 21               1538         8.5000E+00
             52                 22                462         9.6500E+00
             52                 23                 57         1.0900E+01
             52                 24                 32         1.2250E+01
             53                  6                 18         4.0000E+00
             53                  7                405         3.6500E+00
             53                  8               2925         3.4000E+00
             53                  9              12334         3.2500E+00
             53                 10              35322         3.2000E+00
             53                 11              81810         3.2500E+00
             53                 12             141126         3.4000E+00
             53                 13             188759         3.6500E+00
             53                 14             196085         4.0000E+00
             53                 15             160229         4.4500E+00
             53                 16             108100         5.0000E+00
             53                 17              61658         5.6500E+00
             53                 18              28853         6.4000E+00
             53                 19              12137         7.2500E+00
             53                 20               4787         8.2000E+00
             53                 21               1627         9.2500E+00
             53                 22                565         1.0400E+01
             53                 23                126         1.1650E+01
             53                 24                 27         1.3000E+01
             54                  6                 33         4.8500E+00
             54                  7                620         4.5000E+00
             54                  8               3994         4.2500E+00
             54                  9              13918         4.1000E+00
             54                 10              39524         4.0500E+00
             54                 11              83325         4.1000E+00
             54                 12             139847         4.2500E+00
             54                 13             180041         4.5000E+00
             54                 14             177031         4.8500E+00
             54                 15             141752         5.3000E+00
             54                 16              92500         5.8500E+00
             54                 17              50739         6.5000E+00
             54                 18              22835         7.2500E+00
             54                 19               9086         8.1000E+00
             54                 20               3202         9.0500E+00
             54                 21               1104         1.0100E+01
             54                 22                420         1.1250E+01
             54                 23                103         1.2500E+01
             54                 24                 22         1.3850E+01
             54                 25                  1         1.5300E+01
             55                  5                  5         6.2500E+00
             55                  6                 65         5.8000E+00
             55                  7                790         5.4500E+00
             55                  8               4035         5.2000E+00
             55                  9              13150         5.0500E+00
             55                 10              33384         5.0000E+00
             55                 11              65937         5.0500E+00
             55                 12             103491         5.2000E+00
             55                 13             126764         5.4500E+00
             55                 14             121607         5.8000E+00
             55                 15              92140         6.2500E+00
             55                 16              58321         6.8000E+00
             55                 17              30612         7.4500E+00
             55                 18              13660         8.2000E+00
             55                 19               5438         9.0500E+00
             55                 20               1878         1.0000E+01
             55                 21                508         1.1050E+01
             55                 22                179         1.2200E+01
             55                 23                121         1.3450E+01
             55                 24                 29         1.4800E+01
             55                 25                  6         1.6250E+01
             56                  5                  4         7.3000E+00
             56                  6                 94         6.8500E+00
             56                  7                806         6.5000E+00
             56                  8               3178         6.2500E+00
             56                  9               8315         6.1000E+00
             56                 10              19297         6.0500E+00
             56                 11              36037         6.1000E+00
             56                 12              54283         6.2500E+00
             56                 13              64104         6.5000E+00
             56                 14              58786         6.8500E+00
             56                 15              45005         7.3000E+00
             56                 16              27306         7.8500E+00
             56                 17              14013         8.5000E+00
             56                 18               5661         9.2500E+00
             56                 19               2053         1.0100E+01
             56                 20                831         1.1050E+01
             56                 21                316         1.2100E+01
             56                 22                 80         1.3250E+01
             56                 23                  5         1.4500E+01
             57                  6                 34         8.0000E+00
             57                  7                413         7.6500E+00
             57                  8               1298         7.4000E+00
             57                  9               3459         7.2500E+00
             57                 10               7621         7.2000E+00
             57                 11              14078         7.2500E+00
             57                 12              20004         7.4000E+00
             57                 13              22873         7.6500E+00
             57                 14              20434         8.0000E+00
             57                 15              14728         8.4500E+00
             57                 16               8628         9.0000E+00
             57                 17               4624         9.6500E+00
             57                 18               1573         1.0400E+01
             57                 19                561         1.1250E+01
             57                 20                160         1.2200E+01
             57                 21                 84         1.3250E+01
             57                 22                 26         1.4400E+01
             57                 23                  1         1.5650E+01
             58                  6                 21         9.2500E+00
             58                  7                125         8.9000E+00
             58                  8                442         8.6500E+00
             58                  9               1007         8.5000E+00
             58                 10               2197         8.4500E+00
             58                 11               3473         8.5000E+00
             58                 12               4730         8.6500E+00
             58                 13               5503         8.9000E+00
             58                 14               4899         9.2500E+00
             58                 15               3283         9.7000E+00
             58                 16               1821         1.0250E+01
             58                 17                872         1.0900E+01
             58                 18                292         1.1650E+01
             58                 19                100         1.2500E+01
             58                 20                 14         1.3450E+01
             58                 21                  2         1.4500E+01
             59                  6                  4         1.0600E+01
             59                  7                 14         1.0250E+01
             59                  8                 46         1.0000E+01
             59                  9                126         9.8500E+00
             59                 10                260         9.8000E+00
             59                 11                590         9.8500E+00
             59                 12                788         1.0000E+01
             59                 13                716         1.0250E+01
             59                 14                630         1.0600E+01
             59                 15                390         1.1050E+01
             59                 16                254         1.1600E+01
             59                 17                131         1.2250E+01
             59                 18                 17         1.3000E+01
             59                 19                  3         1.3850E+01
             59                 20                  1         1.4800E+01
             60                 11                 20         1.1300E+01
             60                 12                 31         1.1450E+01
             60                 13                 58         1.1700E+01
             60                 14                 19         1.2050E+01
             60                 15                 19         1.2500E+01
             60                 16                 18         1.3050E+01
             60                 17                 21         1.3700E+01
             60                 18                  8         1.4450E+01
