  #Crystal Size      Water Content              Count               Bias
             47                 17                  1         3.4000E+00
             48                 16                  1         2.5000E+00
             48                 17                  4         2.6500E+00
             48                 18                 18         2.9000E+00
             48                 19                 42         3.2500E+00
             48                 20                 11         3.7000E+00
             48                 21                  7         4.2500E+00
             48                 22                  2         4.9000E+00
             49                 11                  1         2.6000E+00
             49                 12                  1         2.2500E+00
             49                 13                  3         2.0000E+00
             49                 14                 21         1.8500E+00
             49                 15                 22         1.8000E+00
             49                 16                 48         1.8500E+00
             49                 17                 68         2.0000E+00
             49                 18                159         2.2500E+00
             49                 19                166         2.6000E+00
             49                 20                108         3.0500E+00
             49                 21                 46         3.6000E+00
             49                 22                 27         4.2500E+00
             49                 23                  4         5.0000E+00
             50                 10                  1         2.5000E+00
             50                 11                  4         2.0500E+00
             50                 12                 14         1.7000E+00
             50                 13                 47         1.4500E+00
             50                 14                174         1.3000E+00
             50                 15                302         1.2500E+00
             50                 16                464         1.3000E+00
             50                 17                552         1.4500E+00
             50                 18                637         1.7000E+00
             50                 19                678         2.0500E+00
             50                 20                455         2.5000E+00
             50                 21                270         3.0500E+00
             50                 22                112         3.7000E+00
             50                 23                 25         4.4500E+00
             50                 24                  1         5.3000E+00
             51                 10                  1         2.0500E+00
             51                 11                 39         1.6000E+00
             51                 12                171         1.2500E+00
             51                 13                563         1.0000E+00
             51                 14               1176         8.5000E-01
             51                 15               1818         8.0000E-01
             51                 16               2471         8.5000E-01
             51                 17               2593         1.0000E+00
             51                 18               2358         1.2500E+00
             51                 19               2491         1.6000E+00
             51                 20               1898         2.0500E+00
             51                 21               1285         2.6000E+00
             51                 22                607         3.2500E+00
             51                 23                180         4.0000E+00
             51                 24                 31         4.8500E+00
             51                 25                  6         5.8000E+00
             52                  8                  4         2.9000E+00
             52                  9                  8         2.2500E+00
             52                 10                 68         1.7000E+00
             52                 11                253         1.2500E+00
             52                 12               1083         9.0000E-01
             52                 13               2838         6.5000E-01
             52                 14               5517         5.0000E-01
             52                 15               8497         4.5000E-01
             52                 16              10723         5.0000E-01
             52                 17              10757         6.5000E-01
             52                 18               8783         9.0000E-01
             52                 19               7530         1.2500E+00
             52                 20               6035         1.7000E+00
             52                 21               4217         2.2500E+00
             52                 22               2055         2.9000E+00
             52                 23                909         3.6500E+00
             52                 24                224         4.5000E+00
             52                 25                 43         5.4500E+00
             53                  7                  1         3.4000E+00
             53                  8                 12         2.6500E+00
             53                  9                 63         2.0000E+00
             53                 10                386         1.4500E+00
             53                 11               1737         1.0000E+00
             53                 12               5375         6.5000E-01
             53                 13              12571         4.0000E-01
             53                 14              21333         2.5000E-01
             53                 15              30335         2.0000E-01
             53                 16              35683         2.5000E-01
             53                 17              33422         4.0000E-01
             53                 18              27290         6.5000E-01
             53                 19              20899         1.0000E+00
             53                 20              15947         1.4500E+00
             53                 21              10670         2.0000E+00
             53                 22               5766         2.6500E+00
             53                 23               2376         3.4000E+00
             53                 24                738         4.2500E+00
             53                 25                156         5.2000E+00
             53                 26                 12         6.2500E+00
             54                  7                  3         3.2500E+00
             54                  8                 41         2.5000E+00
             54                  9                332         1.8500E+00
             54                 10               1937         1.3000E+00
             54                 11               6277         8.5000E-01
             54                 12              18263         5.0000E-01
             54                 13              38072         2.5000E-01
             54                 14              61393         1.0000E-01
             54                 15              82758         5.0000E-02
             54                 16              90697         1.0000E-01
             54                 17              81455         2.5000E-01
             54                 18              63748         5.0000E-01
             54                 19              45205         8.5000E-01
             54                 20              30864         1.3000E+00
             54                 21              19185         1.8500E+00
             54                 22              10506         2.5000E+00
             54                 23               4428         3.2500E+00
             54                 24               1349         4.1000E+00
             54                 25                395         5.0500E+00
             54                 26                 72         6.1000E+00
             54                 27                  5         7.2500E+00
             55                  6                  1         4.0500E+00
             55                  7                 44         3.2000E+00
             55                  8                193         2.4500E+00
             55                  9               1031         1.8000E+00
             55                 10               4906         1.2500E+00
             55                 11              16185         8.0000E-01
             55                 12              42228         4.5000E-01
             55                 13              82450         2.0000E-01
             55                 14             127786         5.0000E-02
             55                 15             161988         0.0000E+00
             55                 16             163444         5.0000E-02
             55                 17             142297         2.0000E-01
             55                 18             105366         4.5000E-01
             55                 19              69233         8.0000E-01
             55                 20              43507         1.2500E+00
             55                 21              25453         1.8000E+00
             55                 22              12936         2.4500E+00
             55                 23               5339         3.2000E+00
             55                 24               1908         4.0500E+00
             55                 25                597         5.0000E+00
             55                 26                154         6.0500E+00
             55                 27                 29         7.2000E+00
             55                 28                  2         8.4500E+00
             56                  6                  2         4.1000E+00
             56                  7                 44         3.2500E+00
             56                  8                339         2.5000E+00
             56                  9               1946         1.8500E+00
             56                 10               8881         1.3000E+00
             56                 11              28231         8.5000E-01
             56                 12              65540         5.0000E-01
             56                 13             121060         2.5000E-01
             56                 14             179774         1.0000E-01
             56                 15             216033         5.0000E-02
             56                 16             211550         1.0000E-01
             56                 17             173106         2.5000E-01
             56                 18             119160         5.0000E-01
             56                 19              73782         8.5000E-01
             56                 20              42507         1.3000E+00
             56                 21              22502         1.8500E+00
             56                 22              11014         2.5000E+00
             56                 23               4434         3.2500E+00
             56                 24               1532         4.1000E+00
             56                 25                425         5.0500E+00
             56                 26                152         6.1000E+00
             56                 27                 57         7.2500E+00
             56                 28                  5         8.5000E+00
             57                  6                  1         4.2500E+00
             57                  7                 31         3.4000E+00
             57                  8                393         2.6500E+00
             57                  9               2377         2.0000E+00
             57                 10               9927         1.4500E+00
             57                 11              29065         1.0000E+00
             57                 12              66418         6.5000E-01
             57                 13             117025         4.0000E-01
             57                 14             164993         2.5000E-01
             57                 15             187747         2.0000E-01
             57                 16             178282         2.5000E-01
             57                 17             137456         4.0000E-01
             57                 18              89102         6.5000E-01
             57                 19              50634         1.0000E+00
             57                 20              25783         1.4500E+00
             57                 21              12790         2.0000E+00
             57                 22               5388         2.6500E+00
             57                 23               2088         3.4000E+00
             57                 24                817         4.2500E+00
             57                 25                208         5.2000E+00
             57                 26                108         6.2500E+00
             57                 27                 51         7.4000E+00
             57                 28                 19         8.6500E+00
             58                  6                  4         4.5000E+00
             58                  7                 63         3.6500E+00
             58                  8                285         2.9000E+00
             58                  9               1824         2.2500E+00
             58                 10               7267         1.7000E+00
             58                 11              19887         1.2500E+00
             58                 12              43286         9.0000E-01
             58                 13              69998         6.5000E-01
             58                 14              93814         5.0000E-01
             58                 15             100645         4.5000E-01
             58                 16              89660         5.0000E-01
             58                 17              65290         6.5000E-01
             58                 18              40595         9.0000E-01
             58                 19              21357         1.2500E+00
             58                 20               9460         1.7000E+00
             58                 21               4016         2.2500E+00
             58                 22               1596         2.9000E+00
             58                 23                545         3.6500E+00
             58                 24                326         4.5000E+00
             58                 25                103         5.4500E+00
             58                 26                 13         6.5000E+00
             58                 27                  9         7.6500E+00
             58                 28                  6         8.9000E+00
             59                  6                  2         4.8500E+00
             59                  7                 14         4.0000E+00
             59                  8                108         3.2500E+00
             59                  9                694         2.6000E+00
             59                 10               2803         2.0500E+00
             59                 11               7563         1.6000E+00
             59                 12              14307         1.2500E+00
             59                 13              23693         1.0000E+00
             59                 14              28980         8.5000E-01
             59                 15              29600         8.0000E-01
             59                 16              25371         8.5000E-01
             59                 17              16977         1.0000E+00
             59                 18               9420         1.2500E+00
             59                 19               4538         1.6000E+00
             59                 20               1680         2.0500E+00
             59                 21                596         2.6000E+00
             59                 22                162         3.2500E+00
             59                 23                 42         4.0000E+00
             59                 24                 25         4.8500E+00
             59                 25                  3         5.8000E+00
             60                  8                 16         3.7000E+00
             60                  9                117         3.0500E+00
             60                 10                491         2.5000E+00
             60                 11               1009         2.0500E+00
             60                 12               2030         1.7000E+00
             60                 13               3231         1.4500E+00
             60                 14               3709         1.3000E+00
             60                 15               3736         1.2500E+00
             60                 16               2886         1.3000E+00
             60                 17               1587         1.4500E+00
             60                 18                796         1.7000E+00
             60                 19                319         2.0500E+00
             60                 20                 93         2.5000E+00
             60                 21                 10         3.0500E+00
             60                 22                  2         3.7000E+00
