  #Crystal Size      Water Content              Count               Bias
             29                 26                  1         7.8500E+00
             29                 27                  1         8.5000E+00
             29                 29                  3         1.0100E+01
             30                 26                  1         6.8000E+00
             30                 27                  4         7.4500E+00
             30                 28                  3         8.2000E+00
             30                 29                  4         9.0500E+00
             31                 23                  1         4.5000E+00
             31                 24                  1         4.8500E+00
             31                 25                  5         5.3000E+00
             31                 26                 14         5.8500E+00
             31                 27                 34         6.5000E+00
             31                 28                 65         7.2500E+00
             31                 29                 31         8.1000E+00
             31                 30                 12         9.0500E+00
             31                 31                  4         1.0100E+01
             32                 21                  1         3.2500E+00
             32                 22                  1         3.4000E+00
             32                 23                  1         3.6500E+00
             32                 24                 12         4.0000E+00
             32                 25                 58         4.4500E+00
             32                 26                132         5.0000E+00
             32                 27                188         5.6500E+00
             32                 28                190         6.4000E+00
             32                 29                 78         7.2500E+00
             32                 30                 26         8.2000E+00
             32                 31                 13         9.2500E+00
             32                 32                  2         1.0400E+01
             33                 21                  5         2.5000E+00
             33                 22                  6         2.6500E+00
             33                 23                 16         2.9000E+00
             33                 24                 74         3.2500E+00
             33                 25                320         3.7000E+00
             33                 26                556         4.2500E+00
             33                 27                676         4.9000E+00
             33                 28                600         5.6500E+00
             33                 29                360         6.5000E+00
             33                 30                137         7.4500E+00
             33                 31                 56         8.5000E+00
             33                 32                 13         9.6500E+00
             33                 33                  1         1.0900E+01
             33                 34                  1         1.2250E+01
             34                 21                  6         1.8500E+00
             34                 22                 14         2.0000E+00
             34                 23                 73         2.2500E+00
             34                 24                321         2.6000E+00
             34                 25                945         3.0500E+00
             34                 26               1640         3.6000E+00
             34                 27               2057         4.2500E+00
             34                 28               1795         5.0000E+00
             34                 29               1068         5.8500E+00
             34                 30                540         6.8000E+00
             34                 31                182         7.8500E+00
             34                 32                 57         9.0000E+00
             34                 33                 13         1.0250E+01
             35                 21                  3         1.3000E+00
             35                 22                 39         1.4500E+00
             35                 23                234         1.7000E+00
             35                 24                980         2.0500E+00
             35                 25               2686         2.5000E+00
             35                 26               4463         3.0500E+00
             35                 27               5028         3.7000E+00
             35                 28               4181         4.4500E+00
             35                 29               2590         5.3000E+00
             35                 30               1057         6.2500E+00
             35                 31                477         7.3000E+00
             35                 32                166         8.4500E+00
             35                 33                 37         9.7000E+00
             35                 34                  8         1.1050E+01
             36                 21                  3         8.5000E-01
             36                 22                 89         1.0000E+00
             36                 23                531         1.2500E+00
             36                 24               2451         1.6000E+00
             36                 25               5896         2.0500E+00
             36                 26               9283         2.6000E+00
             36                 27              10205         3.2500E+00
             36                 28               8499         4.0000E+00
             36                 29               5513         4.8500E+00
             36                 30               2723         5.8000E+00
             36                 31               1381         6.8500E+00
             36                 32                463         8.0000E+00
             36                 33                118         9.2500E+00
             36                 34                 28         1.0600E+01
             36                 35                  2         1.2050E+01
             36                 36                  2         1.3600E+01
             37                 20                  1         4.5000E-01
             37                 21                 12         5.0000E-01
             37                 22                212         6.5000E-01
             37                 23               1041         9.0000E-01
             37                 24               4584         1.2500E+00
             37                 25              10412         1.7000E+00
             37                 26              16019         2.2500E+00
             37                 27              18350         2.9000E+00
             37                 28              15338         3.6500E+00
             37                 29              10105         4.5000E+00
             37                 30               5573         5.4500E+00
             37                 31               2681         6.5000E+00
             37                 32                985         7.6500E+00
             37                 33                339         8.9000E+00
             37                 34                 92         1.0250E+01
             37                 35                 30         1.1700E+01
             37                 36                  7         1.3250E+01
             38                 20                  1         2.0000E-01
             38                 21                 30         2.5000E-01
             38                 22                318         4.0000E-01
             38                 23               1781         6.5000E-01
             38                 24               7032         1.0000E+00
             38                 25              15451         1.4500E+00
             38                 26              23854         2.0000E+00
             38                 27              28365         2.6500E+00
             38                 28              24653         3.4000E+00
             38                 29              17867         4.2500E+00
             38                 30              10289         5.2000E+00
             38                 31               4914         6.2500E+00
             38                 32               2046         7.4000E+00
             38                 33                787         8.6500E+00
             38                 34                271         1.0000E+01
             38                 35                 95         1.1450E+01
             38                 36                 35         1.3000E+01
             38                 37                  3         1.4650E+01
             39                 19                  1         1.0000E-01
             39                 20                 12         5.0000E-02
             39                 21                 66         1.0000E-01
             39                 22                378         2.5000E-01
             39                 23               2169         5.0000E-01
             39                 24               8268         8.5000E-01
             39                 25              19662         1.3000E+00
             39                 26              31426         1.8500E+00
             39                 27              39162         2.5000E+00
             39                 28              37161         3.2500E+00
             39                 29              28433         4.1000E+00
             39                 30              17070         5.0500E+00
             39                 31               8464         6.1000E+00
             39                 32               3892         7.2500E+00
             39                 33               1241         8.5000E+00
             39                 34                558         9.8500E+00
             39                 35                154         1.1300E+01
             39                 36                 64         1.2850E+01
             39                 37                 13         1.4500E+01
             39                 38                  1         1.6250E+01
             40                 17                  1         4.5000E-01
             40                 18                  2         2.0000E-01
             40                 19                  7         5.0000E-02
             40                 20                 37         0.0000E+00
             40                 21                132         5.0000E-02
             40                 22                562         2.0000E-01
             40                 23               2608         4.5000E-01
             40                 24               9010         8.0000E-01
             40                 25              22039         1.2500E+00
             40                 26              38319         1.8000E+00
             40                 27              51811         2.4500E+00
             40                 28              54362         3.2000E+00
             40                 29              43409         4.0500E+00
             40                 30              27737         5.0000E+00
             40                 31              13790         6.0500E+00
             40                 32               5891         7.2000E+00
             40                 33               2519         8.4500E+00
             40                 34                959         9.8000E+00
             40                 35                284         1.1250E+01
             40                 36                 84         1.2800E+01
             40                 37                 29         1.4450E+01
             40                 38                  5         1.6200E+01
             41                 16                  4         8.5000E-01
             41                 17                 10         5.0000E-01
             41                 18                 10         2.5000E-01
             41                 19                 26         1.0000E-01
             41                 20                142         5.0000E-02
             41                 21                370         1.0000E-01
             41                 22               1103         2.5000E-01
             41                 23               3647         5.0000E-01
             41                 24              10470         8.5000E-01
             41                 25              25272         1.3000E+00
             41                 26              47803         1.8500E+00
             41                 27              70646         2.5000E+00
             41                 28              77616         3.2500E+00
             41                 29              65080         4.1000E+00
             41                 30              41453         5.0500E+00
             41                 31              20227         6.1000E+00
             41                 32               8987         7.2500E+00
             41                 33               3584         8.5000E+00
             41                 34               1252         9.8500E+00
             41                 35                322         1.1300E+01
             41                 36                 85         1.2850E+01
             41                 37                  7         1.4500E+01
             42                 16                  1         1.0000E+00
             42                 17                 30         6.5000E-01
             42                 18                 93         4.0000E-01
             42                 19                197         2.5000E-01
             42                 20                500         2.0000E-01
             42                 21               1110         2.5000E-01
             42                 22               2771         4.0000E-01
             42                 23               6367         6.5000E-01
             42                 24              15174         1.0000E+00
             42                 25              33553         1.4500E+00
             42                 26              63385         2.0000E+00
             42                 27              95606         2.6500E+00
             42                 28             106509         3.4000E+00
             42                 29              89644         4.2500E+00
             42                 30              55386         5.2000E+00
             42                 31              27200         6.2500E+00
             42                 32              11331         7.4000E+00
             42                 33               4052         8.6500E+00
             42                 34               1178         1.0000E+01
             42                 35                267         1.1450E+01
             42                 36                 90         1.3000E+01
             42                 37                 14         1.4650E+01
             43                 16                  9         1.2500E+00
             43                 17                 81         9.0000E-01
             43                 18                282         6.5000E-01
             43                 19                807         5.0000E-01
             43                 20               1892         4.5000E-01
             43                 21               3484         5.0000E-01
             43                 22               6968         6.5000E-01
             43                 23              13449         9.0000E-01
             43                 24              25264         1.2500E+00
             43                 25              46918         1.7000E+00
             43                 26              80318         2.2500E+00
             43                 27             116002         2.9000E+00
             43                 28             126327         3.6500E+00
             43                 29             103298         4.5000E+00
             43                 30              62618         5.4500E+00
             43                 31              29452         6.5000E+00
             43                 32              11040         7.6500E+00
             43                 33               3694         8.9000E+00
             43                 34                996         1.0250E+01
             43                 35                255         1.1700E+01
             43                 36                 79         1.3250E+01
             43                 37                  3         1.4900E+01
             43                 38                  1         1.6650E+01
             44                 15                 14         2.0500E+00
             44                 16                 52         1.6000E+00
             44                 17                222         1.2500E+00
             44                 18                850         1.0000E+00
             44                 19               1853         8.5000E-01
             44                 20               4102         8.0000E-01
             44                 21               7659         8.5000E-01
             44                 22              13696         1.0000E+00
             44                 23              24531         1.2500E+00
             44                 24              39101         1.6000E+00
             44                 25              60835         2.0500E+00
             44                 26              88896         2.6000E+00
             44                 27             115887         3.2500E+00
             44                 28             122431         4.0000E+00
             44                 29              96728         4.8500E+00
             44                 30              57629         5.8000E+00
             44                 31              24973         6.8500E+00
             44                 32               8763         8.0000E+00
             44                 33               2664         9.2500E+00
             44                 34                729         1.0600E+01
             44                 35                111         1.2050E+01
             44                 36                 16         1.3600E+01
             44                 37                  1         1.5250E+01
             45                 14                  8         3.0500E+00
             45                 15                 31         2.5000E+00
             45                 16                191         2.0500E+00
             45                 17                721         1.7000E+00
             45                 18               1848         1.4500E+00
             45                 19               3961         1.3000E+00
             45                 20               8490         1.2500E+00
             45                 21              14201         1.3000E+00
             45                 22              22234         1.4500E+00
             45                 23              34225         1.7000E+00
             45                 24              49053         2.0500E+00
             45                 25              64630         2.5000E+00
             45                 26              80812         3.0500E+00
             45                 27              92977         3.7000E+00
             45                 28              89933         4.4500E+00
             45                 29              67831         5.3000E+00
             45                 30              39324         6.2500E+00
             45                 31              17024         7.3000E+00
             45                 32               5588         8.4500E+00
             45                 33               1510         9.7000E+00
             45                 34                339         1.1050E+01
             45                 35                 87         1.2500E+01
             45                 36                  2         1.4050E+01
             46                 14                 11         3.6000E+00
             46                 15                 62         3.0500E+00
             46                 16                379         2.6000E+00
             46                 17               1446         2.2500E+00
             46                 18               3793         2.0000E+00
             46                 19               7562         1.8500E+00
             46                 20              12878         1.8000E+00
             46                 21              20087         1.8500E+00
             46                 22              27352         2.0000E+00
             46                 23              37677         2.2500E+00
             46                 24              50113         2.6000E+00
             46                 25              55668         3.0500E+00
             46                 26              58484         3.6000E+00
             46                 27              56707         4.2500E+00
             46                 28              49778         5.0000E+00
             46                 29              35486         5.8500E+00
             46                 30              19698         6.8000E+00
             46                 31               8190         7.8500E+00
             46                 32               2683         9.0000E+00
             46                 33                708         1.0250E+01
             46                 34                120         1.1600E+01
             46                 35                 13         1.3050E+01
             47                 14                 18         4.2500E+00
             47                 15                228         3.7000E+00
             47                 16                851         3.2500E+00
             47                 17               2837         2.9000E+00
             47                 18               6729         2.6500E+00
             47                 19              11779         2.5000E+00
             47                 20              18175         2.4500E+00
             47                 21              23209         2.5000E+00
             47                 22              28029         2.6500E+00
             47                 23              32214         2.9000E+00
             47                 24              36778         3.2500E+00
             47                 25              36404         3.7000E+00
             47                 26              32991         4.2500E+00
             47                 27              27723         4.9000E+00
             47                 28              21149         5.6500E+00
             47                 29              13856         6.5000E+00
             47                 30               6996         7.4500E+00
             47                 31               2977         8.5000E+00
             47                 32                869         9.6500E+00
             47                 33                255         1.0900E+01
             47                 34                 48         1.2250E+01
             48                 12                  1         6.4000E+00
             48                 13                 11         5.6500E+00
             48                 14                 40         5.0000E+00
             48                 15                333         4.4500E+00
             48                 16               1323         4.0000E+00
             48                 17               4450         3.6500E+00
             48                 18              11156         3.4000E+00
             48                 19              17063         3.2500E+00
             48                 20              23562         3.2000E+00
             48                 21              26437         3.2500E+00
             48                 22              26318         3.4000E+00
             48                 23              24487         3.6500E+00
             48                 24              22145         4.0000E+00
             48                 25              20005         4.4500E+00
             48                 26              15491         5.0000E+00
             48                 27              11109         5.6500E+00
             48                 28               7229         6.4000E+00
             48                 29               3963         7.2500E+00
             48                 30               1811         8.2000E+00
             48                 31                718         9.2500E+00
             48                 32                198         1.0400E+01
             48                 33                 46         1.1650E+01
             48                 34                  5         1.3000E+01
             49                 13                 15         6.5000E+00
             49                 14                 44         5.8500E+00
             49                 15                387         5.3000E+00
             49                 16               2033         4.8500E+00
             49                 17               5558         4.5000E+00
             49                 18              12450         4.2500E+00
             49                 19              20587         4.1000E+00
             49                 20              28256         4.0500E+00
             49                 21              30038         4.1000E+00
             49                 22              25048         4.2500E+00
             49                 23              18190         4.5000E+00
             49                 24              12927         4.8500E+00
             49                 25               8853         5.3000E+00
             49                 26               5979         5.8500E+00
             49                 27               3788         6.5000E+00
             49                 28               2130         7.2500E+00
             49                 29               1021         8.1000E+00
             49                 30                423         9.0500E+00
             49                 31                132         1.0100E+01
             49                 32                 36         1.1250E+01
             49                 33                  5         1.2500E+01
             50                 13                  9         7.4500E+00
             50                 14                 65         6.8000E+00
             50                 15                287         6.2500E+00
             50                 16               1431         5.8000E+00
             50                 17               4415         5.4500E+00
             50                 18              10740         5.2000E+00
             50                 19              19324         5.0500E+00
             50                 20              26207         5.0000E+00
             50                 21              27955         5.0500E+00
             50                 22              22289         5.2000E+00
             50                 23              14139         5.4500E+00
             50                 24               8688         5.8000E+00
             50                 25               4589         6.2500E+00
             50                 26               2044         6.8000E+00
             50                 27               1170         7.4500E+00
             50                 28                578         8.2000E+00
             50                 29                206         9.0500E+00
             50                 30                106         1.0000E+01
             50                 31                 17         1.1050E+01
             51                 13                  2         8.5000E+00
             51                 14                 43         7.8500E+00
             51                 15                205         7.3000E+00
             51                 16               1014         6.8500E+00
             51                 17               2700         6.5000E+00
             51                 18               6646         6.2500E+00
             51                 19              11611         6.1000E+00
             51                 20              16506         6.0500E+00
             51                 21              17782         6.1000E+00
             51                 22              14653         6.2500E+00
             51                 23               9087         6.5000E+00
             51                 24               4794         6.8500E+00
             51                 25               1986         7.3000E+00
             51                 26                757         7.8500E+00
             51                 27                284         8.5000E+00
             51                 28                 74         9.2500E+00
             51                 29                 45         1.0100E+01
             51                 30                 12         1.1050E+01
             52                 13                  1         9.6500E+00
             52                 14                 21         9.0000E+00
             52                 15                 59         8.4500E+00
             52                 16                415         8.0000E+00
             52                 17               1208         7.6500E+00
             52                 18               2693         7.4000E+00
             52                 19               4845         7.2500E+00
             52                 20               6818         7.2000E+00
             52                 21               7632         7.2500E+00
             52                 22               6403         7.4000E+00
             52                 23               4206         7.6500E+00
             52                 24               2000         8.0000E+00
             52                 25                815         8.4500E+00
             52                 26                274         9.0000E+00
             52                 27                 44         9.6500E+00
             53                 14                  5         1.0250E+01
             53                 15                 30         9.7000E+00
             53                 16                 43         9.2500E+00
             53                 17                169         8.9000E+00
             53                 18                610         8.6500E+00
             53                 19               1225         8.5000E+00
             53                 20               1965         8.4500E+00
             53                 21               2244         8.5000E+00
             53                 22               1648         8.6500E+00
             53                 23                963         8.9000E+00
             53                 24                556         9.2500E+00
             53                 25                232         9.7000E+00
             53                 26                 42         1.0250E+01
             53                 27                  2         1.0900E+01
             54                 15                  1         1.1050E+01
             54                 16                  2         1.0600E+01
             54                 17                  8         1.0250E+01
             54                 18                 99         1.0000E+01
             54                 19                234         9.8500E+00
             54                 20                394         9.8000E+00
             54                 21                502         9.8500E+00
             54                 22                341         1.0000E+01
             54                 23                173         1.0250E+01
             54                 24                 63         1.0600E+01
             54                 25                 34         1.1050E+01
             54                 26                  2         1.1600E+01
             55                 17                  5         1.1700E+01
             55                 18                 24         1.1450E+01
             55                 19                 26         1.1300E+01
             55                 20                 29         1.1250E+01
             55                 21                 28         1.1300E+01
             55                 22                 47         1.1450E+01
             55                 23                  8         1.1700E+01
             55                 24                  1         1.2050E+01
             55                 25                 16         1.2500E+01
             55                 26                  1         1.3050E+01
             56                 18                  1         1.3000E+01
             56                 22                 25         1.3000E+01
             56                 23                  2         1.3250E+01
             56                 25                  2         1.4050E+01
