  #Crystal Size      Water Content              Count               Bias
             41                 12                  1         3.2500E+00
             41                 14                  2         4.8500E+00
             42                  9                  2         1.2500E+00
             42                 13                 21         3.6500E+00
             42                 14                 28         4.5000E+00
             42                 15                 11         5.4500E+00
             42                 16                  2         6.5000E+00
             43                  9                  3         1.0000E+00
             43                 10                  3         1.4500E+00
             43                 11                  8         2.0000E+00
             43                 12                 18         2.6500E+00
             43                 13                 59         3.4000E+00
             43                 14                116         4.2500E+00
             43                 15                 38         5.2000E+00
             43                 16                 22         6.2500E+00
             43                 17                 10         7.4000E+00
             43                 21                  2         1.3000E+01
             44                  8                  3         5.0000E-01
             44                  9                 20         8.5000E-01
             44                 10                 35         1.3000E+00
             44                 11                 86         1.8500E+00
             44                 12                231         2.5000E+00
             44                 13                322         3.2500E+00
             44                 14                365         4.1000E+00
             44                 15                281         5.0500E+00
             44                 16                204         6.1000E+00
             44                 17                 49         7.2500E+00
             44                 18                 15         8.5000E+00
             44                 19                  6         9.8500E+00
             44                 20                  4         1.1300E+01
             44                 21                  7         1.2850E+01
             44                 22                  1         1.4500E+01
             45                  8                 14         4.5000E-01
             45                  9                 81         8.0000E-01
             45                 10                167         1.2500E+00
             45                 11                563         1.8000E+00
             45                 12               1013         2.4500E+00
             45                 13               1764         3.2000E+00
             45                 14               1794         4.0500E+00
             45                 15               1481         5.0000E+00
             45                 16               1037         6.0500E+00
             45                 17                581         7.2000E+00
             45                 18                254         8.4500E+00
             45                 19                120         9.8000E+00
             45                 20                 39         1.1250E+01
             45                 21                 37         1.2800E+01
             46                  7                  6         2.5000E-01
             46                  8                 61         5.0000E-01
             46                  9                294         8.5000E-01
             46                 10                871         1.3000E+00
             46                 11               2331         1.8500E+00
             46                 12               4222         2.5000E+00
             46                 13               6104         3.2500E+00
             46                 14               6497         4.1000E+00
             46                 15               5662         5.0500E+00
             46                 16               3998         6.1000E+00
             46                 17               2513         7.2500E+00
             46                 18                989         8.5000E+00
             46                 19                422         9.8500E+00
             46                 20                187         1.1300E+01
             46                 21                110         1.2850E+01
             46                 22                  8         1.4500E+01
             47                  7                 41         4.0000E-01
             47                  8                284         6.5000E-01
             47                  9               1048         1.0000E+00
             47                 10               3658         1.4500E+00
             47                 11               8346         2.0000E+00
             47                 12              14209         2.6500E+00
             47                 13              19045         3.4000E+00
             47                 14              20477         4.2500E+00
             47                 15              17596         5.2000E+00
             47                 16              12137         6.2500E+00
             47                 17               7288         7.4000E+00
             47                 18               3671         8.6500E+00
             47                 19               1287         1.0000E+01
             47                 20                581         1.1450E+01
             47                 21                224         1.3000E+01
             47                 22                 27         1.4650E+01
             48                  6                  5         5.0000E-01
             48                  7                194         6.5000E-01
             48                  8                809         9.0000E-01
             48                  9               3624         1.2500E+00
             48                 10              10400         1.7000E+00
             48                 11              22752         2.2500E+00
             48                 12              38749         2.9000E+00
             48                 13              49194         3.6500E+00
             48                 14              50040         4.5000E+00
             48                 15              41491         5.4500E+00
             48                 16              28339         6.5000E+00
             48                 17              16581         7.6500E+00
             48                 18               7935         8.9000E+00
             48                 19               3088         1.0250E+01
             48                 20               1087         1.1700E+01
             48                 21                342         1.3250E+01
             48                 22                 35         1.4900E+01
             48                 23                  6         1.6650E+01
             49                  6                 32         8.5000E-01
             49                  7                396         1.0000E+00
             49                  8               2068         1.2500E+00
             49                  9               8702         1.6000E+00
             49                 10              24528         2.0500E+00
             49                 11              52341         2.6000E+00
             49                 12              85283         3.2500E+00
             49                 13             100043         4.0000E+00
             49                 14              95809         4.8500E+00
             49                 15              75904         5.8000E+00
             49                 16              50983         6.8500E+00
             49                 17              28244         8.0000E+00
             49                 18              13620         9.2500E+00
             49                 19               5527         1.0600E+01
             49                 20               1509         1.2050E+01
             49                 21                352         1.3600E+01
             49                 22                 40         1.5250E+01
             49                 23                  5         1.7000E+01
             50                  5                  1         1.2500E+00
             50                  6                 67         1.3000E+00
             50                  7                729         1.4500E+00
             50                  8               3913         1.7000E+00
             50                  9              16167         2.0500E+00
             50                 10              46062         2.5000E+00
             50                 11              93055         3.0500E+00
             50                 12             141277         3.7000E+00
             50                 13             157683         4.4500E+00
             50                 14             142005         5.3000E+00
             50                 15             106165         6.2500E+00
             50                 16              69830         7.3000E+00
             50                 17              36916         8.4500E+00
             50                 18              17243         9.7000E+00
             50                 19               7443         1.1050E+01
             50                 20               2032         1.2500E+01
             50                 21                377         1.4050E+01
             50                 22                108         1.5700E+01
             50                 23                  5         1.7450E+01
             51                  6                133         1.8500E+00
             51                  7               1091         2.0000E+00
             51                  8               6067         2.2500E+00
             51                  9              23589         2.6000E+00
             51                 10              64229         3.0500E+00
             51                 11             124827         3.6000E+00
             51                 12             176048         4.2500E+00
             51                 13             187195         5.0000E+00
             51                 14             162890         5.8500E+00
             51                 15             115612         6.8000E+00
             51                 16              70824         7.8500E+00
             51                 17              37196         9.0000E+00
             51                 18              18032         1.0250E+01
             51                 19               6949         1.1600E+01
             51                 20               1901         1.3050E+01
             51                 21                346         1.4600E+01
             51                 22                 44         1.6250E+01
             51                 23                  6         1.8000E+01
             52                  6                151         2.5000E+00
             52                  7               1490         2.6500E+00
             52                  8               7373         2.9000E+00
             52                  9              25712         3.2500E+00
             52                 10              67506         3.7000E+00
             52                 11             125364         4.2500E+00
             52                 12             170439         4.9000E+00
             52                 13             172115         5.6500E+00
             52                 14             141214         6.5000E+00
             52                 15              95676         7.4500E+00
             52                 16              55281         8.5000E+00
             52                 17              28808         9.6500E+00
             52                 18              13167         1.0900E+01
             52                 19               5204         1.2250E+01
             52                 20               1554         1.3700E+01
             52                 21                292         1.5250E+01
             52                 22                 73         1.6900E+01
             52                 23                  3         1.8650E+01
             53                  5                  3         3.2000E+00
             53                  6                241         3.2500E+00
             53                  7               1554         3.4000E+00
             53                  8               6439         3.6500E+00
             53                  9              22425         4.0000E+00
             53                 10              56051         4.4500E+00
             53                 11              99947         5.0000E+00
             53                 12             127278         5.6500E+00
             53                 13             121510         6.4000E+00
             53                 14              91754         7.2500E+00
             53                 15              58641         8.2000E+00
             53                 16              31451         9.2500E+00
             53                 17              16035         1.0400E+01
             53                 18               7031         1.1650E+01
             53                 19               2637         1.3000E+01
             53                 20                899         1.4450E+01
             53                 21                196         1.6000E+01
             53                 22                 68         1.7650E+01
             53                 23                  6         1.9400E+01
             54                  5                 22         4.0500E+00
             54                  6                169         4.1000E+00
             54                  7               1252         4.2500E+00
             54                  8               4804         4.5000E+00
             54                  9              16683         4.8500E+00
             54                 10              37713         5.3000E+00
             54                 11              62792         5.8500E+00
             54                 12              74346         6.5000E+00
             54                 13              66019         7.2500E+00
             54                 14              46979         8.1000E+00
             54                 15              28497         9.0500E+00
             54                 16              14369         1.0100E+01
             54                 17               5970         1.1250E+01
             54                 18               2520         1.2500E+01
             54                 19                940         1.3850E+01
             54                 20                403         1.5300E+01
             54                 21                 79         1.6850E+01
             54                 22                 22         1.8500E+01
             55                  5                 10         5.0000E+00
             55                  6                151         5.0500E+00
             55                  7                751         5.2000E+00
             55                  8               3139         5.4500E+00
             55                  9              10244         5.8000E+00
             55                 10              22728         6.2500E+00
             55                 11              32552         6.8000E+00
             55                 12              35764         7.4500E+00
             55                 13              29728         8.2000E+00
             55                 14              18948         9.0500E+00
             55                 15               9875         1.0000E+01
             55                 16               4596         1.1050E+01
             55                 17               1764         1.2200E+01
             55                 18                642         1.3450E+01
             55                 19                218         1.4800E+01
             55                 20                 68         1.6250E+01
             55                 21                 22         1.7800E+01
             56                  5                  3         6.0500E+00
             56                  6                 61         6.1000E+00
             56                  7                293         6.2500E+00
             56                  8               1588         6.5000E+00
             56                  9               5184         6.8500E+00
             56                 10              10596         7.3000E+00
             56                 11              14916         7.8500E+00
             56                 12              15243         8.5000E+00
             56                 13              11359         9.2500E+00
             56                 14               6817         1.0100E+01
             56                 15               3231         1.1050E+01
             56                 16               1097         1.2100E+01
             56                 17                401         1.3250E+01
             56                 18                 84         1.4500E+01
             56                 19                 15         1.5850E+01
             57                  6                  3         7.2500E+00
             57                  7                 74         7.4000E+00
             57                  8                607         7.6500E+00
             57                  9               1982         8.0000E+00
             57                 10               3538         8.4500E+00
             57                 11               4422         9.0000E+00
             57                 12               3986         9.6500E+00
             57                 13               3069         1.0400E+01
             57                 14               1868         1.1250E+01
             57                 15                667         1.2200E+01
             57                 16                212         1.3250E+01
             57                 17                 77         1.4400E+01
             57                 18                 10         1.5650E+01
             58                  7                 46         8.6500E+00
             58                  8                252         8.9000E+00
             58                  9                573         9.2500E+00
             58                 10                709         9.7000E+00
             58                 11               1020         1.0250E+01
             58                 12                785         1.0900E+01
             58                 13                595         1.1650E+01
             58                 14                324         1.2500E+01
             58                 15                107         1.3450E+01
             58                 16                 26         1.4500E+01
             58                 17                  3         1.5650E+01
             59                  7                  3         1.0000E+01
             59                  8                 16         1.0250E+01
             59                  9                 81         1.0600E+01
             59                 10                168         1.1050E+01
             59                 11                126         1.1600E+01
             59                 12                 61         1.2250E+01
             59                 13                 40         1.3000E+01
             59                 14                 16         1.3850E+01
             59                 15                 12         1.4800E+01
             60                  9                  3         1.2050E+01
             60                 10                 18         1.2500E+01
             60                 11                 11         1.3050E+01
             60                 12                  7         1.3700E+01
