  #Crystal Size      Water Content              Count               Bias
             29                 26                  1         1.8500E+00
             30                 22                  5         2.0000E-01
             30                 23                  6         4.5000E-01
             30                 25                  2         1.2500E+00
             30                 26                  4         1.8000E+00
             30                 27                  2         2.4500E+00
             30                 28                 18         3.2000E+00
             30                 29                  6         4.0500E+00
             30                 30                  2         5.0000E+00
             30                 31                  8         6.0500E+00
             31                 19                  2         1.0000E-01
             31                 20                  2         5.0000E-02
             31                 21                 15         1.0000E-01
             31                 22                 40         2.5000E-01
             31                 23                 39         5.0000E-01
             31                 24                 20         8.5000E-01
             31                 25                 39         1.3000E+00
             31                 26                 58         1.8500E+00
             31                 27                 59         2.5000E+00
             31                 28                 72         3.2500E+00
             31                 29                 66         4.1000E+00
             31                 30                 42         5.0500E+00
             31                 31                 20         6.1000E+00
             31                 32                  2         7.2500E+00
             31                 33                  6         8.5000E+00
             32                 18                  1         4.0000E-01
             32                 19                  5         2.5000E-01
             32                 20                 53         2.0000E-01
             32                 21                182         2.5000E-01
             32                 22                241         4.0000E-01
             32                 23                353         6.5000E-01
             32                 24                371         1.0000E+00
             32                 25                343         1.4500E+00
             32                 26                471         2.0000E+00
             32                 27                431         2.6500E+00
             32                 28                402         3.4000E+00
             32                 29                325         4.2500E+00
             32                 30                240         5.2000E+00
             32                 31                 95         6.2500E+00
             32                 32                 55         7.4000E+00
             32                 33                 11         8.6500E+00
             32                 34                 11         1.0000E+01
             33                 15                  1         1.7000E+00
             33                 17                  2         9.0000E-01
             33                 18                 20         6.5000E-01
             33                 19                 64         5.0000E-01
             33                 20                233         4.5000E-01
             33                 21                677         5.0000E-01
             33                 22               1088         6.5000E-01
             33                 23               1465         9.0000E-01
             33                 24               1717         1.2500E+00
             33                 25               1716         1.7000E+00
             33                 26               1769         2.2500E+00
             33                 27               1779         2.9000E+00
             33                 28               1678         3.6500E+00
             33                 29               1509         4.5000E+00
             33                 30                918         5.4500E+00
             33                 31                439         6.5000E+00
             33                 32                129         7.6500E+00
             33                 33                 58         8.9000E+00
             33                 34                  9         1.0250E+01
             34                 16                  5         1.6000E+00
             34                 17                 18         1.2500E+00
             34                 18                 80         1.0000E+00
             34                 19                291         8.5000E-01
             34                 20               1001         8.0000E-01
             34                 21               2397         8.5000E-01
             34                 22               4098         1.0000E+00
             34                 23               4970         1.2500E+00
             34                 24               5818         1.6000E+00
             34                 25               6319         2.0500E+00
             34                 26               6183         2.6000E+00
             34                 27               6017         3.2500E+00
             34                 28               5735         4.0000E+00
             34                 29               4607         4.8500E+00
             34                 30               2436         5.8000E+00
             34                 31               1264         6.8500E+00
             34                 32                427         8.0000E+00
             34                 33                 96         9.2500E+00
             34                 34                 13         1.0600E+01
             34                 35                 15         1.2050E+01
             34                 36                 15         1.3600E+01
             35                 15                  2         2.5000E+00
             35                 16                 25         2.0500E+00
             35                 17                 32         1.7000E+00
             35                 18                232         1.4500E+00
             35                 19                909         1.3000E+00
             35                 20               2689         1.2500E+00
             35                 21               5773         1.3000E+00
             35                 22               9424         1.4500E+00
             35                 23              12579         1.7000E+00
             35                 24              14892         2.0500E+00
             35                 25              16488         2.5000E+00
             35                 26              16769         3.0500E+00
             35                 27              16224         3.7000E+00
             35                 28              15761         4.4500E+00
             35                 29              11688         5.3000E+00
             35                 30               6818         6.2500E+00
             35                 31               2999         7.3000E+00
             35                 32                987         8.4500E+00
             35                 33                301         9.7000E+00
             35                 34                 79         1.1050E+01
             35                 35                 49         1.2500E+01
             35                 36                 18         1.4050E+01
             35                 37                  1         1.5700E+01
             36                 15                  3         3.0500E+00
             36                 16                 40         2.6000E+00
             36                 17                109         2.2500E+00
             36                 18                508         2.0000E+00
             36                 19               1671         1.8500E+00
             36                 20               4896         1.8000E+00
             36                 21              10255         1.8500E+00
             36                 22              17827         2.0000E+00
             36                 23              23561         2.2500E+00
             36                 24              29613         2.6000E+00
             36                 25              33652         3.0500E+00
             36                 26              35966         3.6000E+00
             36                 27              35833         4.2500E+00
             36                 28              32457         5.0000E+00
             36                 29              23528         5.8500E+00
             36                 30              13692         6.8000E+00
             36                 31               6186         7.8500E+00
             36                 32               2179         9.0000E+00
             36                 33                700         1.0250E+01
             36                 34                274         1.1600E+01
             36                 35                 93         1.3050E+01
             36                 36                 39         1.4600E+01
             37                 15                  1         3.7000E+00
             37                 16                 34         3.2500E+00
             37                 17                203         2.9000E+00
             37                 18                781         2.6500E+00
             37                 19               2476         2.5000E+00
             37                 20               6452         2.4500E+00
             37                 21              14535         2.5000E+00
             37                 22              25826         2.6500E+00
             37                 23              36456         2.9000E+00
             37                 24              47664         3.2500E+00
             37                 25              57454         3.7000E+00
             37                 26              64158         4.2500E+00
             37                 27              63923         4.9000E+00
             37                 28              57142         5.6500E+00
             37                 29              40318         6.5000E+00
             37                 30              25040         7.4500E+00
             37                 31              11182         8.5000E+00
             37                 32               4482         9.6500E+00
             37                 33               1365         1.0900E+01
             37                 34                369         1.2250E+01
             37                 35                 87         1.3700E+01
             37                 36                 32         1.5250E+01
             38                 15                  5         4.4500E+00
             38                 16                 38         4.0000E+00
             38                 17                235         3.6500E+00
             38                 18               1083         3.4000E+00
             38                 19               3313         3.2500E+00
             38                 20               7372         3.2000E+00
             38                 21              17077         3.2500E+00
             38                 22              30783         3.4000E+00
             38                 23              45530         3.6500E+00
             38                 24              64175         4.0000E+00
             38                 25              82180         4.4500E+00
             38                 26              94974         5.0000E+00
             38                 27              97989         5.6500E+00
             38                 28              85358         6.4000E+00
             38                 29              62513         7.2500E+00
             38                 30              37846         8.2000E+00
             38                 31              17345         9.2500E+00
             38                 32               7038         1.0400E+01
             38                 33               2106         1.1650E+01
             38                 34                573         1.3000E+01
             38                 35                144         1.4450E+01
             38                 36                 22         1.6000E+01
             38                 37                  3         1.7650E+01
             39                 15                  6         5.3000E+00
             39                 16                 51         4.8500E+00
             39                 17                254         4.5000E+00
             39                 18                984         4.2500E+00
             39                 19               3208         4.1000E+00
             39                 20               7546         4.0500E+00
             39                 21              17136         4.1000E+00
             39                 22              32305         4.2500E+00
             39                 23              50290         4.5000E+00
             39                 24              72111         4.8500E+00
             39                 25             101401         5.3000E+00
             39                 26             120217         5.8500E+00
             39                 27             125835         6.5000E+00
             39                 28             111390         7.2500E+00
             39                 29              83000         8.1000E+00
             39                 30              49822         9.0500E+00
             39                 31              23038         1.0100E+01
             39                 32               9032         1.1250E+01
             39                 33               2945         1.2500E+01
             39                 34                772         1.3850E+01
             39                 35                155         1.5300E+01
             39                 36                 42         1.6850E+01
             39                 37                  3         1.8500E+01
             40                 14                  2         6.8000E+00
             40                 15                 10         6.2500E+00
             40                 16                 40         5.8000E+00
             40                 17                171         5.4500E+00
             40                 18                859         5.2000E+00
             40                 19               2554         5.0500E+00
             40                 20               7075         5.0000E+00
             40                 21              15342         5.0500E+00
             40                 22              27584         5.2000E+00
             40                 23              45440         5.4500E+00
             40                 24              69880         5.8000E+00
             40                 25              99332         6.2500E+00
             40                 26             123068         6.8000E+00
             40                 27             135183         7.4500E+00
             40                 28             123487         8.2000E+00
             40                 29              91300         9.0500E+00
             40                 30              54939         1.0000E+01
             40                 31              25237         1.1050E+01
             40                 32               9655         1.2200E+01
             40                 33               2954         1.3450E+01
             40                 34                720         1.4800E+01
             40                 35                204         1.6250E+01
             40                 36                 49         1.7800E+01
             40                 37                 13         1.9450E+01
             41                 15                  2         7.3000E+00
             41                 16                 16         6.8500E+00
             41                 17                121         6.5000E+00
             41                 18                636         6.2500E+00
             41                 19               1813         6.1000E+00
             41                 20               4975         6.0500E+00
             41                 21              11226         6.1000E+00
             41                 22              21241         6.2500E+00
             41                 23              36356         6.5000E+00
             41                 24              55257         6.8500E+00
             41                 25              79889         7.3000E+00
             41                 26             104960         7.8500E+00
             41                 27             120480         8.5000E+00
             41                 28             108529         9.2500E+00
             41                 29              82078         1.0100E+01
             41                 30              48531         1.1050E+01
             41                 31              21798         1.2100E+01
             41                 32               8024         1.3250E+01
             41                 33               2343         1.4500E+01
             41                 34                546         1.5850E+01
             41                 35                105         1.7300E+01
             41                 36                 23         1.8850E+01
             41                 37                 30         2.0500E+01
             42                 16                 14         8.0000E+00
             42                 17                 54         7.6500E+00
             42                 18                426         7.4000E+00
             42                 19               1226         7.2500E+00
             42                 20               3442         7.2000E+00
             42                 21               7508         7.2500E+00
             42                 22              14110         7.4000E+00
             42                 23              23391         7.6500E+00
             42                 24              36426         8.0000E+00
             42                 25              52729         8.4500E+00
             42                 26              71241         9.0000E+00
             42                 27              82968         9.6500E+00
             42                 28              76704         1.0400E+01
             42                 29              58370         1.1250E+01
             42                 30              35493         1.2200E+01
             42                 31              15666         1.3250E+01
             42                 32               5280         1.4400E+01
             42                 33               1635         1.5650E+01
             42                 34                412         1.7000E+01
             42                 35                 83         1.8450E+01
             42                 36                  4         2.0000E+01
             42                 37                  4         2.1650E+01
             43                 15                  2         9.7000E+00
             43                 16                  9         9.2500E+00
             43                 17                 90         8.9000E+00
             43                 18                322         8.6500E+00
             43                 19                865         8.5000E+00
             43                 20               2056         8.4500E+00
             43                 21               4790         8.5000E+00
             43                 22               8357         8.6500E+00
             43                 23              13781         8.9000E+00
             43                 24              20732         9.2500E+00
             43                 25              28715         9.7000E+00
             43                 26              39826         1.0250E+01
             43                 27              45992         1.0900E+01
             43                 28              40380         1.1650E+01
             43                 29              31157         1.2500E+01
             43                 30              18842         1.3450E+01
             43                 31               8208         1.4500E+01
             43                 32               2685         1.5650E+01
             43                 33                664         1.6900E+01
             43                 34                128         1.8250E+01
             43                 35                 49         1.9700E+01
             43                 36                  1         2.1250E+01
             44                 16                 20         1.0600E+01
             44                 17                148         1.0250E+01
             44                 18                464         1.0000E+01
             44                 19               1294         9.8500E+00
             44                 20               2422         9.8000E+00
             44                 21               3995         9.8500E+00
             44                 22               6189         1.0000E+01
             44                 23               8371         1.0250E+01
             44                 24              10776         1.0600E+01
             44                 25              14158         1.1050E+01
             44                 26              17556         1.1600E+01
             44                 27              19476         1.2250E+01
             44                 28              17511         1.3000E+01
             44                 29              12646         1.3850E+01
             44                 30               7211         1.4800E+01
             44                 31               2985         1.5850E+01
             44                 32                927         1.7000E+01
             44                 33                197         1.8250E+01
             44                 34                 46         1.9600E+01
             44                 35                 11         2.1050E+01
             45                 16                 27         1.2050E+01
             45                 17                232         1.1700E+01
             45                 18                699         1.1450E+01
             45                 19               1994         1.1300E+01
             45                 20               4137         1.1250E+01
             45                 21               5670         1.1300E+01
             45                 22               6751         1.1450E+01
             45                 23               6730         1.1700E+01
             45                 24               6559         1.2050E+01
             45                 25               6644         1.2500E+01
             45                 26               7100         1.3050E+01
             45                 27               6535         1.3700E+01
             45                 28               5693         1.4450E+01
             45                 29               3812         1.5300E+01
             45                 30               2008         1.6250E+01
             45                 31                828         1.7300E+01
             45                 32                259         1.8450E+01
             45                 33                 57         1.9700E+01
             45                 34                  2         2.1050E+01
             45                 36                  1         2.4050E+01
             46                 16                 27         1.3600E+01
             46                 17                226         1.3250E+01
             46                 18                942         1.3000E+01
             46                 19               2278         1.2850E+01
             46                 20               3920         1.2800E+01
             46                 21               5515         1.2850E+01
             46                 22               6305         1.3000E+01
             46                 23               6311         1.3250E+01
             46                 24               5276         1.3600E+01
             46                 25               4153         1.4050E+01
             46                 26               3118         1.4600E+01
             46                 27               1981         1.5250E+01
             46                 28               1447         1.6000E+01
             46                 29                736         1.6850E+01
             46                 30                454         1.7800E+01
             46                 31                124         1.8850E+01
             46                 32                 40         2.0000E+01
             46                 33                  4         2.1250E+01
             47                 16                 45         1.5250E+01
             47                 17                268         1.4900E+01
             47                 18                952         1.4650E+01
             47                 19               1901         1.4500E+01
             47                 20               3238         1.4450E+01
             47                 21               4220         1.4500E+01
             47                 22               5168         1.4650E+01
             47                 23               5025         1.4900E+01
             47                 24               3956         1.5250E+01
             47                 25               2457         1.5700E+01
             47                 26               1619         1.6250E+01
             47                 27                904         1.6900E+01
             47                 28                406         1.7650E+01
             47                 29                161         1.8500E+01
             47                 30                107         1.9450E+01
             47                 31                 47         2.0500E+01
             47                 32                  3         2.1650E+01
             48                 15                 15         1.7450E+01
             48                 16                 52         1.7000E+01
             48                 17                162         1.6650E+01
             48                 18                505         1.6400E+01
             48                 19               1219         1.6250E+01
             48                 20               2139         1.6200E+01
             48                 21               2611         1.6250E+01
             48                 22               2526         1.6400E+01
             48                 23               2564         1.6650E+01
             48                 24               1841         1.7000E+01
             48                 25               1005         1.7450E+01
             48                 26                600         1.8000E+01
             48                 27                406         1.8650E+01
             48                 28                167         1.9400E+01
             48                 29                 43         2.0250E+01
             48                 30                 20         2.1200E+01
             48                 31                 10         2.2250E+01
             48                 32                  3         2.3400E+01
             49                 14                  2         1.9850E+01
             49                 15                  7         1.9300E+01
             49                 16                 44         1.8850E+01
             49                 17                 80         1.8500E+01
             49                 18                199         1.8250E+01
             49                 19                649         1.8100E+01
             49                 20               1124         1.8050E+01
             49                 21               1471         1.8100E+01
             49                 22               1319         1.8250E+01
             49                 23               1078         1.8500E+01
             49                 24                780         1.8850E+01
             49                 25                419         1.9300E+01
             49                 26                271         1.9850E+01
             49                 27                160         2.0500E+01
             49                 28                 68         2.1250E+01
             49                 29                 28         2.2100E+01
             49                 30                  7         2.3050E+01
             49                 31                  4         2.4100E+01
             49                 32                  1         2.5250E+01
             50                 15                  3         2.1250E+01
             50                 16                  1         2.0800E+01
             50                 17                 36         2.0450E+01
             50                 18                178         2.0200E+01
             50                 19                325         2.0050E+01
             50                 20                494         2.0000E+01
             50                 21                456         2.0050E+01
             50                 22                485         2.0200E+01
             50                 23                394         2.0450E+01
             50                 24                344         2.0800E+01
             50                 25                157         2.1250E+01
             50                 26                 77         2.1800E+01
             50                 27                 14         2.2450E+01
             50                 28                 15         2.3200E+01
             50                 29                  2         2.4050E+01
             51                 16                  4         2.2850E+01
             51                 17                  6         2.2500E+01
             51                 18                 31         2.2250E+01
             51                 19                 90         2.2100E+01
             51                 20                100         2.2050E+01
             51                 21                151         2.2100E+01
             51                 22                162         2.2250E+01
             51                 23                 54         2.2500E+01
             51                 24                 50         2.2850E+01
             51                 25                 29         2.3300E+01
             51                 26                 19         2.3850E+01
             51                 27                  4         2.4500E+01
             52                 18                  6         2.4400E+01
             52                 19                 28         2.4250E+01
             52                 20                  9         2.4200E+01
             52                 21                 18         2.4250E+01
             52                 22                  7         2.4400E+01
             52                 23                  8         2.4650E+01
             52                 24                  1         2.5000E+01
             53                 21                  5         2.6500E+01
             53                 22                  1         2.6650E+01
