  #Crystal Size      Water Content              Count               Bias
             38                 30                  1         7.4500E+00
             39                 22                  1         2.0000E+00
             39                 25                  9         3.0500E+00
             39                 26                  5         3.6000E+00
             39                 27                 12         4.2500E+00
             39                 28                 18         5.0000E+00
             39                 29                 16         5.8500E+00
             39                 30                  4         6.8000E+00
             39                 32                  1         9.0000E+00
             39                 33                  1         1.0250E+01
             40                 21                  3         1.3000E+00
             40                 22                  9         1.4500E+00
             40                 23                 17         1.7000E+00
             40                 24                 22         2.0500E+00
             40                 25                 55         2.5000E+00
             40                 26                 86         3.0500E+00
             40                 27                125         3.7000E+00
             40                 28                111         4.4500E+00
             40                 29                 80         5.3000E+00
             40                 30                 28         6.2500E+00
             40                 31                  5         7.3000E+00
             40                 32                  2         8.4500E+00
             40                 33                 15         9.7000E+00
             40                 34                 24         1.1050E+01
             41                 20                  5         8.0000E-01
             41                 21                 13         8.5000E-01
             41                 22                 67         1.0000E+00
             41                 23                168         1.2500E+00
             41                 24                294         1.6000E+00
             41                 25                444         2.0500E+00
             41                 26                564         2.6000E+00
             41                 27                670         3.2500E+00
             41                 28                552         4.0000E+00
             41                 29                361         4.8500E+00
             41                 30                125         5.8000E+00
             41                 31                 44         6.8500E+00
             41                 32                 15         8.0000E+00
             41                 33                 41         9.2500E+00
             41                 34                  8         1.0600E+01
             41                 35                  2         1.2050E+01
             42                 19                  3         5.0000E-01
             42                 20                 33         4.5000E-01
             42                 21                145         5.0000E-01
             42                 22                409         6.5000E-01
             42                 23                746         9.0000E-01
             42                 24               1360         1.2500E+00
             42                 25               2115         1.7000E+00
             42                 26               2444         2.2500E+00
             42                 27               2529         2.9000E+00
             42                 28               1917         3.6500E+00
             42                 29               1278         4.5000E+00
             42                 30                628         5.4500E+00
             42                 31                274         6.5000E+00
             42                 32                115         7.6500E+00
             42                 33                 51         8.9000E+00
             42                 34                 31         1.0250E+01
             42                 35                  6         1.1700E+01
             43                 18                  2         4.0000E-01
             43                 19                 31         2.5000E-01
             43                 20                163         2.0000E-01
             43                 21                508         2.5000E-01
             43                 22               1368         4.0000E-01
             43                 23               2838         6.5000E-01
             43                 24               4967         1.0000E+00
             43                 25               7373         1.4500E+00
             43                 26               8436         2.0000E+00
             43                 27               7849         2.6500E+00
             43                 28               6124         3.4000E+00
             43                 29               3928         4.2500E+00
             43                 30               2017         5.2000E+00
             43                 31                785         6.2500E+00
             43                 32                319         7.4000E+00
             43                 33                117         8.6500E+00
             43                 34                 71         1.0000E+01
             43                 35                 15         1.1450E+01
             44                 18                 11         2.5000E-01
             44                 19                 96         1.0000E-01
             44                 20                489         5.0000E-02
             44                 21               1710         1.0000E-01
             44                 22               4477         2.5000E-01
             44                 23               9113         5.0000E-01
             44                 24              15080         8.5000E-01
             44                 25              20228         1.3000E+00
             44                 26              22481         1.8500E+00
             44                 27              20955         2.5000E+00
             44                 28              15591         3.2500E+00
             44                 29               9430         4.1000E+00
             44                 30               4712         5.0500E+00
             44                 31               2044         6.1000E+00
             44                 32                652         7.2500E+00
             44                 33                243         8.5000E+00
             44                 34                 72         9.8500E+00
             44                 35                  9         1.1300E+01
             44                 36                  2         1.2850E+01
             45                 17                  7         4.5000E-01
             45                 18                 38         2.0000E-01
             45                 19                323         5.0000E-02
             45                 20               1528         0.0000E+00
             45                 21               4887         5.0000E-02
             45                 22              11478         2.0000E-01
             45                 23              23312         4.5000E-01
             45                 24              35699         8.0000E-01
             45                 25              44615         1.2500E+00
             45                 26              49244         1.8000E+00
             45                 27              44321         2.4500E+00
             45                 28              31179         3.2000E+00
             45                 29              18185         4.0500E+00
             45                 30               8535         5.0000E+00
             45                 31               3350         6.0500E+00
             45                 32                987         7.2000E+00
             45                 33                258         8.4500E+00
             45                 34                 68         9.8000E+00
             45                 35                 12         1.1250E+01
             46                 16                  7         8.5000E-01
             46                 17                 39         5.0000E-01
             46                 18                206         2.5000E-01
             46                 19               1014         1.0000E-01
             46                 20               3616         5.0000E-02
             46                 21              10418         1.0000E-01
             46                 22              24388         2.5000E-01
             46                 23              45810         5.0000E-01
             46                 24              68917         8.5000E-01
             46                 25              85108         1.3000E+00
             46                 26              89825         1.8500E+00
             46                 27              77494         2.5000E+00
             46                 28              53875         3.2500E+00
             46                 29              30627         4.1000E+00
             46                 30              13733         5.0500E+00
             46                 31               4894         6.1000E+00
             46                 32               1619         7.2500E+00
             46                 33                410         8.5000E+00
             46                 34                102         9.8500E+00
             46                 35                 43         1.1300E+01
             46                 36                  4         1.2850E+01
             47                 16                 15         1.0000E+00
             47                 17                104         6.5000E-01
             47                 18                449         4.0000E-01
             47                 19               2015         2.5000E-01
             47                 20               6895         2.0000E-01
             47                 21              18720         2.5000E-01
             47                 22              40764         4.0000E-01
             47                 23              74176         6.5000E-01
             47                 24             107966         1.0000E+00
             47                 25             132168         1.4500E+00
             47                 26             137758         2.0000E+00
             47                 27             118329         2.6500E+00
             47                 28              80209         3.4000E+00
             47                 29              46348         4.2500E+00
             47                 30              21742         5.2000E+00
             47                 31               7756         6.2500E+00
             47                 32               2520         7.4000E+00
             47                 33                755         8.6500E+00
             47                 34                135         1.0000E+01
             47                 35                 30         1.1450E+01
             47                 36                 20         1.3000E+01
             48                 16                 26         1.2500E+00
             48                 17                108         9.0000E-01
             48                 18                734         6.5000E-01
             48                 19               3090         5.0000E-01
             48                 20               9649         4.5000E-01
             48                 21              25726         5.0000E-01
             48                 22              54624         6.5000E-01
             48                 23              93686         9.0000E-01
             48                 24             135728         1.2500E+00
             48                 25             163777         1.7000E+00
             48                 26             170134         2.2500E+00
             48                 27             145907         2.9000E+00
             48                 28             101908         3.6500E+00
             48                 29              59025         4.5000E+00
             48                 30              28073         5.4500E+00
             48                 31              10855         6.5000E+00
             48                 32               3556         7.6500E+00
             48                 33                889         8.9000E+00
             48                 34                165         1.0250E+01
             48                 35                 54         1.1700E+01
             48                 36                 10         1.3250E+01
             49                 15                  1         2.0500E+00
             49                 16                 20         1.6000E+00
             49                 17                148         1.2500E+00
             49                 18                776         1.0000E+00
             49                 19               3182         8.5000E-01
             49                 20              11110         8.0000E-01
             49                 21              28042         8.5000E-01
             49                 22              55460         1.0000E+00
             49                 23              91188         1.2500E+00
             49                 24             131350         1.6000E+00
             49                 25             156888         2.0500E+00
             49                 26             161560         2.6000E+00
             49                 27             140744         3.2500E+00
             49                 28              99834         4.0000E+00
             49                 29              58467         4.8500E+00
             49                 30              28142         5.8000E+00
             49                 31              11174         6.8500E+00
             49                 32               4054         8.0000E+00
             49                 33               1004         9.2500E+00
             49                 34                200         1.0600E+01
             49                 35                 28         1.2050E+01
             49                 36                  2         1.3600E+01
             50                 16                 10         2.0500E+00
             50                 17                122         1.7000E+00
             50                 18                591         1.4500E+00
             50                 19               2512         1.3000E+00
             50                 20               8524         1.2500E+00
             50                 21              21118         1.3000E+00
             50                 22              41610         1.4500E+00
             50                 23              66755         1.7000E+00
             50                 24              92534         2.0500E+00
             50                 25             109689         2.5000E+00
             50                 26             113401         3.0500E+00
             50                 27              98443         3.7000E+00
             50                 28              70479         4.4500E+00
             50                 29              42212         5.3000E+00
             50                 30              21544         6.2500E+00
             50                 31               9056         7.3000E+00
             50                 32               3253         8.4500E+00
             50                 33                799         9.7000E+00
             50                 34                157         1.1050E+01
             50                 35                 19         1.2500E+01
             51                 16                  6         2.6000E+00
             51                 17                 66         2.2500E+00
             51                 18                357         2.0000E+00
             51                 19               1469         1.8500E+00
             51                 20               4782         1.8000E+00
             51                 21              11629         1.8500E+00
             51                 22              22246         2.0000E+00
             51                 23              35754         2.2500E+00
             51                 24              47768         2.6000E+00
             51                 25              56835         3.0500E+00
             51                 26              56398         3.6000E+00
             51                 27              49735         4.2500E+00
             51                 28              35455         5.0000E+00
             51                 29              21659         5.8500E+00
             51                 30              11634         6.8000E+00
             51                 31               5004         7.8500E+00
             51                 32               1686         9.0000E+00
             51                 33                525         1.0250E+01
             51                 34                 96         1.1600E+01
             51                 35                 16         1.3050E+01
             52                 16                  1         3.2500E+00
             52                 17                 17         2.9000E+00
             52                 18                158         2.6500E+00
             52                 19                649         2.5000E+00
             52                 20               1853         2.4500E+00
             52                 21               4431         2.5000E+00
             52                 22               8459         2.6500E+00
             52                 23              13531         2.9000E+00
             52                 24              17257         3.2500E+00
             52                 25              19679         3.7000E+00
             52                 26              19880         4.2500E+00
             52                 27              16756         4.9000E+00
             52                 28              12355         5.6500E+00
             52                 29               7431         6.5000E+00
             52                 30               3704         7.4500E+00
             52                 31               1875         8.5000E+00
             52                 32                542         9.6500E+00
             52                 33                165         1.0900E+01
             52                 34                 35         1.2250E+01
             52                 35                  6         1.3700E+01
             53                 17                 14         3.6500E+00
             53                 18                 56         3.4000E+00
             53                 19                135         3.2500E+00
             53                 20                439         3.2000E+00
             53                 21               1000         3.2500E+00
             53                 22               1921         3.4000E+00
             53                 23               2986         3.6500E+00
             53                 24               3876         4.0000E+00
             53                 25               4332         4.4500E+00
             53                 26               4189         5.0000E+00
             53                 27               3600         5.6500E+00
             53                 28               2718         6.4000E+00
             53                 29               1820         7.2500E+00
             53                 30                864         8.2000E+00
             53                 31                393         9.2500E+00
             53                 32                107         1.0400E+01
             53                 33                 30         1.1650E+01
             53                 34                  5         1.3000E+01
             54                 18                  1         4.2500E+00
             54                 19                 25         4.1000E+00
             54                 20                 71         4.0500E+00
             54                 21                152         4.1000E+00
             54                 22                218         4.2500E+00
             54                 23                480         4.5000E+00
             54                 24                561         4.8500E+00
             54                 25                639         5.3000E+00
             54                 26                599         5.8500E+00
             54                 27                415         6.5000E+00
             54                 28                366         7.2500E+00
             54                 29                315         8.1000E+00
             54                 30                122         9.0500E+00
             54                 31                 50         1.0100E+01
             54                 32                 16         1.1250E+01
             55                 20                  1         5.0000E+00
             55                 21                  5         5.0500E+00
             55                 22                  2         5.2000E+00
             55                 23                 10         5.4500E+00
             55                 24                 24         5.8000E+00
             55                 25                 40         6.2500E+00
             55                 26                 57         6.8000E+00
             55                 27                 27         7.4500E+00
             55                 28                  8         8.2000E+00
             55                 29                 11         9.0500E+00
             55                 30                  8         1.0000E+01
