  #Crystal Size      Water Content              Count               Bias
             40                  9                  5         1.1050E+01
             40                 11                 26         1.4050E+01
             40                 12                  1         1.5700E+01
             41                  6                  5         7.8500E+00
             41                  7                 20         9.0000E+00
             41                  8                 16         1.0250E+01
             41                  9                 31         1.1600E+01
             41                 10                  6         1.3050E+01
             41                 11                 42         1.4600E+01
             41                 12                 13         1.6250E+01
             41                 13                  2         1.8000E+01
             42                  6                 17         8.5000E+00
             42                  7                137         9.6500E+00
             42                  8                 93         1.0900E+01
             42                  9                 97         1.2250E+01
             42                 10                111         1.3700E+01
             42                 11                123         1.5250E+01
             42                 12                 94         1.6900E+01
             42                 13                 50         1.8650E+01
             42                 14                 13         2.0500E+01
             42                 15                  4         2.2450E+01
             43                  6                 88         9.2500E+00
             43                  7                236         1.0400E+01
             43                  8                345         1.1650E+01
             43                  9                619         1.3000E+01
             43                 10                736         1.4450E+01
             43                 11                616         1.6000E+01
             43                 12                645         1.7650E+01
             43                 13                414         1.9400E+01
             43                 14                130         2.1250E+01
             43                 15                 21         2.3200E+01
             44                  5                 65         9.0500E+00
             44                  6                451         1.0100E+01
             44                  7               1464         1.1250E+01
             44                  8               2479         1.2500E+01
             44                  9               3386         1.3850E+01
             44                 10               3758         1.5300E+01
             44                 11               3364         1.6850E+01
             44                 12               2614         1.8500E+01
             44                 13               1838         2.0250E+01
             44                 14                599         2.2100E+01
             44                 15                126         2.4050E+01
             44                 16                 13         2.6100E+01
             45                  5                145         1.0000E+01
             45                  6               1424         1.1050E+01
             45                  7               4094         1.2200E+01
             45                  8               8311         1.3450E+01
             45                  9              11146         1.4800E+01
             45                 10              12869         1.6250E+01
             45                 11              11005         1.7800E+01
             45                 12               8103         1.9450E+01
             45                 13               4260         2.1200E+01
             45                 14               1604         2.3050E+01
             45                 15                409         2.5000E+01
             45                 16                 35         2.7050E+01
             45                 17                 43         2.9200E+01
             45                 18                  2         3.1450E+01
             46                  4                 17         1.0100E+01
             46                  5                454         1.1050E+01
             46                  6               2564         1.2100E+01
             46                  7               9733         1.3250E+01
             46                  8              19636         1.4500E+01
             46                  9              26926         1.5850E+01
             46                 10              27824         1.7300E+01
             46                 11              23430         1.8850E+01
             46                 12              16184         2.0500E+01
             46                 13               8207         2.2250E+01
             46                 14               3009         2.4100E+01
             46                 15                808         2.6050E+01
             46                 16                123         2.8100E+01
             46                 17                  6         3.0250E+01
             47                  4                 54         1.1250E+01
             47                  5                570         1.2200E+01
             47                  6               4561         1.3250E+01
             47                  7              17971         1.4400E+01
             47                  8              38280         1.5650E+01
             47                  9              53248         1.7000E+01
             47                 10              50139         1.8450E+01
             47                 11              38958         2.0000E+01
             47                 12              23475         2.1650E+01
             47                 13              10693         2.3400E+01
             47                 14               3917         2.5250E+01
             47                 15                959         2.7200E+01
             47                 16                171         2.9250E+01
             47                 17                 31         3.1400E+01
             47                 18                  5         3.3650E+01
             48                  3                  9         1.1650E+01
             48                  4                151         1.2500E+01
             48                  5               1489         1.3450E+01
             48                  6               9182         1.4500E+01
             48                  7              32068         1.5650E+01
             48                  8              68087         1.6900E+01
             48                  9              90499         1.8250E+01
             48                 10              77201         1.9700E+01
             48                 11              51457         2.1250E+01
             48                 12              28031         2.2900E+01
             48                 13              12048         2.4650E+01
             48                 14               4530         2.6500E+01
             48                 15               1100         2.8450E+01
             48                 16                125         3.0500E+01
             48                 17                 31         3.2650E+01
             48                 18                  4         3.4900E+01
             49                  2                 15         1.2250E+01
             49                  3                 46         1.3000E+01
             49                  4                588         1.3850E+01
             49                  5               4457         1.4800E+01
             49                  6              20273         1.5850E+01
             49                  7              58298         1.7000E+01
             49                  8             116457         1.8250E+01
             49                  9             141316         1.9600E+01
             49                 10             114173         2.1050E+01
             49                 11              70691         2.2600E+01
             49                 12              33322         2.4250E+01
             49                 13              12321         2.6000E+01
             49                 14               3855         2.7850E+01
             49                 15                923         2.9800E+01
             49                 16                143         3.1850E+01
             49                 17                  6         3.4000E+01
             50                  2                 13         1.3700E+01
             50                  3                355         1.4450E+01
             50                  4               1640         1.5300E+01
             50                  5               9175         1.6250E+01
             50                  6              37725         1.7300E+01
             50                  7             100001         1.8450E+01
             50                  8             175130         1.9700E+01
             50                  9             195275         2.1050E+01
             50                 10             150386         2.2500E+01
             50                 11              84976         2.4050E+01
             50                 12              38097         2.5700E+01
             50                 13              13588         2.7450E+01
             50                 14               3815         2.9300E+01
             50                 15                888         3.1250E+01
             50                 16                172         3.3300E+01
             50                 17                  5         3.5450E+01
             51                  2                 39         1.5250E+01
             51                  3                202         1.6000E+01
             51                  4               2388         1.6850E+01
             51                  5              13804         1.7800E+01
             51                  6              52153         1.8850E+01
             51                  7             131401         2.0000E+01
             51                  8             213546         2.1250E+01
             51                  9             224698         2.2600E+01
             51                 10             161853         2.4050E+01
             51                 11              86076         2.5600E+01
             51                 12              40527         2.7250E+01
             51                 13              13225         2.9000E+01
             51                 14               3694         3.0850E+01
             51                 15                999         3.2800E+01
             51                 16                302         3.4850E+01
             51                 17                 23         3.7000E+01
             51                 18                  5         3.9250E+01
             52                  2                 31         1.6900E+01
             52                  3                201         1.7650E+01
             52                  4               3080         1.8500E+01
             52                  5              17736         1.9450E+01
             52                  6              58179         2.0500E+01
             52                  7             131616         2.1650E+01
             52                  8             197386         2.2900E+01
             52                  9             195085         2.4250E+01
             52                 10             131971         2.5700E+01
             52                 11              70562         2.7250E+01
             52                 12              32140         2.8900E+01
             52                 13              11544         3.0650E+01
             52                 14               3696         3.2500E+01
             52                 15               1135         3.4450E+01
             52                 16                303         3.6500E+01
             52                 17                 25         3.8650E+01
             52                 18                  4         4.0900E+01
             53                  2                 33         1.8650E+01
             53                  3                327         1.9400E+01
             53                  4               3226         2.0250E+01
             53                  5              14688         2.1200E+01
             53                  6              46344         2.2250E+01
             53                  7              97358         2.3400E+01
             53                  8             134877         2.4650E+01
             53                  9             123639         2.6000E+01
             53                 10              79328         2.7450E+01
             53                 11              40853         2.9000E+01
             53                 12              17611         3.0650E+01
             53                 13               6741         3.2400E+01
             53                 14               1808         3.4250E+01
             53                 15                730         3.6200E+01
             53                 16                207         3.8250E+01
             53                 17                 41         4.0400E+01
             53                 18                  3         4.2650E+01
             54                  2                  9         2.0500E+01
             54                  3                293         2.1250E+01
             54                  4               1907         2.2100E+01
             54                  5               8871         2.3050E+01
             54                  6              26270         2.4100E+01
             54                  7              50129         2.5250E+01
             54                  8              65663         2.6500E+01
             54                  9              56851         2.7850E+01
             54                 10              33183         2.9300E+01
             54                 11              16613         3.0850E+01
             54                 12               6889         3.2500E+01
             54                 13               2580         3.4250E+01
             54                 14                863         3.6100E+01
             54                 15                254         3.8050E+01
             54                 16                111         4.0100E+01
             54                 17                 14         4.2250E+01
             55                  2                 13         2.2450E+01
             55                  3                312         2.3200E+01
             55                  4                862         2.4050E+01
             55                  5               3315         2.5000E+01
             55                  6              10131         2.6050E+01
             55                  7              18840         2.7200E+01
             55                  8              24098         2.8450E+01
             55                  9              19983         2.9800E+01
             55                 10              10748         3.1250E+01
             55                 11               5420         3.2800E+01
             55                 12               2152         3.4450E+01
             55                 13                569         3.6200E+01
             55                 14                128         3.8050E+01
             55                 15                 55         4.0000E+01
             55                 16                  7         4.2050E+01
             56                  2                 26         2.4500E+01
             56                  3                139         2.5250E+01
             56                  4                379         2.6100E+01
             56                  5               1154         2.7050E+01
             56                  6               3023         2.8100E+01
             56                  7               5362         2.9250E+01
             56                  8               5942         3.0500E+01
             56                  9               5120         3.1850E+01
             56                 10               2748         3.3300E+01
             56                 11               1274         3.4850E+01
             56                 12                411         3.6500E+01
             56                 13                 51         3.8250E+01
             56                 14                 15         4.0100E+01
             56                 15                 13         4.2050E+01
             57                  2                  2         2.6650E+01
             57                  3                 16         2.7400E+01
             57                  4                 52         2.8250E+01
             57                  5                218         2.9200E+01
             57                  6                759         3.0250E+01
             57                  7               1123         3.1400E+01
             57                  8               1039         3.2650E+01
             57                  9                974         3.4000E+01
             57                 10                388         3.5450E+01
             57                 11                167         3.7000E+01
             57                 12                116         3.8650E+01
             57                 13                  7         4.0400E+01
             57                 14                  2         4.2250E+01
             58                  5                 24         3.1450E+01
             58                  6                 60         3.2500E+01
             58                  7                 56         3.3650E+01
             58                  8                 87         3.4900E+01
             58                  9                107         3.6250E+01
             58                 10                 44         3.7700E+01
             58                 11                  8         3.9250E+01
             58                 12                  5         4.0900E+01
             59                  6                 50         3.4850E+01
             59                  7                  6         3.6000E+01
             60                  6                  1         3.7300E+01
             60                  7                  3         3.8450E+01
