  #Crystal Size      Water Content              Count               Bias
             30                 18                  1         4.4500E+00
             31                 18                  7         4.0000E+00
             31                 20                  2         5.8000E+00
             31                 21                  1         6.8500E+00
             32                 16                  2         2.2500E+00
             32                 18                 30         3.6500E+00
             32                 19                 24         4.5000E+00
             32                 20                 22         5.4500E+00
             32                 21                 11         6.5000E+00
             32                 22                  6         7.6500E+00
             32                 23                  5         8.9000E+00
             32                 25                  1         1.1700E+01
             33                 15                  1         1.4500E+00
             33                 16                  7         2.0000E+00
             33                 17                 31         2.6500E+00
             33                 18                 91         3.4000E+00
             33                 19                147         4.2500E+00
             33                 20                201         5.2000E+00
             33                 21                 85         6.2500E+00
             33                 22                 72         7.4000E+00
             33                 23                 18         8.6500E+00
             33                 24                  3         1.0000E+01
             33                 26                  1         1.3000E+01
             34                 15                  9         1.3000E+00
             34                 16                 28         1.8500E+00
             34                 17                151         2.5000E+00
             34                 18                365         3.2500E+00
             34                 19                787         4.1000E+00
             34                 20                889         5.0500E+00
             34                 21                642         6.1000E+00
             34                 22                413         7.2500E+00
             34                 23                128         8.5000E+00
             34                 24                 39         9.8500E+00
             34                 25                 15         1.1300E+01
             34                 26                  9         1.2850E+01
             35                 14                  6         8.0000E-01
             35                 15                 23         1.2500E+00
             35                 16                162         1.8000E+00
             35                 17                526         2.4500E+00
             35                 18               1339         3.2000E+00
             35                 19               2673         4.0500E+00
             35                 20               3230         5.0000E+00
             35                 21               2738         6.0500E+00
             35                 22               1836         7.2000E+00
             35                 23                739         8.4500E+00
             35                 24                264         9.8000E+00
             35                 25                110         1.1250E+01
             35                 26                 21         1.2800E+01
             35                 27                  3         1.4450E+01
             36                 14                 17         8.5000E-01
             36                 15                106         1.3000E+00
             36                 16                450         1.8500E+00
             36                 17               1609         2.5000E+00
             36                 18               4189         3.2500E+00
             36                 19               8163         4.1000E+00
             36                 20               9871         5.0500E+00
             36                 21               8163         6.1000E+00
             36                 22               5486         7.2500E+00
             36                 23               2698         8.5000E+00
             36                 24               1055         9.8500E+00
             36                 25                334         1.1300E+01
             36                 26                 94         1.2850E+01
             36                 27                 11         1.4500E+01
             36                 28                  1         1.6250E+01
             37                 11                  1         2.5000E-01
             37                 12                  4         4.0000E-01
             37                 13                 12         6.5000E-01
             37                 14                101         1.0000E+00
             37                 15                391         1.4500E+00
             37                 16               1241         2.0000E+00
             37                 17               3913         2.6500E+00
             37                 18              10672         3.4000E+00
             37                 19              19672         4.2500E+00
             37                 20              24065         5.2000E+00
             37                 21              20637         6.2500E+00
             37                 22              14312         7.4000E+00
             37                 23               7276         8.6500E+00
             37                 24               2909         1.0000E+01
             37                 25               1019         1.1450E+01
             37                 26                357         1.3000E+01
             37                 27                 69         1.4650E+01
             37                 28                  8         1.6400E+01
             37                 29                  1         1.8250E+01
             38                 11                  5         5.0000E-01
             38                 12                 26         6.5000E-01
             38                 13                 45         9.0000E-01
             38                 14                382         1.2500E+00
             38                 15               1046         1.7000E+00
             38                 16               2885         2.2500E+00
             38                 17               8555         2.9000E+00
             38                 18              21158         3.6500E+00
             38                 19              38212         4.5000E+00
             38                 20              46290         5.4500E+00
             38                 21              41984         6.5000E+00
             38                 22              28679         7.6500E+00
             38                 23              14957         8.9000E+00
             38                 24               6268         1.0250E+01
             38                 25               2136         1.1700E+01
             38                 26                766         1.3250E+01
             38                 27                174         1.4900E+01
             38                 28                  8         1.6650E+01
             39                 10                  4         8.0000E-01
             39                 11                 26         8.5000E-01
             39                 12                156         1.0000E+00
             39                 13                292         1.2500E+00
             39                 14                669         1.6000E+00
             39                 15               2283         2.0500E+00
             39                 16               6136         2.6000E+00
             39                 17              15994         3.2500E+00
             39                 18              35321         4.0000E+00
             39                 19              58924         4.8500E+00
             39                 20              71948         5.8000E+00
             39                 21              66312         6.8500E+00
             39                 22              45632         8.0000E+00
             39                 23              24558         9.2500E+00
             39                 24               9898         1.0600E+01
             39                 25               3805         1.2050E+01
             39                 26               1333         1.3600E+01
             39                 27                313         1.5250E+01
             39                 28                 47         1.7000E+01
             39                 29                  1         1.8850E+01
             40                 10                 10         1.2500E+00
             40                 11                103         1.3000E+00
             40                 12                391         1.4500E+00
             40                 13                894         1.7000E+00
             40                 14               1848         2.0500E+00
             40                 15               4312         2.5000E+00
             40                 16              10720         3.0500E+00
             40                 17              24781         3.7000E+00
             40                 18              49281         4.4500E+00
             40                 19              76438         5.3000E+00
             40                 20              92528         6.2500E+00
             40                 21              84162         7.3000E+00
             40                 22              60372         8.4500E+00
             40                 23              33034         9.7000E+00
             40                 24              13847         1.1050E+01
             40                 25               5431         1.2500E+01
             40                 26               1482         1.4050E+01
             40                 27                389         1.5700E+01
             40                 28                 56         1.7450E+01
             40                 29                  1         1.9300E+01
             41                 10                 46         1.8000E+00
             41                 11                343         1.8500E+00
             41                 12               1063         2.0000E+00
             41                 13               1999         2.2500E+00
             41                 14               3988         2.6000E+00
             41                 15               8173         3.0500E+00
             41                 16              17249         3.6000E+00
             41                 17              34449         4.2500E+00
             41                 18              61219         5.0000E+00
             41                 19              88902         5.8500E+00
             41                 20              99027         6.8000E+00
             41                 21              90722         7.8500E+00
             41                 22              66440         9.0000E+00
             41                 23              37325         1.0250E+01
             41                 24              16388         1.1600E+01
             41                 25               6038         1.3050E+01
             41                 26               1580         1.4600E+01
             41                 27                421         1.6250E+01
             41                 28                 44         1.8000E+01
             42                  9                 19         2.5000E+00
             42                 10                172         2.4500E+00
             42                 11                877         2.5000E+00
             42                 12               2521         2.6500E+00
             42                 13               4584         2.9000E+00
             42                 14               7994         3.2500E+00
             42                 15              14323         3.7000E+00
             42                 16              25538         4.2500E+00
             42                 17              44895         4.9000E+00
             42                 18              71105         5.6500E+00
             42                 19              94446         6.5000E+00
             42                 20              98275         7.4500E+00
             42                 21              86278         8.5000E+00
             42                 22              59818         9.6500E+00
             42                 23              34248         1.0900E+01
             42                 24              15276         1.2250E+01
             42                 25               5364         1.3700E+01
             42                 26               1399         1.5250E+01
             42                 27                279         1.6900E+01
             42                 28                 28         1.8650E+01
             43                  8                 15         3.4000E+00
             43                  9                103         3.2500E+00
             43                 10                444         3.2000E+00
             43                 11               2323         3.2500E+00
             43                 12               6086         3.4000E+00
             43                 13              10404         3.6500E+00
             43                 14              16012         4.0000E+00
             43                 15              23654         4.4500E+00
             43                 16              35296         5.0000E+00
             43                 17              52749         5.6500E+00
             43                 18              76001         6.4000E+00
             43                 19              93277         7.2500E+00
             43                 20              92459         8.2000E+00
             43                 21              74891         9.2500E+00
             43                 22              47893         1.0400E+01
             43                 23              25569         1.1650E+01
             43                 24              10772         1.3000E+01
             43                 25               4001         1.4450E+01
             43                 26               1060         1.6000E+01
             43                 27                187         1.7650E+01
             43                 28                 30         1.9400E+01
             43                 29                  1         2.1250E+01
             44                  7                  3         4.5000E+00
             44                  8                 94         4.2500E+00
             44                  9                333         4.1000E+00
             44                 10               1336         4.0500E+00
             44                 11               4868         4.1000E+00
             44                 12              11731         4.2500E+00
             44                 13              20001         4.5000E+00
             44                 14              28757         4.8500E+00
             44                 15              36009         5.3000E+00
             44                 16              44114         5.8500E+00
             44                 17              56955         6.5000E+00
             44                 18              75168         7.2500E+00
             44                 19              85105         8.1000E+00
             44                 20              78239         9.0500E+00
             44                 21              56717         1.0100E+01
             44                 22              33468         1.1250E+01
             44                 23              16571         1.2500E+01
             44                 24               6855         1.3850E+01
             44                 25               2227         1.5300E+01
             44                 26                562         1.6850E+01
             44                 27                131         1.8500E+01
             44                 28                 26         2.0250E+01
             45                  7                  4         5.4500E+00
             45                  8                 91         5.2000E+00
             45                  9                706         5.0500E+00
             45                 10               2293         5.0000E+00
             45                 11               7585         5.0500E+00
             45                 12              17961         5.2000E+00
             45                 13              29872         5.4500E+00
             45                 14              41150         5.8000E+00
             45                 15              44220         6.2500E+00
             45                 16              46325         6.8000E+00
             45                 17              53053         7.4500E+00
             45                 18              62507         8.2000E+00
             45                 19              64902         9.0500E+00
             45                 20              55807         1.0000E+01
             45                 21              38827         1.1050E+01
             45                 22              21450         1.2200E+01
             45                 23               9624         1.3450E+01
             45                 24               3440         1.4800E+01
             45                 25               1130         1.6250E+01
             45                 26                191         1.7800E+01
             45                 27                 27         1.9450E+01
             45                 28                  1         2.1200E+01
             46                  7                  3         6.5000E+00
             46                  8                106         6.2500E+00
             46                  9                926         6.1000E+00
             46                 10               3296         6.0500E+00
             46                 11               9513         6.1000E+00
             46                 12              21001         6.2500E+00
             46                 13              34051         6.5000E+00
             46                 14              45401         6.8500E+00
             46                 15              46237         7.3000E+00
             46                 16              44324         7.8500E+00
             46                 17              43953         8.5000E+00
             46                 18              43153         9.2500E+00
             46                 19              40388         1.0100E+01
             46                 20              33385         1.1050E+01
             46                 21              22354         1.2100E+01
             46                 22              11745         1.3250E+01
             46                 23               4823         1.4500E+01
             46                 24               2006         1.5850E+01
             46                 25                599         1.7300E+01
             46                 26                 57         1.8850E+01
             46                 28                  1         2.2250E+01
             47                  7                  5         7.6500E+00
             47                  8                144         7.4000E+00
             47                  9                920         7.2500E+00
             47                 10               3214         7.2000E+00
             47                 11               9151         7.2500E+00
             47                 12              18687         7.4000E+00
             47                 13              31258         7.6500E+00
             47                 14              40154         8.0000E+00
             47                 15              41312         8.4500E+00
             47                 16              35512         9.0000E+00
             47                 17              29754         9.6500E+00
             47                 18              24361         1.0400E+01
             47                 19              20196         1.1250E+01
             47                 20              15809         1.2200E+01
             47                 21               9837         1.3250E+01
             47                 22               5091         1.4400E+01
             47                 23               2335         1.5650E+01
             47                 24                805         1.7000E+01
             47                 25                256         1.8450E+01
             47                 26                 36         2.0000E+01
             48                  7                  8         8.9000E+00
             48                  8                 63         8.6500E+00
             48                  9                635         8.5000E+00
             48                 10               2182         8.4500E+00
             48                 11               6033         8.5000E+00
             48                 12              13539         8.6500E+00
             48                 13              22864         8.9000E+00
             48                 14              28071         9.2500E+00
             48                 15              28802         9.7000E+00
             48                 16              24702         1.0250E+01
             48                 17              18010         1.0900E+01
             48                 18              12874         1.1650E+01
             48                 19               8787         1.2500E+01
             48                 20               5490         1.3450E+01
             48                 21               3178         1.4500E+01
             48                 22               1720         1.5650E+01
             48                 23                969         1.6900E+01
             48                 24                402         1.8250E+01
             48                 25                124         1.9700E+01
             48                 26                  8         2.1250E+01
             49                  7                  1         1.0250E+01
             49                  8                 23         1.0000E+01
             49                  9                371         9.8500E+00
             49                 10               1349         9.8000E+00
             49                 11               3377         9.8500E+00
             49                 12               8185         1.0000E+01
             49                 13              14630         1.0250E+01
             49                 14              18905         1.0600E+01
             49                 15              19013         1.1050E+01
             49                 16              15426         1.1600E+01
             49                 17              10478         1.2250E+01
             49                 18               6501         1.3000E+01
             49                 19               3617         1.3850E+01
             49                 20               1797         1.4800E+01
             49                 21                805         1.5850E+01
             49                 22                392         1.7000E+01
             49                 23                185         1.8250E+01
             49                 24                149         1.9600E+01
             49                 25                 23         2.1050E+01
             49                 26                  4         2.2600E+01
             50                  8                 18         1.1450E+01
             50                  9                117         1.1300E+01
             50                 10                423         1.1250E+01
             50                 11               1661         1.1300E+01
             50                 12               4838         1.1450E+01
             50                 13               9124         1.1700E+01
             50                 14              11118         1.2050E+01
             50                 15              11106         1.2500E+01
             50                 16               9237         1.3050E+01
             50                 17               6060         1.3700E+01
             50                 18               2905         1.4450E+01
             50                 19               1249         1.5300E+01
             50                 20                505         1.6250E+01
             50                 21                132         1.7300E+01
             50                 22                 41         1.8450E+01
             50                 23                 14         1.9700E+01
             50                 24                 26         2.1050E+01
             51                  8                 11         1.3000E+01
             51                  9                 25         1.2850E+01
             51                 10                201         1.2800E+01
             51                 11                810         1.2850E+01
             51                 12               2293         1.3000E+01
             51                 13               4332         1.3250E+01
             51                 14               5656         1.3600E+01
             51                 15               5563         1.4050E+01
             51                 16               4276         1.4600E+01
             51                 17               2572         1.5250E+01
             51                 18               1264         1.6000E+01
             51                 19                482         1.6850E+01
             51                 20                164         1.7800E+01
             51                 21                 81         1.8850E+01
             51                 22                 24         2.0000E+01
             51                 24                  2         2.2600E+01
             52                  9                 15         1.4500E+01
             52                 10                101         1.4450E+01
             52                 11                441         1.4500E+01
             52                 12                964         1.4650E+01
             52                 13               1748         1.4900E+01
             52                 14               2056         1.5250E+01
             52                 15               1840         1.5700E+01
             52                 16               1397         1.6250E+01
             52                 17               1033         1.6900E+01
             52                 18                299         1.7650E+01
             52                 19                 84         1.8500E+01
             52                 20                 21         1.9450E+01
             52                 21                 11         2.0500E+01
             52                 22                  1         2.1650E+01
             53                  9                  6         1.6250E+01
             53                 10                 17         1.6200E+01
             53                 11                160         1.6250E+01
             53                 12                283         1.6400E+01
             53                 13                497         1.6650E+01
             53                 14                575         1.7000E+01
             53                 15                450         1.7450E+01
             53                 16                249         1.8000E+01
             53                 17                281         1.8650E+01
             53                 18                 98         1.9400E+01
             53                 19                  5         2.0250E+01
             54                 10                  9         1.8050E+01
             54                 11                 40         1.8100E+01
             54                 12                 85         1.8250E+01
             54                 13                104         1.8500E+01
             54                 14                104         1.8850E+01
             54                 15                 65         1.9300E+01
             54                 16                 28         1.9850E+01
             54                 17                 57         2.0500E+01
             54                 18                 27         2.1250E+01
             54                 19                  1         2.2100E+01
             55                 12                  8         2.0200E+01
             55                 13                  7         2.0450E+01
             55                 14                  1         2.0800E+01
             55                 15                  3         2.1250E+01
             56                 13                  1         2.2500E+01
