  #Crystal Size      Water Content              Count               Bias
             50                  8                  1         5.4500E+00
             50                 10                  6         6.2500E+00
             50                 11                 11         6.8000E+00
             50                 12                  8         7.4500E+00
             51                  6                  2         4.1000E+00
             51                  8                  8         4.5000E+00
             51                  9                 21         4.8500E+00
             51                 10                 21         5.3000E+00
             51                 11                 35         5.8500E+00
             51                 12                 24         6.5000E+00
             51                 13                 21         7.2500E+00
             51                 14                  6         8.1000E+00
             51                 16                  2         1.0100E+01
             51                 17                  1         1.1250E+01
             52                  6                  1         3.2500E+00
             52                  7                 13         3.4000E+00
             52                  8                 87         3.6500E+00
             52                  9                177         4.0000E+00
             52                 10                192         4.4500E+00
             52                 11                235         5.0000E+00
             52                 12                209         5.6500E+00
             52                 13                118         6.4000E+00
             52                 14                 81         7.2500E+00
             52                 15                 55         8.2000E+00
             52                 16                 19         9.2500E+00
             52                 17                  6         1.0400E+01
             53                  5                  3         2.4500E+00
             53                  6                 37         2.5000E+00
             53                  7                166         2.6500E+00
             53                  8                591         2.9000E+00
             53                  9               1230         3.2500E+00
             53                 10               2012         3.7000E+00
             53                 11               2093         4.2500E+00
             53                 12               1977         4.9000E+00
             53                 13               1287         5.6500E+00
             53                 14                769         6.5000E+00
             53                 15                460         7.4500E+00
             53                 16                199         8.5000E+00
             53                 17                 42         9.6500E+00
             53                 18                 10         1.0900E+01
             53                 19                  2         1.2250E+01
             54                  4                  6         1.8500E+00
             54                  5                 22         1.8000E+00
             54                  6                260         1.8500E+00
             54                  7                913         2.0000E+00
             54                  8               3489         2.2500E+00
             54                  9               7319         2.6000E+00
             54                 10              11301         3.0500E+00
             54                 11              12717         3.6000E+00
             54                 12              11606         4.2500E+00
             54                 13               8357         5.0000E+00
             54                 14               4674         5.8500E+00
             54                 15               2134         6.8000E+00
             54                 16                699         7.8500E+00
             54                 17                203         9.0000E+00
             54                 18                 49         1.0250E+01
             54                 19                  2         1.1600E+01
             55                  3                  3         1.4500E+00
             55                  4                 18         1.3000E+00
             55                  5                218         1.2500E+00
             55                  6               1127         1.3000E+00
             55                  7               4303         1.4500E+00
             55                  8              13628         1.7000E+00
             55                  9              29807         2.0500E+00
             55                 10              45538         2.5000E+00
             55                 11              52630         3.0500E+00
             55                 12              46988         3.7000E+00
             55                 13              33444         4.4500E+00
             55                 14              18044         5.3000E+00
             55                 15               7359         6.2500E+00
             55                 16               2444         7.3000E+00
             55                 17                680         8.4500E+00
             55                 18                164         9.7000E+00
             55                 19                 32         1.1050E+01
             55                 20                 15         1.2500E+01
             55                 21                  4         1.4050E+01
             56                  3                 10         1.0000E+00
             56                  4                 70         8.5000E-01
             56                  5                592         8.0000E-01
             56                  6               3066         8.5000E-01
             56                  7              13529         1.0000E+00
             56                  8              40237         1.2500E+00
             56                  9              85758         1.6000E+00
             56                 10             131113         2.0500E+00
             56                 11             147770         2.6000E+00
             56                 12             127804         3.2500E+00
             56                 13              86441         4.0000E+00
             56                 14              45951         4.8500E+00
             56                 15              18661         5.8000E+00
             56                 16               6268         6.8500E+00
             56                 17               1555         8.0000E+00
             56                 18                332         9.2500E+00
             56                 19                 42         1.0600E+01
             56                 20                  8         1.2050E+01
             56                 21                  3         1.3600E+01
             57                  3                 14         6.5000E-01
             57                  4                114         5.0000E-01
             57                  5               1013         4.5000E-01
             57                  6               6351         5.0000E-01
             57                  7              27886         6.5000E-01
             57                  8              82267         9.0000E-01
             57                  9             167314         1.2500E+00
             57                 10             242233         1.7000E+00
             57                 11             267195         2.2500E+00
             57                 12             228063         2.9000E+00
             57                 13             149227         3.6500E+00
             57                 14              75355         4.5000E+00
             57                 15              30390         5.4500E+00
             57                 16               9147         6.5000E+00
             57                 17               2178         7.6500E+00
             57                 18                465         8.9000E+00
             57                 19                 83         1.0250E+01
             57                 20                  7         1.1700E+01
             58                  3                 17         4.0000E-01
             58                  4                121         2.5000E-01
             58                  5               1349         2.0000E-01
             58                  6               8603         2.5000E-01
             58                  7              38337         4.0000E-01
             58                  8             107666         6.5000E-01
             58                  9             208901         1.0000E+00
             58                 10             289737         1.4500E+00
             58                 11             301538         2.0000E+00
             58                 12             245436         2.6500E+00
             58                 13             157137         3.4000E+00
             58                 14              76015         4.2500E+00
             58                 15              30093         5.2000E+00
             58                 16               9411         6.2500E+00
             58                 17               2263         7.4000E+00
             58                 18                318         8.6500E+00
             58                 19                 38         1.0000E+01
             58                 20                  3         1.1450E+01
             59                  2                  1         5.0000E-01
             59                  3                  8         2.5000E-01
             59                  4                109         1.0000E-01
             59                  5               1117         5.0000E-02
             59                  6               6898         1.0000E-01
             59                  7              30373         2.5000E-01
             59                  8              79315         5.0000E-01
             59                  9             145422         8.5000E-01
             59                 10             188644         1.3000E+00
             59                 11             188188         1.8500E+00
             59                 12             145083         2.5000E+00
             59                 13              88971         3.2500E+00
             59                 14              42790         4.1000E+00
             59                 15              16251         5.0500E+00
             59                 16               4958         6.1000E+00
             59                 17               1053         7.2500E+00
             59                 18                166         8.5000E+00
             59                 19                 15         9.8500E+00
             59                 20                  1         1.1300E+01
             60                  4                 16         5.0000E-02
             60                  5                400         0.0000E+00
             60                  6               2405         5.0000E-02
             60                  7               9660         2.0000E-01
             60                  8              24404         4.5000E-01
             60                  9              42216         8.0000E-01
             60                 10              51724         1.2500E+00
             60                 11              49718         1.8000E+00
             60                 12              36385         2.4500E+00
             60                 13              21397         3.2000E+00
             60                 14              10021         4.0500E+00
             60                 15               3362         5.0000E+00
             60                 16                855         6.0500E+00
             60                 17                131         7.2000E+00
             60                 18                 13         8.4500E+00
