  #Crystal Size      Water Content              Count               Bias
             43                  9                  5         4.2500E+00
             43                 12                  2         7.4000E+00
             43                 13                  6         8.6500E+00
             44                  7                  3         2.5000E+00
             44                  8                 13         3.2500E+00
             44                  9                 38         4.1000E+00
             44                 10                 16         5.0500E+00
             44                 11                  7         6.1000E+00
             44                 12                 31         7.2500E+00
             44                 13                 16         8.5000E+00
             44                 14                 11         9.8500E+00
             44                 15                  3         1.1300E+01
             45                  5                  1         1.2500E+00
             45                  6                 15         1.8000E+00
             45                  7                 25         2.4500E+00
             45                  8                 96         3.2000E+00
             45                  9                128         4.0500E+00
             45                 10                179         5.0000E+00
             45                 11                124         6.0500E+00
             45                 12                169         7.2000E+00
             45                 13                124         8.4500E+00
             45                 14                 48         9.8000E+00
             45                 15                 23         1.1250E+01
             45                 16                  8         1.2800E+01
             45                 17                  8         1.4450E+01
             45                 18                  3         1.6200E+01
             46                  4                  1         8.5000E-01
             46                  6                 49         1.8500E+00
             46                  7                197         2.5000E+00
             46                  8                429         3.2500E+00
             46                  9                666         4.1000E+00
             46                 10                776         5.0500E+00
             46                 11                850         6.1000E+00
             46                 12                709         7.2500E+00
             46                 13                526         8.5000E+00
             46                 14                243         9.8500E+00
             46                 15                 92         1.1300E+01
             46                 16                 27         1.2850E+01
             46                 17                 19         1.4500E+01
             46                 18                  5         1.6250E+01
             47                  4                  5         1.0000E+00
             47                  5                 17         1.4500E+00
             47                  6                207         2.0000E+00
             47                  7                791         2.6500E+00
             47                  8               1617         3.4000E+00
             47                  9               2173         4.2500E+00
             47                 10               2727         5.2000E+00
             47                 11               2863         6.2500E+00
             47                 12               2592         7.4000E+00
             47                 13               1816         8.6500E+00
             47                 14                990         1.0000E+01
             47                 15                459         1.1450E+01
             47                 16                181         1.3000E+01
             47                 17                 45         1.4650E+01
             47                 18                  3         1.6400E+01
             48                  4                 16         1.2500E+00
             48                  5                 99         1.7000E+00
             48                  6                516         2.2500E+00
             48                  7               2266         2.9000E+00
             48                  8               4696         3.6500E+00
             48                  9               6554         4.5000E+00
             48                 10               9083         5.4500E+00
             48                 11               8848         6.5000E+00
             48                 12               7711         7.6500E+00
             48                 13               5218         8.9000E+00
             48                 14               2645         1.0250E+01
             48                 15               1189         1.1700E+01
             48                 16                385         1.3250E+01
             48                 17                134         1.4900E+01
             48                 18                  9         1.6650E+01
             49                  4                 37         1.6000E+00
             49                  5                162         2.0500E+00
             49                  6               1218         2.6000E+00
             49                  7               4912         3.2500E+00
             49                  8              10665         4.0000E+00
             49                  9              16969         4.8500E+00
             49                 10              21555         5.8000E+00
             49                 11              22702         6.8500E+00
             49                 12              19083         8.0000E+00
             49                 13              12514         9.2500E+00
             49                 14               6010         1.0600E+01
             49                 15               2813         1.2050E+01
             49                 16                786         1.3600E+01
             49                 17                164         1.5250E+01
             49                 18                 31         1.7000E+01
             50                  4                 36         2.0500E+00
             50                  5                370         2.5000E+00
             50                  6               2745         3.0500E+00
             50                  7               9814         3.7000E+00
             50                  8              22299         4.4500E+00
             50                  9              36062         5.3000E+00
             50                 10              46702         6.2500E+00
             50                 11              45411         7.3000E+00
             50                 12              37480         8.4500E+00
             50                 13              23434         9.7000E+00
             50                 14              10984         1.1050E+01
             50                 15               4272         1.2500E+01
             50                 16               1332         1.4050E+01
             50                 17                313         1.5700E+01
             50                 18                 85         1.7450E+01
             50                 19                  2         1.9300E+01
             51                  3                  1         2.2500E+00
             51                  4                 39         2.6000E+00
             51                  5                727         3.0500E+00
             51                  6               5269         3.6000E+00
             51                  7              18857         4.2500E+00
             51                  8              42921         5.0000E+00
             51                  9              70574         5.8500E+00
             51                 10              85391         6.8000E+00
             51                 11              79043         7.8500E+00
             51                 12              58875         9.0000E+00
             51                 13              34385         1.0250E+01
             51                 14              15792         1.1600E+01
             51                 15               5874         1.3050E+01
             51                 16               1887         1.4600E+01
             51                 17                623         1.6250E+01
             51                 18                 78         1.8000E+01
             51                 19                  2         1.9850E+01
             52                  4                130         3.2500E+00
             52                  5               1536         3.7000E+00
             52                  6               9736         4.2500E+00
             52                  7              32795         4.9000E+00
             52                  8              75231         5.6500E+00
             52                  9             120257         6.5000E+00
             52                 10             136587         7.4500E+00
             52                 11             119392         8.5000E+00
             52                 12              81978         9.6500E+00
             52                 13              42899         1.0900E+01
             52                 14              18363         1.2250E+01
             52                 15               6458         1.3700E+01
             52                 16               1789         1.5250E+01
             52                 17                559         1.6900E+01
             52                 18                 50         1.8650E+01
             52                 19                  3         2.0500E+01
             53                  3                  2         3.6500E+00
             53                  4                217         4.0000E+00
             53                  5               2463         4.4500E+00
             53                  6              15064         5.0000E+00
             53                  7              50626         5.6500E+00
             53                  8             114815         6.4000E+00
             53                  9             175487         7.2500E+00
             53                 10             192766         8.2000E+00
             53                 11             156311         9.2500E+00
             53                 12              98661         1.0400E+01
             53                 13              46966         1.1650E+01
             53                 14              18025         1.3000E+01
             53                 15               5955         1.4450E+01
             53                 16               1616         1.6000E+01
             53                 17                389         1.7650E+01
             53                 18                 33         1.9400E+01
             54                  2                  1         4.2500E+00
             54                  3                 45         4.5000E+00
             54                  4                455         4.8500E+00
             54                  5               3849         5.3000E+00
             54                  6              19634         5.8500E+00
             54                  7              63944         6.5000E+00
             54                  8             136293         7.2500E+00
             54                  9             200366         8.1000E+00
             54                 10             216751         9.0500E+00
             54                 11             169136         1.0100E+01
             54                 12              98831         1.1250E+01
             54                 13              44256         1.2500E+01
             54                 14              15871         1.3850E+01
             54                 15               4690         1.5300E+01
             54                 16               1001         1.6850E+01
             54                 17                212         1.8500E+01
             54                 18                  7         2.0250E+01
             55                  1                  1         5.0500E+00
             55                  2                  8         5.2000E+00
             55                  3                 71         5.4500E+00
             55                  4                721         5.8000E+00
             55                  5               4804         6.2500E+00
             55                  6              20415         6.8000E+00
             55                  7              62044         7.4500E+00
             55                  8             125251         8.2000E+00
             55                  9             176892         9.0500E+00
             55                 10             182015         1.0000E+01
             55                 11             137215         1.1050E+01
             55                 12              77585         1.2200E+01
             55                 13              34392         1.3450E+01
             55                 14              11985         1.4800E+01
             55                 15               3240         1.6250E+01
             55                 16                811         1.7800E+01
             55                 17                176         1.9450E+01
             55                 18                  1         2.1200E+01
             56                  2                  3         6.2500E+00
             56                  3                 57         6.5000E+00
             56                  4                651         6.8500E+00
             56                  5               3821         7.3000E+00
             56                  6              15072         7.8500E+00
             56                  7              43685         8.5000E+00
             56                  8              82281         9.2500E+00
             56                  9             111428         1.0100E+01
             56                 10             109458         1.1050E+01
             56                 11              80318         1.2100E+01
             56                 12              44204         1.3250E+01
             56                 13              18995         1.4500E+01
             56                 14               7186         1.5850E+01
             56                 15               2326         1.7300E+01
             56                 16                631         1.8850E+01
             56                 17                 93         2.0500E+01
             56                 18                  1         2.2250E+01
             57                  3                 39         7.6500E+00
             57                  4                327         8.0000E+00
             57                  5               1968         8.4500E+00
             57                  6               7073         9.0000E+00
             57                  7              19144         9.6500E+00
             57                  8              36730         1.0400E+01
             57                  9              46949         1.1250E+01
             57                 10              44784         1.2200E+01
             57                 11              32143         1.3250E+01
             57                 12              17098         1.4400E+01
             57                 13               7546         1.5650E+01
             57                 14               2873         1.7000E+01
             57                 15                894         1.8450E+01
             57                 16                228         2.0000E+01
             57                 17                 39         2.1650E+01
             57                 18                  1         2.3400E+01
             58                  2                  1         8.6500E+00
             58                  3                  4         8.9000E+00
             58                  4                 98         9.2500E+00
             58                  5                613         9.7000E+00
             58                  6               2209         1.0250E+01
             58                  7               5665         1.0900E+01
             58                  8               9877         1.1650E+01
             58                  9              12909         1.2500E+01
             58                 10              11559         1.3450E+01
             58                 11               8152         1.4500E+01
             58                 12               4299         1.5650E+01
             58                 13               2068         1.6900E+01
             58                 14                766         1.8250E+01
             58                 15                273         1.9700E+01
             58                 16                 50         2.1250E+01
             58                 17                  4         2.2900E+01
             59                  4                 70         1.0600E+01
             59                  5                192         1.1050E+01
             59                  6                501         1.1600E+01
             59                  7               1023         1.2250E+01
             59                  8               1920         1.3000E+01
             59                  9               2028         1.3850E+01
             59                 10               1718         1.4800E+01
             59                 11               1182         1.5850E+01
             59                 12                540         1.7000E+01
             59                 13                240         1.8250E+01
             59                 14                 94         1.9600E+01
             59                 15                 51         2.1050E+01
             59                 16                  3         2.2600E+01
             60                  5                 18         1.2500E+01
             60                  6                 68         1.3050E+01
             60                  7                122         1.3700E+01
             60                  8                206         1.4450E+01
             60                  9                172         1.5300E+01
             60                 10                132         1.6250E+01
             60                 11                 99         1.7300E+01
             60                 12                 48         1.8450E+01
             60                 13                  4         1.9700E+01
             60                 15                  2         2.2500E+01
