  #Crystal Size      Water Content              Count               Bias
             51                  6                  1         5.8500E+00
             51                  7                  3         6.5000E+00
             51                  8                  1         7.2500E+00
             51                  9                  7         8.1000E+00
             51                 10                  3         9.0500E+00
             52                  6                  5         5.0000E+00
             52                  7                 16         5.6500E+00
             52                  8                 49         6.4000E+00
             52                  9                 80         7.2500E+00
             52                 10                 85         8.2000E+00
             52                 11                 31         9.2500E+00
             52                 12                 22         1.0400E+01
             52                 13                 10         1.1650E+01
             52                 14                  2         1.3000E+01
             53                  5                  4         3.7000E+00
             53                  6                 43         4.2500E+00
             53                  7                244         4.9000E+00
             53                  8                662         5.6500E+00
             53                  9                930         6.5000E+00
             53                 10                814         7.4500E+00
             53                 11                659         8.5000E+00
             53                 12                382         9.6500E+00
             53                 13                210         1.0900E+01
             53                 14                 43         1.2250E+01
             53                 15                 21         1.3700E+01
             53                 16                  3         1.5250E+01
             54                  4                  2         2.6000E+00
             54                  5                 90         3.0500E+00
             54                  6                578         3.6000E+00
             54                  7               2331         4.2500E+00
             54                  8               4999         5.0000E+00
             54                  9               7042         5.8500E+00
             54                 10               6827         6.8000E+00
             54                 11               5070         7.8500E+00
             54                 12               2839         9.0000E+00
             54                 13               1410         1.0250E+01
             54                 14                465         1.1600E+01
             54                 15                 90         1.3050E+01
             54                 16                 14         1.4600E+01
             55                  4                 60         2.0500E+00
             55                  5                629         2.5000E+00
             55                  6               3630         3.0500E+00
             55                  7              12725         3.7000E+00
             55                  8              26140         4.4500E+00
             55                  9              35722         5.3000E+00
             55                 10              34054         6.2500E+00
             55                 11              25037         7.3000E+00
             55                 12              14265         8.4500E+00
             55                 13               6123         9.7000E+00
             55                 14               2032         1.1050E+01
             55                 15                423         1.2500E+01
             55                 16                 55         1.4050E+01
             55                 17                  2         1.5700E+01
             55                 18                  1         1.7450E+01
             56                  3                 25         1.2500E+00
             56                  4                314         1.6000E+00
             56                  5               2745         2.0500E+00
             56                  6              15033         2.6000E+00
             56                  7              47701         3.2500E+00
             56                  8              90814         4.0000E+00
             56                  9             119940         4.8500E+00
             56                 10             113246         5.8000E+00
             56                 11              80070         6.8500E+00
             56                 12              42058         8.0000E+00
             56                 13              17401         9.2500E+00
             56                 14               5146         1.0600E+01
             56                 15               1282         1.2050E+01
             56                 16                201         1.3600E+01
             56                 17                 24         1.5250E+01
             56                 18                  1         1.7000E+01
             57                  2                 15         6.5000E-01
             57                  3                128         9.0000E-01
             57                  4               1045         1.2500E+00
             57                  5               8358         1.7000E+00
             57                  6              39223         2.2500E+00
             57                  7             114597         2.9000E+00
             57                  8             206686         3.6500E+00
             57                  9             261352         4.5000E+00
             57                 10             236939         5.4500E+00
             57                 11             160654         6.5000E+00
             57                 12              83160         7.6500E+00
             57                 13              32715         8.9000E+00
             57                 14               9866         1.0250E+01
             57                 15               2089         1.1700E+01
             57                 16                371         1.3250E+01
             57                 17                 70         1.4900E+01
             57                 18                  5         1.6650E+01
             58                  2                 32         4.0000E-01
             58                  3                253         6.5000E-01
             58                  4               2305         1.0000E+00
             58                  5              14964         1.4500E+00
             58                  6              65499         2.0000E+00
             58                  7             170981         2.6500E+00
             58                  8             292342         3.4000E+00
             58                  9             354196         4.2500E+00
             58                 10             308702         5.2000E+00
             58                 11             202750         6.2500E+00
             58                 12             101308         7.4000E+00
             58                 13              38055         8.6500E+00
             58                 14              10447         1.0000E+01
             58                 15               2039         1.1450E+01
             58                 16                352         1.3000E+01
             58                 17                 60         1.4650E+01
             58                 18                 10         1.6400E+01
             59                  2                 12         2.5000E-01
             59                  3                160         5.0000E-01
             59                  4               2345         8.5000E-01
             59                  5              14978         1.3000E+00
             59                  6              58010         1.8500E+00
             59                  7             141008         2.5000E+00
             59                  8             226547         3.2500E+00
             59                  9             262806         4.1000E+00
             59                 10             225533         5.0500E+00
             59                 11             142355         6.1000E+00
             59                 12              68451         7.2500E+00
             59                 13              24963         8.5000E+00
             59                 14               6854         9.8500E+00
             59                 15               1340         1.1300E+01
             59                 16                202         1.2850E+01
             59                 17                 23         1.4500E+01
             59                 18                  6         1.6250E+01
             60                  2                  2         2.0000E-01
             60                  3                 58         4.5000E-01
             60                  4                910         8.0000E-01
             60                  5               5532         1.2500E+00
             60                  6              20072         1.8000E+00
             60                  7              45945         2.4500E+00
             60                  8              73044         3.2000E+00
             60                  9              81877         4.0500E+00
             60                 10              69250         5.0000E+00
             60                 11              43676         6.0500E+00
             60                 12              19878         7.2000E+00
             60                 13               7108         8.4500E+00
             60                 14               2004         9.8000E+00
             60                 15                442         1.1250E+01
             60                 16                 55         1.2800E+01
