  #Crystal Size      Water Content              Count               Bias
             21                 10                  1         8.0000E-01
             21                 11                  1         8.5000E-01
             21                 13                  2         1.2500E+00
             21                 16                  4         2.6000E+00
             21                 18                  1         4.0000E+00
             22                 10                  4         4.5000E-01
             22                 11                 16         5.0000E-01
             22                 12                 18         6.5000E-01
             22                 13                 12         9.0000E-01
             22                 14                 18         1.2500E+00
             22                 15                 12         1.7000E+00
             22                 16                 13         2.2500E+00
             22                 17                  7         2.9000E+00
             22                 18                  9         3.6500E+00
             22                 19                  1         4.5000E+00
             23                  9                  3         2.5000E-01
             23                 10                 14         2.0000E-01
             23                 11                 79         2.5000E-01
             23                 12                 83         4.0000E-01
             23                 13                132         6.5000E-01
             23                 14                166         1.0000E+00
             23                 15                104         1.4500E+00
             23                 16                100         2.0000E+00
             23                 17                 77         2.6500E+00
             23                 18                 29         3.4000E+00
             23                 19                 14         4.2500E+00
             24                  9                 23         1.0000E-01
             24                 10                 57         5.0000E-02
             24                 11                224         1.0000E-01
             24                 12                391         2.5000E-01
             24                 13                606         5.0000E-01
             24                 14                649         8.5000E-01
             24                 15                545         1.3000E+00
             24                 16                391         1.8500E+00
             24                 17                229         2.5000E+00
             24                 18                123         3.2500E+00
             24                 19                 64         4.1000E+00
             24                 21                  1         6.1000E+00
             25                  8                  1         2.0000E-01
             25                  9                 37         5.0000E-02
             25                 10                221         0.0000E+00
             25                 11                696         5.0000E-02
             25                 12               1402         2.0000E-01
             25                 13               2182         4.5000E-01
             25                 14               2192         8.0000E-01
             25                 15               1943         1.2500E+00
             25                 16               1297         1.8000E+00
             25                 17                735         2.4500E+00
             25                 18                342         3.2000E+00
             25                 19                175         4.0500E+00
             25                 20                 37         5.0000E+00
             25                 21                 13         6.0500E+00
             25                 22                  9         7.2000E+00
             25                 23                 14         8.4500E+00
             25                 24                  2         9.8000E+00
             25                 25                 10         1.1250E+01
             25                 26                  1         1.2800E+01
             26                  8                  2         2.5000E-01
             26                  9                 41         1.0000E-01
             26                 10                473         5.0000E-02
             26                 11               1643         1.0000E-01
             26                 12               3163         2.5000E-01
             26                 13               5230         5.0000E-01
             26                 14               5588         8.5000E-01
             26                 15               4763         1.3000E+00
             26                 16               3182         1.8500E+00
             26                 17               1934         2.5000E+00
             26                 18               1033         3.2500E+00
             26                 19                423         4.1000E+00
             26                 20                187         5.0500E+00
             26                 21                 70         6.1000E+00
             26                 22                 21         7.2500E+00
             26                 23                 58         8.5000E+00
             26                 24                  6         9.8500E+00
             26                 25                 20         1.1300E+01
             27                  7                  7         6.5000E-01
             27                  8                 19         4.0000E-01
             27                  9                117         2.5000E-01
             27                 10                897         2.0000E-01
             27                 11               2943         2.5000E-01
             27                 12               6712         4.0000E-01
             27                 13              10362         6.5000E-01
             27                 14              12319         1.0000E+00
             27                 15              10711         1.4500E+00
             27                 16               7098         2.0000E+00
             27                 17               3895         2.6500E+00
             27                 18               1971         3.4000E+00
             27                 19                957         4.2500E+00
             27                 20                457         5.2000E+00
             27                 21                221         6.2500E+00
             27                 22                 71         7.4000E+00
             27                 23                 59         8.6500E+00
             27                 24                  3         1.0000E+01
             27                 25                 12         1.1450E+01
             28                  7                  4         9.0000E-01
             28                  8                 23         6.5000E-01
             28                  9                306         5.0000E-01
             28                 10               1396         4.5000E-01
             28                 11               4296         5.0000E-01
             28                 12              10134         6.5000E-01
             28                 13              16658         9.0000E-01
             28                 14              20263         1.2500E+00
             28                 15              18045         1.7000E+00
             28                 16              12221         2.2500E+00
             28                 17               6843         2.9000E+00
             28                 18               3472         3.6500E+00
             28                 19               1572         4.5000E+00
             28                 20                718         5.4500E+00
             28                 21                401         6.5000E+00
             28                 22                208         7.6500E+00
             28                 23                107         8.9000E+00
             28                 24                 34         1.0250E+01
             28                 25                 13         1.1700E+01
             28                 26                  2         1.3250E+01
             29                  7                  6         1.2500E+00
             29                  8                 58         1.0000E+00
             29                  9                396         8.5000E-01
             29                 10               1955         8.0000E-01
             29                 11               6180         8.5000E-01
             29                 12              14077         1.0000E+00
             29                 13              23243         1.2500E+00
             29                 14              27569         1.6000E+00
             29                 15              24920         2.0500E+00
             29                 16              17359         2.6000E+00
             29                 17              10126         3.2500E+00
             29                 18               5008         4.0000E+00
             29                 19               2238         4.8500E+00
             29                 20               1182         5.8000E+00
             29                 21                484         6.8500E+00
             29                 22                199         8.0000E+00
             29                 23                136         9.2500E+00
             29                 24                 67         1.0600E+01
             29                 25                 33         1.2050E+01
             29                 26                  5         1.3600E+01
             30                  7                 10         1.7000E+00
             30                  8                 81         1.4500E+00
             30                  9                625         1.3000E+00
             30                 10               2556         1.2500E+00
             30                 11               7878         1.3000E+00
             30                 12              16892         1.4500E+00
             30                 13              28686         1.7000E+00
             30                 14              34693         2.0500E+00
             30                 15              29580         2.5000E+00
             30                 16              21142         3.0500E+00
             30                 17              12627         3.7000E+00
             30                 18               7171         4.4500E+00
             30                 19               3682         5.3000E+00
             30                 20               1628         6.2500E+00
             30                 21                573         7.3000E+00
             30                 22                228         8.4500E+00
             30                 23                204         9.7000E+00
             30                 24                100         1.1050E+01
             30                 25                  2         1.2500E+01
             31                  6                  1         2.6000E+00
             31                  7                 21         2.2500E+00
             31                  8                113         2.0000E+00
             31                  9                763         1.8500E+00
             31                 10               3034         1.8000E+00
             31                 11               8588         1.8500E+00
             31                 12              17604         2.0000E+00
             31                 13              29138         2.2500E+00
             31                 14              33627         2.6000E+00
             31                 15              30603         3.0500E+00
             31                 16              22315         3.6000E+00
             31                 17              14068         4.2500E+00
             31                 18               8920         5.0000E+00
             31                 19               4951         5.8500E+00
             31                 20               2207         6.8000E+00
             31                 21                893         7.8500E+00
             31                 22                303         9.0000E+00
             31                 23                141         1.0250E+01
             31                 24                 19         1.1600E+01
             31                 25                  1         1.3050E+01
             32                  6                  1         3.2500E+00
             32                  7                 17         2.9000E+00
             32                  8                102         2.6500E+00
             32                  9                689         2.5000E+00
             32                 10               2999         2.4500E+00
             32                 11               7789         2.5000E+00
             32                 12              14800         2.6500E+00
             32                 13              22836         2.9000E+00
             32                 14              26345         3.2500E+00
             32                 15              24606         3.7000E+00
             32                 16              18781         4.2500E+00
             32                 17              12655         4.9000E+00
             32                 18               9191         5.6500E+00
             32                 19               5768         6.5000E+00
             32                 20               2548         7.4500E+00
             32                 21                986         8.5000E+00
             32                 22                510         9.6500E+00
             32                 23                110         1.0900E+01
             32                 24                 27         1.2250E+01
             33                  7                  7         3.6500E+00
             33                  8                 70         3.4000E+00
             33                  9                510         3.2500E+00
             33                 10               1817         3.2000E+00
             33                 11               4884         3.2500E+00
             33                 12               9377         3.4000E+00
             33                 13              14086         3.6500E+00
             33                 14              16284         4.0000E+00
             33                 15              15594         4.4500E+00
             33                 16              12442         5.0000E+00
             33                 17               9263         5.6500E+00
             33                 18               7186         6.4000E+00
             33                 19               4720         7.2500E+00
             33                 20               2726         8.2000E+00
             33                 21               1052         9.2500E+00
             33                 22                321         1.0400E+01
             33                 23                 52         1.1650E+01
             33                 24                 11         1.3000E+01
             33                 25                  1         1.4450E+01
             34                  7                  5         4.5000E+00
             34                  8                 43         4.2500E+00
             34                  9                211         4.1000E+00
             34                 10                894         4.0500E+00
             34                 11               2144         4.1000E+00
             34                 12               3912         4.2500E+00
             34                 13               5799         4.5000E+00
             34                 14               7182         4.8500E+00
             34                 15               6633         5.3000E+00
             34                 16               5723         5.8500E+00
             34                 17               4565         6.5000E+00
             34                 18               4007         7.2500E+00
             34                 19               3233         8.1000E+00
             34                 20               1883         9.0500E+00
             34                 21                800         1.0100E+01
             34                 22                197         1.1250E+01
             34                 23                 20         1.2500E+01
             34                 24                 18         1.3850E+01
             35                  8                 11         5.2000E+00
             35                  9                 59         5.0500E+00
             35                 10                235         5.0000E+00
             35                 11                733         5.0500E+00
             35                 12               1251         5.2000E+00
             35                 13               1781         5.4500E+00
             35                 14               2181         5.8000E+00
             35                 15               2255         6.2500E+00
             35                 16               2050         6.8000E+00
             35                 17               1605         7.4500E+00
             35                 18               1653         8.2000E+00
             35                 19               1368         9.0500E+00
             35                 20                934         1.0000E+01
             35                 21                454         1.1050E+01
             35                 22                 75         1.2200E+01
             35                 23                 10         1.3450E+01
             35                 24                  1         1.4800E+01
             36                  8                  5         6.2500E+00
             36                  9                 65         6.1000E+00
             36                 10                 99         6.0500E+00
             36                 11                107         6.1000E+00
             36                 12                274         6.2500E+00
             36                 13                347         6.5000E+00
             36                 14                411         6.8500E+00
             36                 15                556         7.3000E+00
             36                 16                552         7.8500E+00
             36                 17                430         8.5000E+00
             36                 18                430         9.2500E+00
             36                 19                462         1.0100E+01
             36                 20                312         1.1050E+01
             36                 21                141         1.2100E+01
             36                 22                 43         1.3250E+01
             36                 23                 10         1.4500E+01
             37                  9                  3         7.2500E+00
             37                 10                 11         7.2000E+00
             37                 11                 51         7.2500E+00
             37                 12                 45         7.4000E+00
             37                 13                 42         7.6500E+00
             37                 14                 53         8.0000E+00
             37                 15                 98         8.4500E+00
             37                 16                 70         9.0000E+00
             37                 17                 96         9.6500E+00
             37                 18                 76         1.0400E+01
             37                 19                104         1.1250E+01
             37                 20                 99         1.2200E+01
             37                 21                 23         1.3250E+01
             37                 22                  8         1.4400E+01
             37                 23                  4         1.5650E+01
             38                 12                  1         8.6500E+00
             38                 13                  1         8.9000E+00
             38                 14                  1         9.2500E+00
             38                 15                  4         9.7000E+00
             38                 16                  4         1.0250E+01
             38                 17                  7         1.0900E+01
             38                 18                 11         1.1650E+01
             38                 19                 11         1.2500E+01
             38                 20                  6         1.3450E+01
             38                 21                 10         1.4500E+01
             39                 18                  4         1.3000E+01
