  #Crystal Size      Water Content              Count               Bias
              9                  6                  1         7.8500E+00
             11                  5                  8         5.8000E+00
             11                  6                  5         6.8500E+00
             11                 11                  1         1.3600E+01
             12                  4                 11         4.5000E+00
             12                  5                 15         5.4500E+00
             12                  6                 23         6.5000E+00
             12                  7                 12         7.6500E+00
             12                  8                  5         8.9000E+00
             12                  9                  5         1.0250E+01
             12                 10                 26         1.1700E+01
             12                 11                 40         1.3250E+01
             12                 12                  3         1.4900E+01
             13                  3                  1         3.4000E+00
             13                  4                  3         4.2500E+00
             13                  5                 40         5.2000E+00
             13                  6                124         6.2500E+00
             13                  7                 99         7.4000E+00
             13                  8                 92         8.6500E+00
             13                  9                 73         1.0000E+01
             13                 10                 63         1.1450E+01
             13                 11                 63         1.3000E+01
             13                 12                 22         1.4650E+01
             14                  3                  6         3.2500E+00
             14                  4                 29         4.1000E+00
             14                  5                179         5.0500E+00
             14                  6                395         6.1000E+00
             14                  7                512         7.2500E+00
             14                  8                481         8.5000E+00
             14                  9                379         9.8500E+00
             14                 10                225         1.1300E+01
             14                 11                113         1.2850E+01
             14                 12                 47         1.4500E+01
             14                 13                  3         1.6250E+01
             15                  3                 28         3.2000E+00
             15                  4                243         4.0500E+00
             15                  5                914         5.0000E+00
             15                  6               1721         6.0500E+00
             15                  7               2266         7.2000E+00
             15                  8               2241         8.4500E+00
             15                  9               1816         9.8000E+00
             15                 10                879         1.1250E+01
             15                 11                283         1.2800E+01
             15                 12                108         1.4450E+01
             15                 13                  7         1.6200E+01
             16                  2                 19         2.5000E+00
             16                  3                149         3.2500E+00
             16                  4                954         4.1000E+00
             16                  5               2880         5.0500E+00
             16                  6               5432         6.1000E+00
             16                  7               7815         7.2500E+00
             16                  8               7532         8.5000E+00
             16                  9               5138         9.8500E+00
             16                 10               2371         1.1300E+01
             16                 11                928         1.2850E+01
             16                 12                245         1.4500E+01
             16                 13                 42         1.6250E+01
             17                  0                  1         1.4500E+00
             17                  1                  7         2.0000E+00
             17                  2                 46         2.6500E+00
             17                  3                372         3.4000E+00
             17                  4               2316         4.2500E+00
             17                  5               7042         5.2000E+00
             17                  6              13615         6.2500E+00
             17                  7              18983         7.4000E+00
             17                  8              17406         8.6500E+00
             17                  9              11043         1.0000E+01
             17                 10               5353         1.1450E+01
             17                 11               1942         1.3000E+01
             17                 12                621         1.4650E+01
             17                 13                156         1.6400E+01
             17                 14                 12         1.8250E+01
             18                  1                 32         2.2500E+00
             18                  2                164         2.9000E+00
             18                  3                978         3.6500E+00
             18                  4               4104         4.5000E+00
             18                  5              13660         5.4500E+00
             18                  6              24982         6.5000E+00
             18                  7              35308         7.6500E+00
             18                  8              30549         8.9000E+00
             18                  9              19674         1.0250E+01
             18                 10               9477         1.1700E+01
             18                 11               3807         1.3250E+01
             18                 12               1385         1.4900E+01
             18                 13                275         1.6650E+01
             18                 14                 38         1.8500E+01
             18                 15                 15         2.0450E+01
             19                  1                 43         2.6000E+00
             19                  2                231         3.2500E+00
             19                  3               1293         4.0000E+00
             19                  4               6638         4.8500E+00
             19                  5              20017         5.8000E+00
             19                  6              34958         6.8500E+00
             19                  7              45772         8.0000E+00
             19                  8              41155         9.2500E+00
             19                  9              26355         1.0600E+01
             19                 10              13513         1.2050E+01
             19                 11               5957         1.3600E+01
             19                 12               2179         1.5250E+01
             19                 13                660         1.7000E+01
             19                 14                248         1.8850E+01
             19                 15                 23         2.0800E+01
             20                  1                 15         3.0500E+00
             20                  2                187         3.7000E+00
             20                  3               1509         4.4500E+00
             20                  4               7509         5.3000E+00
             20                  5              21053         6.2500E+00
             20                  6              36125         7.3000E+00
             20                  7              46254         8.4500E+00
             20                  8              41326         9.7000E+00
             20                  9              26129         1.1050E+01
             20                 10              14539         1.2500E+01
             20                 11               7392         1.4050E+01
             20                 12               3240         1.5700E+01
             20                 13               1205         1.7450E+01
             20                 14                333         1.9300E+01
             20                 15                 33         2.1250E+01
             21                  1                  3         3.6000E+00
             21                  2                162         4.2500E+00
             21                  3               1257         5.0000E+00
             21                  4               6219         5.8500E+00
             21                  5              16941         6.8000E+00
             21                  6              29403         7.8500E+00
             21                  7              36213         9.0000E+00
             21                  8              30548         1.0250E+01
             21                  9              19831         1.1600E+01
             21                 10              11657         1.3050E+01
             21                 11               6735         1.4600E+01
             21                 12               2866         1.6250E+01
             21                 13               1098         1.8000E+01
             21                 14                238         1.9850E+01
             21                 15                 68         2.1800E+01
             21                 16                  4         2.3850E+01
             22                  1                  7         4.2500E+00
             22                  2                 96         4.9000E+00
             22                  3                785         5.6500E+00
             22                  4               4364         6.5000E+00
             22                  5              10917         7.4500E+00
             22                  6              17877         8.5000E+00
             22                  7              21724         9.6500E+00
             22                  8              17935         1.0900E+01
             22                  9              11613         1.2250E+01
             22                 10               6327         1.3700E+01
             22                 11               3737         1.5250E+01
             22                 12               1793         1.6900E+01
             22                 13                671         1.8650E+01
             22                 14                229         2.0500E+01
             22                 15                 33         2.2450E+01
             23                  2                 39         5.6500E+00
             23                  3                388         6.4000E+00
             23                  4               1911         7.2500E+00
             23                  5               5042         8.2000E+00
             23                  6               8435         9.2500E+00
             23                  7               9405         1.0400E+01
             23                  8               8120         1.1650E+01
             23                  9               4952         1.3000E+01
             23                 10               2751         1.4450E+01
             23                 11               1882         1.6000E+01
             23                 12                963         1.7650E+01
             23                 13                327         1.9400E+01
             23                 14                130         2.1250E+01
             23                 15                 17         2.3200E+01
             24                  2                 13         6.5000E+00
             24                  3                145         7.2500E+00
             24                  4                653         8.1000E+00
             24                  5               1675         9.0500E+00
             24                  6               2430         1.0100E+01
             24                  7               2872         1.1250E+01
             24                  8               2491         1.2500E+01
             24                  9               1593         1.3850E+01
             24                 10                828         1.5300E+01
             24                 11                650         1.6850E+01
             24                 12                349         1.8500E+01
             24                 13                104         2.0250E+01
             24                 14                 43         2.2100E+01
             24                 15                  3         2.4050E+01
             25                  3                 30         8.2000E+00
             25                  4                116         9.0500E+00
             25                  5                378         1.0000E+01
             25                  6                622         1.1050E+01
             25                  7                635         1.2200E+01
             25                  8                613         1.3450E+01
             25                  9                413         1.4800E+01
             25                 10                238         1.6250E+01
             25                 11                177         1.7800E+01
             25                 12                109         1.9450E+01
             25                 13                 48         2.1200E+01
             25                 14                  5         2.3050E+01
             26                  2                  2         8.5000E+00
             26                  3                  5         9.2500E+00
             26                  4                 35         1.0100E+01
             26                  5                 51         1.1050E+01
             26                  6                 92         1.2100E+01
             26                  7                 99         1.3250E+01
             26                  8                122         1.4500E+01
             26                  9                 65         1.5850E+01
             26                 10                 24         1.7300E+01
             26                 11                 36         1.8850E+01
             26                 12                 23         2.0500E+01
             26                 13                  3         2.2250E+01
             26                 14                  9         2.4100E+01
             27                  3                  1         1.0400E+01
             27                  4                  3         1.1250E+01
             27                  5                 12         1.2200E+01
             27                  6                 27         1.3250E+01
             27                  7                  9         1.4400E+01
             27                  8                 15         1.5650E+01
             27                  9                 18         1.7000E+01
             27                 10                  3         1.8450E+01
             27                 11                  2         2.0000E+01
             27                 12                  5         2.1650E+01
             28                  6                  4         1.4500E+01
             28                  7                  2         1.5650E+01
             28                  8                  6         1.6900E+01
             28                  9                  6         1.8250E+01
             29                  6                  2         1.5850E+01
             29                  7                  2         1.7000E+01
             29                  8                  1         1.8250E+01
             30                  6                  1         1.7300E+01
