  #Crystal Size      Water Content              Count               Bias
             27                  8                  1         1.1650E+01
             27                  9                  3         1.3000E+01
             27                 10                  2         1.4450E+01
             28                  4                  3         6.5000E+00
             28                  6                  1         8.5000E+00
             28                  7                  2         9.6500E+00
             28                  8                 19         1.0900E+01
             28                  9                 14         1.2250E+01
             28                 10                  1         1.3700E+01
             28                 11                  1         1.5250E+01
             29                  4                  4         5.8500E+00
             29                  5                  4         6.8000E+00
             29                  6                 14         7.8500E+00
             29                  7                 30         9.0000E+00
             29                  8                112         1.0250E+01
             29                  9                 63         1.1600E+01
             29                 10                 56         1.3050E+01
             29                 11                 13         1.4600E+01
             29                 12                  4         1.6250E+01
             30                  4                 17         5.3000E+00
             30                  5                 47         6.2500E+00
             30                  6                190         7.3000E+00
             30                  7                360         8.4500E+00
             30                  8                514         9.7000E+00
             30                  9                401         1.1050E+01
             30                 10                246         1.2500E+01
             30                 11                110         1.4050E+01
             30                 12                 26         1.5700E+01
             30                 13                  1         1.7450E+01
             30                 14                  1         1.9300E+01
             31                  3                 12         4.0000E+00
             31                  4                 69         4.8500E+00
             31                  5                258         5.8000E+00
             31                  6                816         6.8500E+00
             31                  7               1617         8.0000E+00
             31                  8               1970         9.2500E+00
             31                  9               1608         1.0600E+01
             31                 10                948         1.2050E+01
             31                 11                483         1.3600E+01
             31                 12                125         1.5250E+01
             31                 13                 10         1.7000E+01
             31                 14                  5         1.8850E+01
             32                  3                 11         3.6500E+00
             32                  4                186         4.5000E+00
             32                  5                718         5.4500E+00
             32                  6               2613         6.5000E+00
             32                  7               5103         7.6500E+00
             32                  8               5938         8.9000E+00
             32                  9               4968         1.0250E+01
             32                 10               3190         1.1700E+01
             32                 11               1400         1.3250E+01
             32                 12                444         1.4900E+01
             32                 13                 97         1.6650E+01
             32                 14                 32         1.8500E+01
             32                 15                  1         2.0450E+01
             33                  3                 65         3.4000E+00
             33                  4                518         4.2500E+00
             33                  5               2133         5.2000E+00
             33                  6               7454         6.2500E+00
             33                  7              14026         7.4000E+00
             33                  8              15287         8.6500E+00
             33                  9              11874         1.0000E+01
             33                 10               7271         1.1450E+01
             33                 11               2965         1.3000E+01
             33                 12                867         1.4650E+01
             33                 13                214         1.6400E+01
             33                 14                 39         1.8250E+01
             34                  2                  6         2.5000E+00
             34                  3                101         3.2500E+00
             34                  4               1025         4.1000E+00
             34                  5               5502         5.0500E+00
             34                  6              15454         6.1000E+00
             34                  7              27650         7.2500E+00
             34                  8              31416         8.5000E+00
             34                  9              23081         9.8500E+00
             34                 10              11918         1.1300E+01
             34                 11               4479         1.2850E+01
             34                 12               1282         1.4500E+01
             34                 13                305         1.6250E+01
             34                 14                 71         1.8100E+01
             34                 15                  1         2.0050E+01
             35                  2                 43         2.4500E+00
             35                  3                252         3.2000E+00
             35                  4               1853         4.0500E+00
             35                  5               9734         5.0000E+00
             35                  6              26876         6.0500E+00
             35                  7              45003         7.2000E+00
             35                  8              49193         8.4500E+00
             35                  9              33055         9.8000E+00
             35                 10              15051         1.1250E+01
             35                 11               5549         1.2800E+01
             35                 12               1399         1.4450E+01
             35                 13                270         1.6200E+01
             35                 14                 16         1.8050E+01
             35                 15                  1         2.0000E+01
             36                  2                 11         2.5000E+00
             36                  3                361         3.2500E+00
             36                  4               2573         4.1000E+00
             36                  5              12508         5.0500E+00
             36                  6              35011         6.1000E+00
             36                  7              57272         7.2500E+00
             36                  8              59009         8.5000E+00
             36                  9              38340         9.8500E+00
             36                 10              16663         1.1300E+01
             36                 11               5297         1.2850E+01
             36                 12               1068         1.4500E+01
             36                 13                172         1.6250E+01
             36                 14                 10         1.8100E+01
             37                  2                  7         2.6500E+00
             37                  3                291         3.4000E+00
             37                  4               2542         4.2500E+00
             37                  5              11588         5.2000E+00
             37                  6              32393         6.2500E+00
             37                  7              52183         7.4000E+00
             37                  8              49687         8.6500E+00
             37                  9              31934         1.0000E+01
             37                 10              13227         1.1450E+01
             37                 11               4167         1.3000E+01
             37                 12                757         1.4650E+01
             37                 13                 95         1.6400E+01
             37                 14                 12         1.8250E+01
             38                  2                 13         2.9000E+00
             38                  3                209         3.6500E+00
             38                  4               1497         4.5000E+00
             38                  5               7841         5.4500E+00
             38                  6              19635         6.5000E+00
             38                  7              31175         7.6500E+00
             38                  8              28661         8.9000E+00
             38                  9              18733         1.0250E+01
             38                 10               7384         1.1700E+01
             38                 11               1946         1.3250E+01
             38                 12                298         1.4900E+01
             38                 13                 39         1.6650E+01
             38                 14                  1         1.8500E+01
             39                  2                 10         3.2500E+00
             39                  3                 71         4.0000E+00
             39                  4                694         4.8500E+00
             39                  5               2788         5.8000E+00
             39                  6               7133         6.8500E+00
             39                  7              11001         8.0000E+00
             39                  8               9943         9.2500E+00
             39                  9               6144         1.0600E+01
             39                 10               2527         1.2050E+01
             39                 11                570         1.3600E+01
             39                 12                108         1.5250E+01
             39                 13                 10         1.7000E+01
             39                 14                  2         1.8850E+01
             40                  3                  3         4.4500E+00
             40                  4                112         5.3000E+00
             40                  5                419         6.2500E+00
             40                  6               1319         7.3000E+00
             40                  7               1642         8.4500E+00
             40                  8               1382         9.7000E+00
             40                  9                874         1.1050E+01
             40                 10                314         1.2500E+01
             40                 11                 83         1.4050E+01
             40                 12                  4         1.5700E+01
             41                  5                  6         6.8000E+00
             41                  6                 15         7.8500E+00
             41                  7                 13         9.0000E+00
             41                  8                 19         1.0250E+01
             41                  9                  3         1.1600E+01
