  #Crystal Size      Water Content              Count               Bias
              4                 26                  1         7.8500E+00
              5                 25                  2         6.2500E+00
              5                 26                  4         7.3000E+00
              5                 27                  2         8.4500E+00
              5                 28                  9         9.7000E+00
              6                 23                  4         4.0000E+00
              6                 24                  4         4.8500E+00
              6                 25                 32         5.8000E+00
              6                 26                 48         6.8500E+00
              6                 27                 16         8.0000E+00
              6                 28                 12         9.2500E+00
              6                 29                  8         1.0600E+01
              6                 30                  1         1.2050E+01
              6                 31                  2         1.3600E+01
              7                 21                  4         2.2500E+00
              7                 22                  9         2.9000E+00
              7                 23                 48         3.6500E+00
              7                 24                111         4.5000E+00
              7                 25                198         5.4500E+00
              7                 26                331         6.5000E+00
              7                 27                243         7.6500E+00
              7                 28                183         8.9000E+00
              7                 29                113         1.0250E+01
              7                 30                 39         1.1700E+01
              7                 31                  2         1.3250E+01
              7                 33                  2         1.6650E+01
              7                 34                  1         1.8500E+01
              8                 19                  1         1.0000E+00
              8                 20                  5         1.4500E+00
              8                 21                 49         2.0000E+00
              8                 22                194         2.6500E+00
              8                 23                330         3.4000E+00
              8                 24                698         4.2500E+00
              8                 25               1486         5.2000E+00
              8                 26               2333         6.2500E+00
              8                 27               1958         7.4000E+00
              8                 28               1303         8.6500E+00
              8                 29                691         1.0000E+01
              8                 30                254         1.1450E+01
              8                 31                 51         1.3000E+01
              8                 32                 28         1.4650E+01
              8                 33                 16         1.6400E+01
              8                 34                  3         1.8250E+01
              9                 19                 20         8.5000E-01
              9                 20                 82         1.3000E+00
              9                 21                225         1.8500E+00
              9                 22                580         2.5000E+00
              9                 23               1370         3.2500E+00
              9                 24               2912         4.1000E+00
              9                 25               5475         5.0500E+00
              9                 26               7040         6.1000E+00
              9                 27               6208         7.2500E+00
              9                 28               4681         8.5000E+00
              9                 29               2643         9.8500E+00
              9                 30               1103         1.1300E+01
              9                 31                396         1.2850E+01
              9                 32                160         1.4500E+01
              9                 33                 81         1.6250E+01
              9                 34                 18         1.8100E+01
              9                 35                 23         2.0050E+01
             10                 17                  3         2.0000E-01
             10                 18                 22         4.5000E-01
             10                 19                109         8.0000E-01
             10                 20                408         1.2500E+00
             10                 21                911         1.8000E+00
             10                 22               1775         2.4500E+00
             10                 23               3386         3.2000E+00
             10                 24               5521         4.0500E+00
             10                 25              10537         5.0000E+00
             10                 26              13847         6.0500E+00
             10                 27              13277         7.2000E+00
             10                 28              10308         8.4500E+00
             10                 29               5823         9.8000E+00
             10                 30               2947         1.1250E+01
             10                 31               1499         1.2800E+01
             10                 32                702         1.4450E+01
             10                 33                309         1.6200E+01
             10                 34                125         1.8050E+01
             10                 35                 58         2.0000E+01
             10                 36                  9         2.2050E+01
             10                 37                  1         2.4200E+01
             11                 16                  1         1.0000E-01
             11                 17                 24         2.5000E-01
             11                 18                133         5.0000E-01
             11                 19                589         8.5000E-01
             11                 20               1588         1.3000E+00
             11                 21               2885         1.8500E+00
             11                 22               4375         2.5000E+00
             11                 23               5979         3.2500E+00
             11                 24               8755         4.1000E+00
             11                 25              14687         5.0500E+00
             11                 26              18374         6.1000E+00
             11                 27              18545         7.2500E+00
             11                 28              14995         8.5000E+00
             11                 29               8739         9.8500E+00
             11                 30               4813         1.1300E+01
             11                 31               2827         1.2850E+01
             11                 32               1521         1.4500E+01
             11                 33                439         1.6250E+01
             11                 34                280         1.8100E+01
             11                 35                 97         2.0050E+01
             11                 36                 36         2.2100E+01
             11                 37                  1         2.4250E+01
             12                 16                 12         2.5000E-01
             12                 17                 27         4.0000E-01
             12                 18                311         6.5000E-01
             12                 19               1464         1.0000E+00
             12                 20               3565         1.4500E+00
             12                 21               6065         2.0000E+00
             12                 22               8133         2.6500E+00
             12                 23               9588         3.4000E+00
             12                 24              12416         4.2500E+00
             12                 25              17147         5.2000E+00
             12                 26              20149         6.2500E+00
             12                 27              19315         7.4000E+00
             12                 28              15134         8.6500E+00
             12                 29               9733         1.0000E+01
             12                 30               5519         1.1450E+01
             12                 31               2804         1.3000E+01
             12                 32               1599         1.4650E+01
             12                 33                628         1.6400E+01
             12                 34                264         1.8250E+01
             12                 35                 38         2.0200E+01
             12                 36                  7         2.2250E+01
             13                 15                  3         4.5000E-01
             13                 16                 13         5.0000E-01
             13                 17                 74         6.5000E-01
             13                 18                527         9.0000E-01
             13                 19               2246         1.2500E+00
             13                 20               5323         1.7000E+00
             13                 21               9507         2.2500E+00
             13                 22              12803         2.9000E+00
             13                 23              13882         3.6500E+00
             13                 24              15361         4.5000E+00
             13                 25              17238         5.4500E+00
             13                 26              18178         6.5000E+00
             13                 27              16058         7.6500E+00
             13                 28              11411         8.9000E+00
             13                 29               7395         1.0250E+01
             13                 30               4175         1.1700E+01
             13                 31               2137         1.3250E+01
             13                 32               1051         1.4900E+01
             13                 33                289         1.6650E+01
             13                 34                161         1.8500E+01
             13                 35                 12         2.0450E+01
             14                 15                  5         8.0000E-01
             14                 16                 25         8.5000E-01
             14                 17                108         1.0000E+00
             14                 18                604         1.2500E+00
             14                 19               2336         1.6000E+00
             14                 20               6162         2.0500E+00
             14                 21              11751         2.6000E+00
             14                 22              16278         3.2500E+00
             14                 23              17634         4.0000E+00
             14                 24              17851         4.8500E+00
             14                 25              17443         5.8000E+00
             14                 26              14797         6.8500E+00
             14                 27              11618         8.0000E+00
             14                 28               7394         9.2500E+00
             14                 29               4796         1.0600E+01
             14                 30               2760         1.2050E+01
             14                 31               1397         1.3600E+01
             14                 32                545         1.5250E+01
             14                 33                154         1.7000E+01
             14                 34                 32         1.8850E+01
             15                 15                  3         1.2500E+00
             15                 16                 13         1.3000E+00
             15                 17                 97         1.4500E+00
             15                 18                437         1.7000E+00
             15                 19               2197         2.0500E+00
             15                 20               6105         2.5000E+00
             15                 21              11343         3.0500E+00
             15                 22              16373         3.7000E+00
             15                 23              19449         4.4500E+00
             15                 24              18767         5.3000E+00
             15                 25              16055         6.2500E+00
             15                 26              11918         7.3000E+00
             15                 27               7693         8.4500E+00
             15                 28               4242         9.7000E+00
             15                 29               2408         1.1050E+01
             15                 30               1477         1.2500E+01
             15                 31                718         1.4050E+01
             15                 32                235         1.5700E+01
             15                 33                 54         1.7450E+01
             15                 34                 19         1.9300E+01
             16                 15                  2         1.8000E+00
             16                 16                 15         1.8500E+00
             16                 17                 94         2.0000E+00
             16                 18                390         2.2500E+00
             16                 19               1500         2.6000E+00
             16                 20               4661         3.0500E+00
             16                 21               8715         3.6000E+00
             16                 22              14430         4.2500E+00
             16                 23              17359         5.0000E+00
             16                 24              17564         5.8500E+00
             16                 25              13257         6.8000E+00
             16                 26               8731         7.8500E+00
             16                 27               4887         9.0000E+00
             16                 28               2431         1.0250E+01
             16                 29               1043         1.1600E+01
             16                 30                574         1.3050E+01
             16                 31                233         1.4600E+01
             16                 32                125         1.6250E+01
             16                 33                 19         1.8000E+01
             16                 34                  5         1.9850E+01
             17                 16                  4         2.5000E+00
             17                 17                 60         2.6500E+00
             17                 18                215         2.9000E+00
             17                 19               1126         3.2500E+00
             17                 20               3111         3.7000E+00
             17                 21               6364         4.2500E+00
             17                 22              10624         4.9000E+00
             17                 23              13803         5.6500E+00
             17                 24              14072         6.5000E+00
             17                 25              10013         7.4500E+00
             17                 26               6153         8.5000E+00
             17                 27               3294         9.6500E+00
             17                 28               1383         1.0900E+01
             17                 29                518         1.2250E+01
             17                 30                260         1.3700E+01
             17                 31                 95         1.5250E+01
             17                 32                 32         1.6900E+01
             17                 33                  2         1.8650E+01
             18                 17                 18         3.4000E+00
             18                 18                105         3.6500E+00
             18                 19                574         4.0000E+00
             18                 20               1780         4.4500E+00
             18                 21               3976         5.0000E+00
             18                 22               7561         5.6500E+00
             18                 23               9112         6.4000E+00
             18                 24               8775         7.2500E+00
             18                 25               6535         8.2000E+00
             18                 26               3941         9.2500E+00
             18                 27               1879         1.0400E+01
             18                 28                764         1.1650E+01
             18                 29                221         1.3000E+01
             18                 30                 44         1.4450E+01
             18                 31                 24         1.6000E+01
             18                 32                  3         1.7650E+01
             19                 17                 15         4.2500E+00
             19                 18                 28         4.5000E+00
             19                 19                261         4.8500E+00
             19                 20                855         5.3000E+00
             19                 21               2418         5.8500E+00
             19                 22               3946         6.5000E+00
             19                 23               5359         7.2500E+00
             19                 24               4574         8.1000E+00
             19                 25               3454         9.0500E+00
             19                 26               2047         1.0100E+01
             19                 27                840         1.1250E+01
             19                 28                390         1.2500E+01
             19                 29                 89         1.3850E+01
             19                 30                  6         1.5300E+01
             19                 31                  5         1.6850E+01
             20                 17                  2         5.2000E+00
             20                 18                 30         5.4500E+00
             20                 19                135         5.8000E+00
             20                 20                324         6.2500E+00
             20                 21                824         6.8000E+00
             20                 22               1557         7.4500E+00
             20                 23               2041         8.2000E+00
             20                 24               1808         9.0500E+00
             20                 25               1328         1.0000E+01
             20                 26                917         1.1050E+01
             20                 27                473         1.2200E+01
             20                 28                187         1.3450E+01
             20                 29                 43         1.4800E+01
             20                 30                  1         1.6250E+01
             21                 17                  4         6.2500E+00
             21                 18                 11         6.5000E+00
             21                 19                 36         6.8500E+00
             21                 20                108         7.3000E+00
             21                 21                267         7.8500E+00
             21                 22                466         8.5000E+00
             21                 23                539         9.2500E+00
             21                 24                516         1.0100E+01
             21                 25                380         1.1050E+01
             21                 26                198         1.2100E+01
             21                 27                146         1.3250E+01
             21                 28                 59         1.4500E+01
             22                 17                  1         7.4000E+00
             22                 18                  6         7.6500E+00
             22                 19                  4         8.0000E+00
             22                 20                 12         8.4500E+00
             22                 21                 65         9.0000E+00
             22                 22                112         9.6500E+00
             22                 23                 93         1.0400E+01
             22                 24                 79         1.1250E+01
             22                 25                119         1.2200E+01
             22                 26                 39         1.3250E+01
             22                 27                 53         1.4400E+01
             22                 28                 10         1.5650E+01
             22                 29                  2         1.7000E+01
             23                 20                  1         9.7000E+00
             23                 21                 10         1.0250E+01
             23                 22                 15         1.0900E+01
             23                 23                 10         1.1650E+01
             23                 24                  4         1.2500E+01
             23                 25                 14         1.3450E+01
             23                 27                  7         1.5650E+01
             24                 20                  3         1.1050E+01
             24                 21                  6         1.1600E+01
             24                 23                  4         1.3000E+01
             24                 24                  1         1.3850E+01
             24                 25                  3         1.4800E+01
             24                 26                  1         1.5850E+01
             25                 20                  2         1.2500E+01
