  #Crystal Size      Water Content              Count               Bias
             13                  6                  5         1.5250E+01
             13                  7                  1         1.6900E+01
             14                  3                  1         1.0250E+01
             14                  5                  5         1.3050E+01
             14                  6                 12         1.4600E+01
             14                  7                 10         1.6250E+01
             14                  9                  1         1.9850E+01
             15                  3                  2         9.7000E+00
             15                  4                 30         1.1050E+01
             15                  5                 28         1.2500E+01
             15                  6                 39         1.4050E+01
             15                  7                 42         1.5700E+01
             15                  8                 15         1.7450E+01
             15                  9                  5         1.9300E+01
             15                 10                  2         2.1250E+01
             16                  2                 11         8.0000E+00
             16                  3                 32         9.2500E+00
             16                  4                 98         1.0600E+01
             16                  5                235         1.2050E+01
             16                  6                252         1.3600E+01
             16                  7                212         1.5250E+01
             16                  8                114         1.7000E+01
             16                  9                 41         1.8850E+01
             16                 10                 21         2.0800E+01
             16                 11                 15         2.2850E+01
             16                 12                  1         2.5000E+01
             17                  1                  1         6.5000E+00
             17                  2                 31         7.6500E+00
             17                  3                180         8.9000E+00
             17                  4                462         1.0250E+01
             17                  5                802         1.1700E+01
             17                  6               1067         1.3250E+01
             17                  7                742         1.4900E+01
             17                  8                398         1.6650E+01
             17                  9                216         1.8500E+01
             17                 10                104         2.0450E+01
             17                 11                 33         2.2500E+01
             17                 12                  8         2.4650E+01
             18                  2                 76         7.4000E+00
             18                  3                692         8.6500E+00
             18                  4               1692         1.0000E+01
             18                  5               2944         1.1450E+01
             18                  6               3508         1.3000E+01
             18                  7               2728         1.4650E+01
             18                  8               1396         1.6400E+01
             18                  9                598         1.8250E+01
             18                 10                225         2.0200E+01
             18                 11                 74         2.2250E+01
             18                 12                 11         2.4400E+01
             19                  1                  3         6.1000E+00
             19                  2                306         7.2500E+00
             19                  3               1958         8.5000E+00
             19                  4               4832         9.8500E+00
             19                  5               8213         1.1300E+01
             19                  6               9541         1.2850E+01
             19                  7               7213         1.4500E+01
             19                  8               4137         1.6250E+01
             19                  9               2015         1.8100E+01
             19                 10                755         2.0050E+01
             19                 11                193         2.2100E+01
             19                 12                 54         2.4250E+01
             19                 13                  2         2.6500E+01
             20                  1                 65         6.0500E+00
             20                  2                720         7.2000E+00
             20                  3               3871         8.4500E+00
             20                  4               9688         9.8000E+00
             20                  5              16203         1.1250E+01
             20                  6              18646         1.2800E+01
             20                  7              14540         1.4450E+01
             20                  8               9118         1.6200E+01
             20                  9               5230         1.8050E+01
             20                 10               1932         2.0000E+01
             20                 11                666         2.2050E+01
             20                 12                304         2.4200E+01
             20                 13                 42         2.6450E+01
             20                 14                  3         2.8800E+01
             21                  1                106         6.1000E+00
             21                  2               1123         7.2500E+00
             21                  3               5992         8.5000E+00
             21                  4              15081         9.8500E+00
             21                  5              25794         1.1300E+01
             21                  6              29797         1.2850E+01
             21                  7              25077         1.4500E+01
             21                  8              16038         1.6250E+01
             21                  9               8854         1.8100E+01
             21                 10               3950         2.0050E+01
             21                 11               1538         2.2100E+01
             21                 12                588         2.4250E+01
             21                 13                144         2.6500E+01
             21                 14                 37         2.8850E+01
             22                  0                  7         5.2000E+00
             22                  1                112         6.2500E+00
             22                  2               1294         7.4000E+00
             22                  3               6716         8.6500E+00
             22                  4              16699         1.0000E+01
             22                  5              30377         1.1450E+01
             22                  6              36440         1.3000E+01
             22                  7              33757         1.4650E+01
             22                  8              23155         1.6400E+01
             22                  9              12340         1.8250E+01
             22                 10               5532         2.0200E+01
             22                 11               2131         2.2250E+01
             22                 12                677         2.4400E+01
             22                 13                139         2.6650E+01
             22                 14                 30         2.9000E+01
             23                  1                 88         6.5000E+00
             23                  2               1046         7.6500E+00
             23                  3               5655         8.9000E+00
             23                  4              16043         1.0250E+01
             23                  5              28706         1.1700E+01
             23                  6              36363         1.3250E+01
             23                  7              34136         1.4900E+01
             23                  8              24600         1.6650E+01
             23                  9              13820         1.8500E+01
             23                 10               6250         2.0450E+01
             23                 11               2507         2.2500E+01
             23                 12                774         2.4650E+01
             23                 13                223         2.6900E+01
             23                 14                 13         2.9250E+01
             24                  0                  1         5.8000E+00
             24                  1                123         6.8500E+00
             24                  2                884         8.0000E+00
             24                  3               4033         9.2500E+00
             24                  4              12629         1.0600E+01
             24                  5              23536         1.2050E+01
             24                  6              29942         1.3600E+01
             24                  7              28876         1.5250E+01
             24                  8              21673         1.7000E+01
             24                  9              13024         1.8850E+01
             24                 10               5935         2.0800E+01
             24                 11               2571         2.2850E+01
             24                 12                958         2.5000E+01
             24                 13                194         2.7250E+01
             24                 14                 15         2.9600E+01
             24                 15                 10         3.2050E+01
             25                  0                  3         6.2500E+00
             25                  1                 79         7.3000E+00
             25                  2                474         8.4500E+00
             25                  3               2696         9.7000E+00
             25                  4               8194         1.1050E+01
             25                  5              15363         1.2500E+01
             25                  6              19572         1.4050E+01
             25                  7              19539         1.5700E+01
             25                  8              15681         1.7450E+01
             25                  9              10316         1.9300E+01
             25                 10               5228         2.1250E+01
             25                 11               2464         2.3300E+01
             25                 12                911         2.5450E+01
             25                 13                149         2.7700E+01
             25                 14                  7         3.0050E+01
             25                 15                  1         3.2500E+01
             26                  0                  4         6.8000E+00
             26                  1                106         7.8500E+00
             26                  2                376         9.0000E+00
             26                  3               1843         1.0250E+01
             26                  4               5107         1.1600E+01
             26                  5               8996         1.3050E+01
             26                  6              12448         1.4600E+01
             26                  7              12730         1.6250E+01
             26                  8              10902         1.8000E+01
             26                  9               6900         1.9850E+01
             26                 10               4047         2.1800E+01
             26                 11               1844         2.3850E+01
             26                 12                582         2.6000E+01
             26                 13                 73         2.8250E+01
             26                 14                  5         3.0600E+01
             26                 15                  2         3.3050E+01
             27                  0                 16         7.4500E+00
             27                  1                 63         8.5000E+00
             27                  2                293         9.6500E+00
             27                  3               1481         1.0900E+01
             27                  4               3190         1.2250E+01
             27                  5               4477         1.3700E+01
             27                  6               6840         1.5250E+01
             27                  7               7849         1.6900E+01
             27                  8               6152         1.8650E+01
             27                  9               3987         2.0500E+01
             27                 10               2282         2.2450E+01
             27                 11                897         2.4500E+01
             27                 12                251         2.6650E+01
             27                 13                 28         2.8900E+01
             28                  0                  4         8.2000E+00
             28                  1                 28         9.2500E+00
             28                  2                225         1.0400E+01
             28                  3                834         1.1650E+01
             28                  4               1883         1.3000E+01
             28                  5               2386         1.4450E+01
             28                  6               3967         1.6000E+01
             28                  7               4587         1.7650E+01
             28                  8               3804         1.9400E+01
             28                  9               2043         2.1250E+01
             28                 10               1104         2.3200E+01
             28                 11                406         2.5250E+01
             28                 12                176         2.7400E+01
             28                 13                 12         2.9650E+01
             28                 14                  3         3.2000E+01
             29                  0                  2         9.0500E+00
             29                  1                  1         1.0100E+01
             29                  2                114         1.1250E+01
             29                  3                367         1.2500E+01
             29                  4               1046         1.3850E+01
             29                  5               1284         1.5300E+01
             29                  6               1823         1.6850E+01
             29                  7               2297         1.8500E+01
             29                  8               1618         2.0250E+01
             29                  9               1005         2.2100E+01
             29                 10                513         2.4050E+01
             29                 11                299         2.6100E+01
             29                 12                 54         2.8250E+01
             30                  1                  2         1.1050E+01
             30                  2                 33         1.2200E+01
             30                  3                215         1.3450E+01
             30                  4                478         1.4800E+01
             30                  5                498         1.6250E+01
             30                  6                737         1.7800E+01
             30                  7                930         1.9450E+01
             30                  8                727         2.1200E+01
             30                  9                400         2.3050E+01
             30                 10                175         2.5000E+01
             30                 11                 86         2.7050E+01
             30                 12                  5         2.9200E+01
             30                 13                  3         3.1450E+01
             31                  3                 63         1.4500E+01
             31                  4                181         1.5850E+01
             31                  5                226         1.7300E+01
             31                  6                204         1.8850E+01
             31                  7                272         2.0500E+01
             31                  8                222         2.2250E+01
             31                  9                 47         2.4100E+01
             31                 10                 37         2.6050E+01
             31                 11                 23         2.8100E+01
             31                 12                  1         3.0250E+01
             32                  3                 39         1.5650E+01
             32                  4                 51         1.7000E+01
             32                  5                102         1.8450E+01
             32                  6                 70         2.0000E+01
             32                  7                 74         2.1650E+01
             32                  8                 46         2.3400E+01
             32                  9                 18         2.5250E+01
             32                 10                  3         2.7200E+01
             33                  3                 16         1.6900E+01
             33                  4                 14         1.8250E+01
             33                  5                 25         1.9700E+01
             33                  6                 12         2.1250E+01
             33                  7                  4         2.2900E+01
             33                  8                  1         2.4650E+01
             34                  3                  2         1.8250E+01
             34                  5                  4         2.1050E+01
