  #Crystal Size      Water Content              Count               Bias
              9                 16                  1         3.6000E+00
              9                 18                  2         5.0000E+00
              9                 19                 12         5.8500E+00
              9                 20                  1         6.8000E+00
              9                 21                  6         7.8500E+00
             10                 14                  8         2.0500E+00
             10                 15                  4         2.5000E+00
             10                 16                  3         3.0500E+00
             10                 17                  6         3.7000E+00
             10                 18                 28         4.4500E+00
             10                 19                 67         5.3000E+00
             10                 20                 41         6.2500E+00
             10                 21                 47         7.3000E+00
             10                 22                  7         8.4500E+00
             11                 11                  1         8.5000E-01
             11                 13                 10         1.2500E+00
             11                 14                 17         1.6000E+00
             11                 15                 34         2.0500E+00
             11                 16                 31         2.6000E+00
             11                 17                 52         3.2500E+00
             11                 18                169         4.0000E+00
             11                 19                331         4.8500E+00
             11                 20                381         5.8000E+00
             11                 21                206         6.8500E+00
             11                 22                 56         8.0000E+00
             11                 23                  9         9.2500E+00
             11                 24                  1         1.0600E+01
             12                 11                  3         5.0000E-01
             12                 12                 14         6.5000E-01
             12                 13                 22         9.0000E-01
             12                 14                 95         1.2500E+00
             12                 15                126         1.7000E+00
             12                 16                182         2.2500E+00
             12                 17                234         2.9000E+00
             12                 18                619         3.6500E+00
             12                 19               1134         4.5000E+00
             12                 20                903         5.4500E+00
             12                 21                623         6.5000E+00
             12                 22                233         7.6500E+00
             12                 23                 35         8.9000E+00
             12                 24                  4         1.0250E+01
             13                 10                  2         2.0000E-01
             13                 11                  6         2.5000E-01
             13                 12                 34         4.0000E-01
             13                 13                121         6.5000E-01
             13                 14                345         1.0000E+00
             13                 15                540         1.4500E+00
             13                 16                595         2.0000E+00
             13                 17                713         2.6500E+00
             13                 18               1722         3.4000E+00
             13                 19               2821         4.2500E+00
             13                 20               2376         5.2000E+00
             13                 21               1552         6.2500E+00
             13                 22                505         7.4000E+00
             13                 23                137         8.6500E+00
             13                 24                 37         1.0000E+01
             13                 25                  5         1.1450E+01
             14                 10                  1         5.0000E-02
             14                 11                 21         1.0000E-01
             14                 12                170         2.5000E-01
             14                 13                506         5.0000E-01
             14                 14               1053         8.5000E-01
             14                 15               1491         1.3000E+00
             14                 16               1578         1.8500E+00
             14                 17               2060         2.5000E+00
             14                 18               3900         3.2500E+00
             14                 19               5838         4.1000E+00
             14                 20               5082         5.0500E+00
             14                 21               3000         6.1000E+00
             14                 22                894         7.2500E+00
             14                 23                203         8.5000E+00
             14                 24                 49         9.8500E+00
             14                 25                 14         1.1300E+01
             14                 26                  2         1.2850E+01
             15                 10                  4         0.0000E+00
             15                 11                 47         5.0000E-02
             15                 12                329         2.0000E-01
             15                 13               1240         4.5000E-01
             15                 14               2740         8.0000E-01
             15                 15               3490         1.2500E+00
             15                 16               3745         1.8000E+00
             15                 17               5015         2.4500E+00
             15                 18               7534         3.2000E+00
             15                 19               9657         4.0500E+00
             15                 20               7913         5.0000E+00
             15                 21               4222         6.0500E+00
             15                 22               1213         7.2000E+00
             15                 23                331         8.4500E+00
             15                 24                 83         9.8000E+00
             15                 25                 29         1.1250E+01
             15                 26                  2         1.2800E+01
             16                 10                 20         5.0000E-02
             16                 11                138         1.0000E-01
             16                 12                789         2.5000E-01
             16                 13               2597         5.0000E-01
             16                 14               4688         8.5000E-01
             16                 15               6352         1.3000E+00
             16                 16               7505         1.8500E+00
             16                 17               9397         2.5000E+00
             16                 18              11290         3.2500E+00
             16                 19              11868         4.1000E+00
             16                 20               9669         5.0500E+00
             16                 21               5177         6.1000E+00
             16                 22               1535         7.2500E+00
             16                 23                409         8.5000E+00
             16                 24                126         9.8500E+00
             16                 25                 65         1.1300E+01
             16                 26                  1         1.2850E+01
             17                  9                  3         2.5000E-01
             17                 10                 38         2.0000E-01
             17                 11                275         2.5000E-01
             17                 12               1142         4.0000E-01
             17                 13               3654         6.5000E-01
             17                 14               7130         1.0000E+00
             17                 15               9844         1.4500E+00
             17                 16              12497         2.0000E+00
             17                 17              14171         2.6500E+00
             17                 18              14993         3.4000E+00
             17                 19              13252         4.2500E+00
             17                 20               9972         5.2000E+00
             17                 21               5152         6.2500E+00
             17                 22               1532         7.4000E+00
             17                 23                528         8.6500E+00
             17                 24                125         1.0000E+01
             17                 25                 36         1.1450E+01
             17                 26                  2         1.3000E+01
             18                  9                 18         5.0000E-01
             18                 10                 89         4.5000E-01
             18                 11                330         5.0000E-01
             18                 12               1537         6.5000E-01
             18                 13               4914         9.0000E-01
             18                 14              10273         1.2500E+00
             18                 15              15215         1.7000E+00
             18                 16              18690         2.2500E+00
             18                 17              18839         2.9000E+00
             18                 18              16553         3.6500E+00
             18                 19              12599         4.5000E+00
             18                 20               9255         5.4500E+00
             18                 21               4748         6.5000E+00
             18                 22               1581         7.6500E+00
             18                 23                471         8.9000E+00
             18                 24                 83         1.0250E+01
             18                 25                 28         1.1700E+01
             18                 26                  3         1.3250E+01
             19                  9                 13         8.5000E-01
             19                 10                 85         8.0000E-01
             19                 11                338         8.5000E-01
             19                 12               1820         1.0000E+00
             19                 13               5929         1.2500E+00
             19                 14              12977         1.6000E+00
             19                 15              19796         2.0500E+00
             19                 16              24061         2.6000E+00
             19                 17              22310         3.2500E+00
             19                 18              17654         4.0000E+00
             19                 19              13063         4.8500E+00
             19                 20               8306         5.8000E+00
             19                 21               4589         6.8500E+00
             19                 22               1583         8.0000E+00
             19                 23                346         9.2500E+00
             19                 24                 60         1.0600E+01
             19                 25                  4         1.2050E+01
             19                 26                  1         1.3600E+01
             20                  9                 10         1.3000E+00
             20                 10                 62         1.2500E+00
             20                 11                304         1.3000E+00
             20                 12               1922         1.4500E+00
             20                 13               6765         1.7000E+00
             20                 14              14841         2.0500E+00
             20                 15              22850         2.5000E+00
             20                 16              26270         3.0500E+00
             20                 17              23163         3.7000E+00
             20                 18              16991         4.4500E+00
             20                 19              11115         5.3000E+00
             20                 20               6894         6.2500E+00
             20                 21               3788         7.3000E+00
             20                 22               1356         8.4500E+00
             20                 23                271         9.7000E+00
             20                 24                 40         1.1050E+01
             20                 25                  1         1.2500E+01
             21                  9                  6         1.8500E+00
             21                 10                 20         1.8000E+00
             21                 11                243         1.8500E+00
             21                 12               1903         2.0000E+00
             21                 13               6315         2.2500E+00
             21                 14              15046         2.6000E+00
             21                 15              22364         3.0500E+00
             21                 16              24737         3.6000E+00
             21                 17              20417         4.2500E+00
             21                 18              14160         5.0000E+00
             21                 19               8409         5.8500E+00
             21                 20               4837         6.8000E+00
             21                 21               2438         7.8500E+00
             21                 22                787         9.0000E+00
             21                 23                152         1.0250E+01
             21                 24                 15         1.1600E+01
             21                 25                  7         1.3050E+01
             22                 10                 46         2.4500E+00
             22                 11                312         2.5000E+00
             22                 12               1533         2.6500E+00
             22                 13               5429         2.9000E+00
             22                 14              12309         3.2500E+00
             22                 15              18581         3.7000E+00
             22                 16              20392         4.2500E+00
             22                 17              15693         4.9000E+00
             22                 18              10407         5.6500E+00
             22                 19               5799         6.5000E+00
             22                 20               2860         7.4500E+00
             22                 21               1418         8.5000E+00
             22                 22                412         9.6500E+00
             22                 23                 96         1.0900E+01
             22                 24                  6         1.2250E+01
             22                 25                  3         1.3700E+01
             23                 10                 12         3.2000E+00
             23                 11                235         3.2500E+00
             23                 12               1112         3.4000E+00
             23                 13               3886         3.6500E+00
             23                 14               8972         4.0000E+00
             23                 15              13682         4.4500E+00
             23                 16              14123         5.0000E+00
             23                 17              11226         5.6500E+00
             23                 18               7168         6.4000E+00
             23                 19               3559         7.2500E+00
             23                 20               1617         8.2000E+00
             23                 21                567         9.2500E+00
             23                 22                202         1.0400E+01
             23                 23                 32         1.1650E+01
             23                 24                  9         1.3000E+01
             23                 25                  8         1.4450E+01
             24                 10                  4         4.0500E+00
             24                 11                 86         4.1000E+00
             24                 12                694         4.2500E+00
             24                 13               2315         4.5000E+00
             24                 14               5636         4.8500E+00
             24                 15               8957         5.3000E+00
             24                 16               9769         5.8500E+00
             24                 17               7014         6.5000E+00
             24                 18               4086         7.2500E+00
             24                 19               2210         8.1000E+00
             24                 20                871         9.0500E+00
             24                 21                265         1.0100E+01
             24                 22                 53         1.1250E+01
             24                 23                  4         1.2500E+01
             24                 25                  6         1.5300E+01
             25                 10                  2         5.0000E+00
             25                 11                 29         5.0500E+00
             25                 12                329         5.2000E+00
             25                 13               1182         5.4500E+00
             25                 14               2993         5.8000E+00
             25                 15               4705         6.2500E+00
             25                 16               4755         6.8000E+00
             25                 17               3397         7.4500E+00
             25                 18               1832         8.2000E+00
             25                 19               1022         9.0500E+00
             25                 20                386         1.0000E+01
             25                 21                 88         1.1050E+01
             25                 22                 14         1.2200E+01
             26                 11                  4         6.1000E+00
             26                 12                103         6.2500E+00
             26                 13                385         6.5000E+00
             26                 14               1226         6.8500E+00
             26                 15               2075         7.3000E+00
             26                 16               2074         7.8500E+00
             26                 17               1375         8.5000E+00
             26                 18                780         9.2500E+00
             26                 19                473         1.0100E+01
             26                 20                132         1.1050E+01
             26                 21                 57         1.2100E+01
             26                 22                 17         1.3250E+01
             27                 12                 33         7.4000E+00
             27                 13                133         7.6500E+00
             27                 14                539         8.0000E+00
             27                 15                659         8.4500E+00
             27                 16                522         9.0000E+00
             27                 17                359         9.6500E+00
             27                 18                262         1.0400E+01
             27                 19                155         1.1250E+01
             27                 20                 45         1.2200E+01
             27                 21                 23         1.3250E+01
             27                 22                 24         1.4400E+01
             27                 23                  2         1.5650E+01
             28                 12                  2         8.6500E+00
             28                 13                 26         8.9000E+00
             28                 14                110         9.2500E+00
             28                 15                199         9.7000E+00
             28                 16                126         1.0250E+01
             28                 17                 73         1.0900E+01
             28                 18                 65         1.1650E+01
             28                 19                 44         1.2500E+01
             28                 20                 10         1.3450E+01
             28                 21                  3         1.4500E+01
             28                 22                  1         1.5650E+01
             29                 12                  7         1.0000E+01
             29                 13                  6         1.0250E+01
             29                 14                 26         1.0600E+01
             29                 15                 18         1.1050E+01
             29                 16                 29         1.1600E+01
             29                 17                 11         1.2250E+01
             29                 18                  1         1.3000E+01
             29                 19                  5         1.3850E+01
             29                 20                  3         1.4800E+01
             29                 21                  1         1.5850E+01
             30                 14                  3         1.2050E+01
             30                 15                  1         1.2500E+01
             30                 16                  5         1.3050E+01
             30                 17                  1         1.3700E+01
