  #Crystal Size      Water Content              Count               Bias
             21                  6                  2         1.3600E+01
             21                  7                  7         1.5250E+01
             21                  8                  2         1.7000E+01
             21                  9                  1         1.8850E+01
             22                  4                  6         1.0250E+01
             22                  5                 15         1.1700E+01
             22                  6                 32         1.3250E+01
             22                  7                 43         1.4900E+01
             22                  8                 24         1.6650E+01
             22                  9                 14         1.8500E+01
             23                  4                 32         1.0000E+01
             23                  5                170         1.1450E+01
             23                  6                136         1.3000E+01
             23                  7                119         1.4650E+01
             23                  8                124         1.6400E+01
             23                  9                 74         1.8250E+01
             23                 10                 10         2.0200E+01
             23                 11                  1         2.2250E+01
             24                  3                 30         8.5000E+00
             24                  4                210         9.8500E+00
             24                  5                422         1.1300E+01
             24                  6                600         1.2850E+01
             24                  7                594         1.4500E+01
             24                  8                360         1.6250E+01
             24                  9                335         1.8100E+01
             24                 10                 87         2.0050E+01
             24                 11                 15         2.2100E+01
             24                 12                  3         2.4250E+01
             25                  3                 28         8.4500E+00
             25                  4                455         9.8000E+00
             25                  5               1176         1.1250E+01
             25                  6               1782         1.2800E+01
             25                  7               1812         1.4450E+01
             25                  8               1366         1.6200E+01
             25                  9                960         1.8050E+01
             25                 10                265         2.0000E+01
             25                 11                 80         2.2050E+01
             25                 12                 10         2.4200E+01
             26                  3                 64         8.5000E+00
             26                  4                761         9.8500E+00
             26                  5               2438         1.1300E+01
             26                  6               4168         1.2850E+01
             26                  7               4234         1.4500E+01
             26                  8               3227         1.6250E+01
             26                  9               2115         1.8100E+01
             26                 10                729         2.0050E+01
             26                 11                200         2.2100E+01
             26                 12                 52         2.4250E+01
             26                 13                  4         2.6500E+01
             27                  2                 21         7.4000E+00
             27                  3                200         8.6500E+00
             27                  4               1411         1.0000E+01
             27                  5               4596         1.1450E+01
             27                  6               8001         1.3000E+01
             27                  7               9339         1.4650E+01
             27                  8               7811         1.6400E+01
             27                  9               4524         1.8250E+01
             27                 10               1920         2.0200E+01
             27                 11                639         2.2250E+01
             27                 12                113         2.4400E+01
             27                 13                 12         2.6650E+01
             28                  2                  8         7.6500E+00
             28                  3                251         8.9000E+00
             28                  4               2421         1.0250E+01
             28                  5               7361         1.1700E+01
             28                  6              14313         1.3250E+01
             28                  7              17926         1.4900E+01
             28                  8              15606         1.6650E+01
             28                  9               9998         1.8500E+01
             28                 10               4019         2.0450E+01
             28                 11               1248         2.2500E+01
             28                 12                233         2.4650E+01
             28                 13                 30         2.6900E+01
             28                 14                  1         2.9250E+01
             29                  2                 32         8.0000E+00
             29                  3                408         9.2500E+00
             29                  4               3139         1.0600E+01
             29                  5              11064         1.2050E+01
             29                  6              23512         1.3600E+01
             29                  7              30830         1.5250E+01
             29                  8              25970         1.7000E+01
             29                  9              16428         1.8850E+01
             29                 10               7197         2.0800E+01
             29                 11               1989         2.2850E+01
             29                 12                560         2.5000E+01
             29                 13                 71         2.7250E+01
             29                 14                  9         2.9600E+01
             29                 15                  1         3.2050E+01
             30                  2                 43         8.4500E+00
             30                  3                721         9.7000E+00
             30                  4               3995         1.1050E+01
             30                  5              13980         1.2500E+01
             30                  6              29945         1.4050E+01
             30                  7              41553         1.5700E+01
             30                  8              36403         1.7450E+01
             30                  9              22952         1.9300E+01
             30                 10               9496         2.1250E+01
             30                 11               2714         2.3300E+01
             30                 12                750         2.5450E+01
             30                 13                 91         2.7700E+01
             30                 14                 52         3.0050E+01
             30                 15                 14         3.2500E+01
             31                  2                 47         9.0000E+00
             31                  3                640         1.0250E+01
             31                  4               4305         1.1600E+01
             31                  5              15927         1.3050E+01
             31                  6              33454         1.4600E+01
             31                  7              46757         1.6250E+01
             31                  8              40237         1.8000E+01
             31                  9              24862         1.9850E+01
             31                 10              10361         2.1800E+01
             31                 11               3067         2.3850E+01
             31                 12                712         2.6000E+01
             31                 13                 91         2.8250E+01
             31                 14                 25         3.0600E+01
             31                 15                 21         3.3050E+01
             32                  2                 19         9.6500E+00
             32                  3                560         1.0900E+01
             32                  4               4190         1.2250E+01
             32                  5              15836         1.3700E+01
             32                  6              32724         1.5250E+01
             32                  7              43027         1.6900E+01
             32                  8              37004         1.8650E+01
             32                  9              20974         2.0500E+01
             32                 10               8650         2.2450E+01
             32                 11               2698         2.4500E+01
             32                 12                688         2.6650E+01
             32                 13                 66         2.8900E+01
             32                 14                 18         3.1250E+01
             32                 15                  1         3.3700E+01
             33                  2                 10         1.0400E+01
             33                  3                263         1.1650E+01
             33                  4               3291         1.3000E+01
             33                  5              12690         1.4450E+01
             33                  6              26307         1.6000E+01
             33                  7              31472         1.7650E+01
             33                  8              24758         1.9400E+01
             33                  9              13313         2.1250E+01
             33                 10               5300         2.3200E+01
             33                 11               1607         2.5250E+01
             33                 12                434         2.7400E+01
             33                 13                 65         2.9650E+01
             33                 14                 11         3.2000E+01
             34                  2                 15         1.1250E+01
             34                  3                249         1.2500E+01
             34                  4               2009         1.3850E+01
             34                  5               8068         1.5300E+01
             34                  6              15574         1.6850E+01
             34                  7              19087         1.8500E+01
             34                  8              13070         2.0250E+01
             34                  9               6547         2.2100E+01
             34                 10               2512         2.4050E+01
             34                 11                766         2.6100E+01
             34                 12                221         2.8250E+01
             34                 13                 62         3.0500E+01
             34                 14                 14         3.2850E+01
             35                  2                  6         1.2200E+01
             35                  3                102         1.3450E+01
             35                  4                971         1.4800E+01
             35                  5               3691         1.6250E+01
             35                  6               7211         1.7800E+01
             35                  7               8072         1.9450E+01
             35                  8               5456         2.1200E+01
             35                  9               2589         2.3050E+01
             35                 10                929         2.5000E+01
             35                 11                304         2.7050E+01
             35                 12                 44         2.9200E+01
             35                 13                 24         3.1450E+01
             35                 14                  1         3.3800E+01
             36                  2                  1         1.3250E+01
             36                  3                 38         1.4500E+01
             36                  4                347         1.5850E+01
             36                  5               1172         1.7300E+01
             36                  6               2041         1.8850E+01
             36                  7               2292         2.0500E+01
             36                  8               1526         2.2250E+01
             36                  9                762         2.4100E+01
             36                 10                265         2.6050E+01
             36                 11                 71         2.8100E+01
             36                 12                  6         3.0250E+01
             37                  3                 16         1.5650E+01
             37                  4                 63         1.7000E+01
             37                  5                232         1.8450E+01
             37                  6                397         2.0000E+01
             37                  7                650         2.1650E+01
             37                  8                304         2.3400E+01
             37                  9                131         2.5250E+01
             37                 10                 32         2.7200E+01
             37                 11                 12         2.9250E+01
             38                  3                 12         1.6900E+01
             38                  4                  8         1.8250E+01
             38                  5                 34         1.9700E+01
             38                  6                 60         2.1250E+01
             38                  7                 74         2.2900E+01
             38                  8                 34         2.4650E+01
             38                  9                  3         2.6500E+01
             39                  6                  6         2.2600E+01
             39                  7                 18         2.4250E+01
             39                  8                  2         2.6000E+01
