  #Crystal Size      Water Content              Count               Bias
             10                 23                  1         1.3450E+01
             11                 21                  2         1.0100E+01
             11                 22                  4         1.1250E+01
             11                 23                  6         1.2500E+01
             11                 24                 27         1.3850E+01
             11                 25                  3         1.5300E+01
             11                 28                  1         2.0250E+01
             12                 18                  2         6.4000E+00
             12                 19                  3         7.2500E+00
             12                 20                 22         8.2000E+00
             12                 21                 18         9.2500E+00
             12                 22                 72         1.0400E+01
             12                 23                 73         1.1650E+01
             12                 24                 46         1.3000E+01
             12                 25                 53         1.4450E+01
             12                 26                 34         1.6000E+01
             12                 27                 23         1.7650E+01
             12                 28                 12         1.9400E+01
             12                 29                  1         2.1250E+01
             13                 17                  3         4.9000E+00
             13                 18                 23         5.6500E+00
             13                 19                 73         6.5000E+00
             13                 20                108         7.4500E+00
             13                 21                115         8.5000E+00
             13                 22                208         9.6500E+00
             13                 23                324         1.0900E+01
             13                 24                384         1.2250E+01
             13                 25                487         1.3700E+01
             13                 26                399         1.5250E+01
             13                 27                242         1.6900E+01
             13                 28                105         1.8650E+01
             13                 29                 44         2.0500E+01
             13                 30                 19         2.2450E+01
             13                 31                  5         2.4500E+01
             14                 16                  5         3.6000E+00
             14                 17                 13         4.2500E+00
             14                 18                175         5.0000E+00
             14                 19                373         5.8500E+00
             14                 20                703         6.8000E+00
             14                 21                855         7.8500E+00
             14                 22               1287         9.0000E+00
             14                 23               1850         1.0250E+01
             14                 24               2239         1.1600E+01
             14                 25               1899         1.3050E+01
             14                 26               1243         1.4600E+01
             14                 27               1136         1.6250E+01
             14                 28                696         1.8000E+01
             14                 29                151         1.9850E+01
             14                 30                 33         2.1800E+01
             14                 31                 16         2.3850E+01
             15                 16                  9         3.0500E+00
             15                 17                 59         3.7000E+00
             15                 18                543         4.4500E+00
             15                 19               1482         5.3000E+00
             15                 20               2443         6.2500E+00
             15                 21               3581         7.3000E+00
             15                 22               5549         8.4500E+00
             15                 23               7786         9.7000E+00
             15                 24               7308         1.1050E+01
             15                 25               5731         1.2500E+01
             15                 26               3921         1.4050E+01
             15                 27               3417         1.5700E+01
             15                 28               1607         1.7450E+01
             15                 29                619         1.9300E+01
             15                 30                107         2.1250E+01
             15                 31                 18         2.3300E+01
             16                 15                  1         2.0500E+00
             16                 16                 52         2.6000E+00
             16                 17                280         3.2500E+00
             16                 18               1711         4.0000E+00
             16                 19               3824         4.8500E+00
             16                 20               5850         5.8000E+00
             16                 21               8720         6.8500E+00
             16                 22              13920         8.0000E+00
             16                 23              18674         9.2500E+00
             16                 24              15779         1.0600E+01
             16                 25              11410         1.2050E+01
             16                 26               7811         1.3600E+01
             16                 27               7113         1.5250E+01
             16                 28               3610         1.7000E+01
             16                 29               1166         1.8850E+01
             16                 30                221         2.0800E+01
             16                 31                 19         2.2850E+01
             17                 14                  4         1.2500E+00
             17                 15                 35         1.7000E+00
             17                 16                176         2.2500E+00
             17                 17                975         2.9000E+00
             17                 18               3338         3.6500E+00
             17                 19               7206         4.5000E+00
             17                 20              11192         5.4500E+00
             17                 21              14350         6.5000E+00
             17                 22              19885         7.6500E+00
             17                 23              23619         8.9000E+00
             17                 24              19252         1.0250E+01
             17                 25              12979         1.1700E+01
             17                 26               8405         1.3250E+01
             17                 27               7147         1.4900E+01
             17                 28               4161         1.6650E+01
             17                 29               1569         1.8500E+01
             17                 30                429         2.0450E+01
             17                 31                 10         2.2500E+01
             18                 14                  3         1.0000E+00
             18                 15                 93         1.4500E+00
             18                 16                407         2.0000E+00
             18                 17               1822         2.6500E+00
             18                 18               4696         3.4000E+00
             18                 19              10153         4.2500E+00
             18                 20              14965         5.2000E+00
             18                 21              17412         6.2500E+00
             18                 22              19945         7.4000E+00
             18                 23              20218         8.6500E+00
             18                 24              15595         1.0000E+01
             18                 25               9137         1.1450E+01
             18                 26               5481         1.3000E+01
             18                 27               3718         1.4650E+01
             18                 28               2215         1.6400E+01
             18                 29                905         1.8250E+01
             18                 30                236         2.0200E+01
             18                 31                 13         2.2250E+01
             19                 14                 15         8.5000E-01
             19                 15                119         1.3000E+00
             19                 16                773         1.8500E+00
             19                 17               2439         2.5000E+00
             19                 18               5566         3.2500E+00
             19                 19              10743         4.1000E+00
             19                 20              15514         5.0500E+00
             19                 21              17447         6.1000E+00
             19                 22              16472         7.2500E+00
             19                 23              14250         8.5000E+00
             19                 24              10586         9.8500E+00
             19                 25               5579         1.1300E+01
             19                 26               2822         1.2850E+01
             19                 27               1530         1.4500E+01
             19                 28                740         1.6250E+01
             19                 29                333         1.8100E+01
             19                 30                 67         2.0050E+01
             19                 31                  5         2.2100E+01
             20                 14                 22         8.0000E-01
             20                 15                200         1.2500E+00
             20                 16               1254         1.8000E+00
             20                 17               3494         2.4500E+00
             20                 18               6421         3.2000E+00
             20                 19              11992         4.0500E+00
             20                 20              17166         5.0000E+00
             20                 21              18285         6.0500E+00
             20                 22              16273         7.2000E+00
             20                 23              13651         8.4500E+00
             20                 24               9703         9.8000E+00
             20                 25               5582         1.1250E+01
             20                 26               2609         1.2800E+01
             20                 27                966         1.4450E+01
             20                 28                371         1.6200E+01
             20                 29                 83         1.8050E+01
             20                 30                 68         2.0000E+01
             20                 31                  1         2.2050E+01
             21                 14                 29         8.5000E-01
             21                 15                268         1.3000E+00
             21                 16               1504         1.8500E+00
             21                 17               4310         2.5000E+00
             21                 18               7701         3.2500E+00
             21                 19              13336         4.1000E+00
             21                 20              17546         5.0500E+00
             21                 21              18691         6.1000E+00
             21                 22              16683         7.2500E+00
             21                 23              13587         8.5000E+00
             21                 24              10606         9.8500E+00
             21                 25               6705         1.1300E+01
             21                 26               3283         1.2850E+01
             21                 27               1352         1.4500E+01
             21                 28                373         1.6250E+01
             21                 29                179         1.8100E+01
             21                 30                 46         2.0050E+01
             21                 31                  2         2.2100E+01
             22                 14                 35         1.0000E+00
             22                 15                257         1.4500E+00
             22                 16               1446         2.0000E+00
             22                 17               4140         2.6500E+00
             22                 18               8071         3.4000E+00
             22                 19              13021         4.2500E+00
             22                 20              17176         5.2000E+00
             22                 21              17235         6.2500E+00
             22                 22              14929         7.4000E+00
             22                 23              12578         8.6500E+00
             22                 24              10401         1.0000E+01
             22                 25               6284         1.1450E+01
             22                 26               3338         1.3000E+01
             22                 27               1371         1.4650E+01
             22                 28                461         1.6400E+01
             22                 29                263         1.8250E+01
             22                 30                 38         2.0200E+01
             22                 31                  6         2.2250E+01
             23                 14                 18         1.2500E+00
             23                 15                180         1.7000E+00
             23                 16               1012         2.2500E+00
             23                 17               2904         2.9000E+00
             23                 18               5832         3.6500E+00
             23                 19               9868         4.5000E+00
             23                 20              12571         5.4500E+00
             23                 21              12606         6.5000E+00
             23                 22              10360         7.6500E+00
             23                 23               8859         8.9000E+00
             23                 24               7740         1.0250E+01
             23                 25               5118         1.1700E+01
             23                 26               2453         1.3250E+01
             23                 27                742         1.4900E+01
             23                 28                216         1.6650E+01
             23                 29                 81         1.8500E+01
             23                 30                 15         2.0450E+01
             23                 31                  2         2.2500E+01
             24                 14                 21         1.6000E+00
             24                 15                 84         2.0500E+00
             24                 16                374         2.6000E+00
             24                 17               1160         3.2500E+00
             24                 18               2939         4.0000E+00
             24                 19               4961         4.8500E+00
             24                 20               6614         5.8000E+00
             24                 21               6544         6.8500E+00
             24                 22               5454         8.0000E+00
             24                 23               4525         9.2500E+00
             24                 24               4052         1.0600E+01
             24                 25               2740         1.2050E+01
             24                 26               1183         1.3600E+01
             24                 27                414         1.5250E+01
             24                 28                 63         1.7000E+01
             24                 29                 23         1.8850E+01
             24                 30                  1         2.0800E+01
             24                 31                  1         2.2850E+01
             25                 14                  2         2.0500E+00
             25                 15                 16         2.5000E+00
             25                 16                 81         3.0500E+00
             25                 17                379         3.7000E+00
             25                 18                974         4.4500E+00
             25                 19               1562         5.3000E+00
             25                 20               2037         6.2500E+00
             25                 21               2255         7.3000E+00
             25                 22               2039         8.4500E+00
             25                 23               1687         9.7000E+00
             25                 24               1204         1.1050E+01
             25                 25                817         1.2500E+01
             25                 26                276         1.4050E+01
             25                 27                 57         1.5700E+01
             25                 28                  9         1.7450E+01
             26                 15                  2         3.0500E+00
             26                 16                 28         3.6000E+00
             26                 17                 83         4.2500E+00
             26                 18                182         5.0000E+00
             26                 19                282         5.8500E+00
             26                 20                359         6.8000E+00
             26                 21                400         7.8500E+00
             26                 22                385         9.0000E+00
             26                 23                348         1.0250E+01
             26                 24                205         1.1600E+01
             26                 25                104         1.3050E+01
             26                 26                 23         1.4600E+01
             27                 16                  2         4.2500E+00
             27                 17                 25         4.9000E+00
             27                 18                 48         5.6500E+00
             27                 19                 68         6.5000E+00
             27                 20                 42         7.4500E+00
             27                 21                 62         8.5000E+00
             27                 22                 69         9.6500E+00
             27                 23                 19         1.0900E+01
             27                 24                  9         1.2250E+01
             27                 25                  4         1.3700E+01
             27                 26                  1         1.5250E+01
             28                 16                  5         5.0000E+00
             28                 17                  6         5.6500E+00
             28                 18                  2         6.4000E+00
             28                 19                  6         7.2500E+00
             28                 21                  3         9.2500E+00
             28                 22                  3         1.0400E+01
             28                 23                  1         1.1650E+01
             28                 25                  3         1.4450E+01
             29                 17                  1         6.5000E+00
