  #Crystal Size      Water Content              Count               Bias
             14                 24                  1         5.8500E+00
             14                 29                  2         1.1600E+01
             15                 23                  2         4.4500E+00
             15                 24                  6         5.3000E+00
             15                 25                  1         6.2500E+00
             15                 26                  7         7.3000E+00
             15                 27                  1         8.4500E+00
             15                 30                  1         1.2500E+01
             16                 22                  4         3.2500E+00
             16                 23                 17         4.0000E+00
             16                 24                 37         4.8500E+00
             16                 25                 33         5.8000E+00
             16                 26                 23         6.8500E+00
             16                 27                 46         8.0000E+00
             16                 28                 17         9.2500E+00
             16                 29                  8         1.0600E+01
             16                 30                 25         1.2050E+01
             17                 20                  1         1.7000E+00
             17                 21                  7         2.2500E+00
             17                 22                 56         2.9000E+00
             17                 23                107         3.6500E+00
             17                 24                146         4.5000E+00
             17                 25                141         5.4500E+00
             17                 26                171         6.5000E+00
             17                 27                172         7.6500E+00
             17                 28                138         8.9000E+00
             17                 29                 76         1.0250E+01
             17                 30                 75         1.1700E+01
             17                 31                 11         1.3250E+01
             17                 32                  1         1.4900E+01
             18                 18                  3         6.5000E-01
             18                 19                  9         1.0000E+00
             18                 20                 16         1.4500E+00
             18                 21                 59         2.0000E+00
             18                 22                286         2.6500E+00
             18                 23                524         3.4000E+00
             18                 24                737         4.2500E+00
             18                 25                766         5.2000E+00
             18                 26                881         6.2500E+00
             18                 27                645         7.4000E+00
             18                 28                334         8.6500E+00
             18                 29                280         1.0000E+01
             18                 30                195         1.1450E+01
             18                 31                 30         1.3000E+01
             18                 32                  1         1.4650E+01
             19                 17                  1         2.5000E-01
             19                 18                 14         5.0000E-01
             19                 19                 28         8.5000E-01
             19                 20                169         1.3000E+00
             19                 21                329         1.8500E+00
             19                 22               1049         2.5000E+00
             19                 23               1850         3.2500E+00
             19                 24               2296         4.1000E+00
             19                 25               2568         5.0500E+00
             19                 26               2542         6.1000E+00
             19                 27               2109         7.2500E+00
             19                 28               1198         8.5000E+00
             19                 29                765         9.8500E+00
             19                 30                429         1.1300E+01
             19                 31                 92         1.2850E+01
             19                 32                 14         1.4500E+01
             19                 33                  1         1.6250E+01
             20                 17                  2         2.0000E-01
             20                 18                 15         4.5000E-01
             20                 19                 91         8.0000E-01
             20                 20                418         1.2500E+00
             20                 21               1269         1.8000E+00
             20                 22               3043         2.4500E+00
             20                 23               5127         3.2000E+00
             20                 24               6326         4.0500E+00
             20                 25               6490         5.0000E+00
             20                 26               6004         6.0500E+00
             20                 27               4984         7.2000E+00
             20                 28               2980         8.4500E+00
             20                 29               1746         9.8000E+00
             20                 30                869         1.1250E+01
             20                 31                210         1.2800E+01
             20                 32                 40         1.4450E+01
             20                 33                  1         1.6200E+01
             21                 17                  9         2.5000E-01
             21                 18                 65         5.0000E-01
             21                 19                340         8.5000E-01
             21                 20               1289         1.3000E+00
             21                 21               3469         1.8500E+00
             21                 22               7259         2.5000E+00
             21                 23              11251         3.2500E+00
             21                 24              12522         4.1000E+00
             21                 25              12728         5.0500E+00
             21                 26              11222         6.1000E+00
             21                 27               8244         7.2500E+00
             21                 28               5405         8.5000E+00
             21                 29               3047         9.8500E+00
             21                 30               1398         1.1300E+01
             21                 31                312         1.2850E+01
             21                 32                 91         1.4500E+01
             21                 33                 13         1.6250E+01
             21                 34                  2         1.8100E+01
             21                 35                  2         2.0050E+01
             22                 17                 11         4.0000E-01
             22                 18                132         6.5000E-01
             22                 19                823         1.0000E+00
             22                 20               2689         1.4500E+00
             22                 21               6324         2.0000E+00
             22                 22              12921         2.6500E+00
             22                 23              18446         3.4000E+00
             22                 24              19420         4.2500E+00
             22                 25              18801         5.2000E+00
             22                 26              15801         6.2500E+00
             22                 27              11393         7.4000E+00
             22                 28               7076         8.6500E+00
             22                 29               4098         1.0000E+01
             22                 30               1561         1.1450E+01
             22                 31                609         1.3000E+01
             22                 32                245         1.4650E+01
             22                 33                 49         1.6400E+01
             22                 34                 20         1.8250E+01
             22                 35                  7         2.0200E+01
             23                 17                  4         6.5000E-01
             23                 18                157         9.0000E-01
             23                 19               1076         1.2500E+00
             23                 20               4106         1.7000E+00
             23                 21               9450         2.2500E+00
             23                 22              16503         2.9000E+00
             23                 23              22680         3.6500E+00
             23                 24              24947         4.5000E+00
             23                 25              23905         5.4500E+00
             23                 26              19763         6.5000E+00
             23                 27              12780         7.6500E+00
             23                 28               7186         8.9000E+00
             23                 29               4081         1.0250E+01
             23                 30               2208         1.1700E+01
             23                 31                862         1.3250E+01
             23                 32                304         1.4900E+01
             23                 33                 96         1.6650E+01
             23                 34                 34         1.8500E+01
             23                 35                  9         2.0450E+01
             24                 17                 15         1.0000E+00
             24                 18                139         1.2500E+00
             24                 19               1371         1.6000E+00
             24                 20               4882         2.0500E+00
             24                 21              10575         2.6000E+00
             24                 22              18819         3.2500E+00
             24                 23              24941         4.0000E+00
             24                 24              26401         4.8500E+00
             24                 25              25048         5.8000E+00
             24                 26              19187         6.8500E+00
             24                 27              11971         8.0000E+00
             24                 28               6625         9.2500E+00
             24                 29               3733         1.0600E+01
             24                 30               2210         1.2050E+01
             24                 31               1163         1.3600E+01
             24                 32                337         1.5250E+01
             24                 33                 87         1.7000E+01
             24                 34                 20         1.8850E+01
             24                 35                  3         2.0800E+01
             25                 17                 19         1.4500E+00
             25                 18                216         1.7000E+00
             25                 19               1527         2.0500E+00
             25                 20               5169         2.5000E+00
             25                 21              10955         3.0500E+00
             25                 22              17700         3.7000E+00
             25                 23              24411         4.4500E+00
             25                 24              24920         5.3000E+00
             25                 25              22836         6.2500E+00
             25                 26              17311         7.3000E+00
             25                 27              10189         8.4500E+00
             25                 28               5846         9.7000E+00
             25                 29               3612         1.1050E+01
             25                 30               2170         1.2500E+01
             25                 31               1113         1.4050E+01
             25                 32                493         1.5700E+01
             25                 33                 91         1.7450E+01
             25                 34                 39         1.9300E+01
             25                 35                 15         2.1250E+01
             25                 36                  2         2.3300E+01
             26                 17                 24         2.0000E+00
             26                 18                258         2.2500E+00
             26                 19               1452         2.6000E+00
             26                 20               4988         3.0500E+00
             26                 21               9571         3.6000E+00
             26                 22              15629         4.2500E+00
             26                 23              20402         5.0000E+00
             26                 24              21465         5.8500E+00
             26                 25              19810         6.8000E+00
             26                 26              14883         7.8500E+00
             26                 27               8161         9.0000E+00
             26                 28               4550         1.0250E+01
             26                 29               2946         1.1600E+01
             26                 30               1671         1.3050E+01
             26                 31                912         1.4600E+01
             26                 32                291         1.6250E+01
             26                 33                 87         1.8000E+01
             26                 34                 14         1.9850E+01
             26                 35                  6         2.1800E+01
             27                 17                 18         2.6500E+00
             27                 18                354         2.9000E+00
             27                 19               1088         3.2500E+00
             27                 20               3267         3.7000E+00
             27                 21               6954         4.2500E+00
             27                 22              11088         4.9000E+00
             27                 23              14226         5.6500E+00
             27                 24              15090         6.5000E+00
             27                 25              13941         7.4500E+00
             27                 26              10332         8.5000E+00
             27                 27               5760         9.6500E+00
             27                 28               3260         1.0900E+01
             27                 29               1698         1.2250E+01
             27                 30                920         1.3700E+01
             27                 31                466         1.5250E+01
             27                 32                104         1.6900E+01
             27                 33                 17         1.8650E+01
             27                 34                 19         2.0500E+01
             27                 35                  6         2.2450E+01
             28                 17                  9         3.4000E+00
             28                 18                208         3.6500E+00
             28                 19                580         4.0000E+00
             28                 20               1706         4.4500E+00
             28                 21               3727         5.0000E+00
             28                 22               5938         5.6500E+00
             28                 23               7402         6.4000E+00
             28                 24               7902         7.2500E+00
             28                 25               7389         8.2000E+00
             28                 26               5732         9.2500E+00
             28                 27               3212         1.0400E+01
             28                 28               1488         1.1650E+01
             28                 29                708         1.3000E+01
             28                 30                357         1.4450E+01
             28                 31                180         1.6000E+01
             28                 32                 44         1.7650E+01
             28                 33                 19         1.9400E+01
             28                 34                  6         2.1250E+01
             28                 36                  1         2.5250E+01
             29                 17                 13         4.2500E+00
             29                 18                101         4.5000E+00
             29                 19                179         4.8500E+00
             29                 20                481         5.3000E+00
             29                 21               1119         5.8500E+00
             29                 22               2115         6.5000E+00
             29                 23               2836         7.2500E+00
             29                 24               2856         8.1000E+00
             29                 25               2594         9.0500E+00
             29                 26               2147         1.0100E+01
             29                 27               1148         1.1250E+01
             29                 28                396         1.2500E+01
             29                 29                283         1.3850E+01
             29                 30                132         1.5300E+01
             29                 31                 34         1.6850E+01
             29                 32                  7         1.8500E+01
             30                 18                  4         5.4500E+00
             30                 19                 30         5.8000E+00
             30                 20                 69         6.2500E+00
             30                 21                220         6.8000E+00
             30                 22                471         7.4500E+00
             30                 23                569         8.2000E+00
             30                 24                784         9.0500E+00
             30                 25                663         1.0000E+01
             30                 26                552         1.1050E+01
             30                 27                326         1.2200E+01
             30                 28                133         1.3450E+01
             30                 29                 55         1.4800E+01
             30                 30                 35         1.6250E+01
             30                 31                  7         1.7800E+01
             30                 32                  1         1.9450E+01
             31                 18                  1         6.5000E+00
             31                 19                  2         6.8500E+00
             31                 20                  3         7.3000E+00
             31                 21                 31         7.8500E+00
             31                 22                 49         8.5000E+00
             31                 23                112         9.2500E+00
             31                 24                100         1.0100E+01
             31                 25                146         1.1050E+01
             31                 26                105         1.2100E+01
             31                 27                 97         1.3250E+01
             31                 28                 23         1.4500E+01
             31                 29                  6         1.5850E+01
             31                 30                  4         1.7300E+01
             31                 31                  1         1.8850E+01
             32                 23                  2         1.0400E+01
             32                 24                  2         1.1250E+01
             32                 25                 18         1.2200E+01
             32                 26                 22         1.3250E+01
             32                 28                  3         1.5650E+01
             32                 29                  3         1.7000E+01
