  #Crystal Size      Water Content              Count               Bias
             29                 10                  1         3.0500E+00
             29                 12                  1         4.2500E+00
             29                 13                  1         5.0000E+00
             29                 14                  2         5.8500E+00
             30                  9                  2         2.0500E+00
             30                 10                  5         2.5000E+00
             30                 11                 15         3.0500E+00
             30                 12                 31         3.7000E+00
             30                 13                 27         4.4500E+00
             30                 14                 22         5.3000E+00
             30                 15                  6         6.2500E+00
             30                 16                  3         7.3000E+00
             30                 17                  1         8.4500E+00
             31                  5                  3         8.0000E-01
             31                  8                  9         1.2500E+00
             31                  9                 27         1.6000E+00
             31                 10                 75         2.0500E+00
             31                 11                152         2.6000E+00
             31                 12                194         3.2500E+00
             31                 13                160         4.0000E+00
             31                 14                 73         4.8500E+00
             31                 15                 87         5.8000E+00
             31                 16                 29         6.8500E+00
             31                 17                  5         8.0000E+00
             31                 18                  6         9.2500E+00
             31                 19                  1         1.0600E+01
             32                  4                  1         5.0000E-01
             32                  5                  5         4.5000E-01
             32                  6                  6         5.0000E-01
             32                  7                 29         6.5000E-01
             32                  8                122         9.0000E-01
             32                  9                280         1.2500E+00
             32                 10                557         1.7000E+00
             32                 11                778         2.2500E+00
             32                 12                826         2.9000E+00
             32                 13                688         3.6500E+00
             32                 14                410         4.5000E+00
             32                 15                337         5.4500E+00
             32                 16                148         6.5000E+00
             32                 17                 37         7.6500E+00
             32                 18                 16         8.9000E+00
             33                  4                  1         2.5000E-01
             33                  5                  2         2.0000E-01
             33                  6                 39         2.5000E-01
             33                  7                154         4.0000E-01
             33                  8                589         6.5000E-01
             33                  9               1196         1.0000E+00
             33                 10               2156         1.4500E+00
             33                 11               2951         2.0000E+00
             33                 12               2874         2.6500E+00
             33                 13               2003         3.4000E+00
             33                 14               1464         4.2500E+00
             33                 15                815         5.2000E+00
             33                 16                409         6.2500E+00
             33                 17                132         7.4000E+00
             33                 18                 44         8.6500E+00
             33                 19                  2         1.0000E+01
             34                  5                 28         5.0000E-02
             34                  6                138         1.0000E-01
             34                  7                730         2.5000E-01
             34                  8               2500         5.0000E-01
             34                  9               4896         8.5000E-01
             34                 10               7587         1.3000E+00
             34                 11               8767         1.8500E+00
             34                 12               7532         2.5000E+00
             34                 13               4965         3.2500E+00
             34                 14               2922         4.1000E+00
             34                 15               1620         5.0500E+00
             34                 16                759         6.1000E+00
             34                 17                229         7.2500E+00
             34                 18                 82         8.5000E+00
             34                 19                  8         9.8500E+00
             35                  3                  1         2.0000E-01
             35                  4                  5         5.0000E-02
             35                  5                 64         0.0000E+00
             35                  6                522         5.0000E-02
             35                  7               2593         2.0000E-01
             35                  8               7945         4.5000E-01
             35                  9              15443         8.0000E-01
             35                 10              20313         1.2500E+00
             35                 11              20378         1.8000E+00
             35                 12              15255         2.4500E+00
             35                 13               9453         3.2000E+00
             35                 14               4757         4.0500E+00
             35                 15               2251         5.0000E+00
             35                 16                922         6.0500E+00
             35                 17                339         7.2000E+00
             35                 18                 85         8.4500E+00
             35                 19                 28         9.8000E+00
             36                  4                 25         1.0000E-01
             36                  5                192         5.0000E-02
             36                  6               1387         1.0000E-01
             36                  7               6309         2.5000E-01
             36                  8              17901         5.0000E-01
             36                  9              31813         8.5000E-01
             36                 10              39307         1.3000E+00
             36                 11              35009         1.8500E+00
             36                 12              24080         2.5000E+00
             36                 13              13367         3.2500E+00
             36                 14               6168         4.1000E+00
             36                 15               2664         5.0500E+00
             36                 16                961         6.1000E+00
             36                 17                293         7.2500E+00
             36                 18                 92         8.5000E+00
             36                 19                 26         9.8500E+00
             37                  3                  1         4.0000E-01
             37                  4                 36         2.5000E-01
             37                  5                332         2.0000E-01
             37                  6               2353         2.5000E-01
             37                  7              10069         4.0000E-01
             37                  8              27004         6.5000E-01
             37                  9              45374         1.0000E+00
             37                 10              51980         1.4500E+00
             37                 11              45416         2.0000E+00
             37                 12              28498         2.6500E+00
             37                 13              14144         3.4000E+00
             37                 14               5624         4.2500E+00
             37                 15               1992         5.2000E+00
             37                 16                668         6.2500E+00
             37                 17                218         7.4000E+00
             37                 18                 42         8.6500E+00
             37                 19                 12         1.0000E+01
             37                 20                  1         1.1450E+01
             38                  3                  3         6.5000E-01
             38                  4                 42         5.0000E-01
             38                  5                476         4.5000E-01
             38                  6               2419         5.0000E-01
             38                  7              10515         6.5000E-01
             38                  8              27209         9.0000E-01
             38                  9              45773         1.2500E+00
             38                 10              50435         1.7000E+00
             38                 11              39882         2.2500E+00
             38                 12              22761         2.9000E+00
             38                 13              10137         3.6500E+00
             38                 14               3981         4.5000E+00
             38                 15               1234         5.4500E+00
             38                 16                272         6.5000E+00
             38                 17                 51         7.6500E+00
             38                 18                 19         8.9000E+00
             38                 19                 20         1.0250E+01
             39                  3                  2         1.0000E+00
             39                  4                 23         8.5000E-01
             39                  5                345         8.0000E-01
             39                  6               1858         8.5000E-01
             39                  7               7953         1.0000E+00
             39                  8              19003         1.2500E+00
             39                  9              29539         1.6000E+00
             39                 10              31781         2.0500E+00
             39                 11              23806         2.6000E+00
             39                 12              13633         3.2500E+00
             39                 13               5677         4.0000E+00
             39                 14               2013         4.8500E+00
             39                 15                659         5.8000E+00
             39                 16                121         6.8500E+00
             39                 17                 10         8.0000E+00
             39                 18                  5         9.2500E+00
             40                  4                  5         1.3000E+00
             40                  5                158         1.2500E+00
             40                  6               1120         1.3000E+00
             40                  7               3873         1.4500E+00
             40                  8               8535         1.7000E+00
             40                  9              12628         2.0500E+00
             40                 10              13484         2.5000E+00
             40                 11               9657         3.0500E+00
             40                 12               5076         3.7000E+00
             40                 13               1967         4.4500E+00
             40                 14                712         5.3000E+00
             40                 15                303         6.2500E+00
             40                 16                 49         7.3000E+00
             40                 17                  1         8.4500E+00
             41                  4                  7         1.8500E+00
             41                  5                 93         1.8000E+00
             41                  6                369         1.8500E+00
             41                  7                961         2.0000E+00
             41                  8               2122         2.2500E+00
             41                  9               3085         2.6000E+00
             41                 10               2872         3.0500E+00
             41                 11               2176         3.6000E+00
             41                 12                997         4.2500E+00
             41                 13                314         5.0000E+00
             41                 14                141         5.8500E+00
             41                 15                 49         6.8000E+00
             41                 16                  6         7.8500E+00
             42                  4                  3         2.5000E+00
             42                  5                 39         2.4500E+00
             42                  6                 24         2.5000E+00
             42                  7                 73         2.6500E+00
             42                  8                181         2.9000E+00
             42                  9                235         3.2500E+00
             42                 10                279         3.7000E+00
             42                 11                185         4.2500E+00
             42                 12                 58         4.9000E+00
             42                 13                 19         5.6500E+00
             42                 14                  2         6.5000E+00
             42                 15                  1         7.4500E+00
