  #Crystal Size      Water Content              Count               Bias
              9                 10                  1         6.8000E+00
             10                 12                  2         8.4500E+00
             11                 11                  1         6.8500E+00
             11                 13                  1         9.2500E+00
             12                  3                  1         9.0000E-01
             12                  4                  3         1.2500E+00
             12                  6                  3         2.2500E+00
             12                  7                  1         2.9000E+00
             12                  8                  2         3.6500E+00
             12                  9                 10         4.5000E+00
             12                 10                  9         5.4500E+00
             12                 11                  8         6.5000E+00
             12                 12                 11         7.6500E+00
             12                 13                  3         8.9000E+00
             13                  3                  2         6.5000E-01
             13                  4                  4         1.0000E+00
             13                  5                  9         1.4500E+00
             13                  6                 14         2.0000E+00
             13                  7                 14         2.6500E+00
             13                  8                 54         3.4000E+00
             13                  9                 64         4.2500E+00
             13                 10                 66         5.2000E+00
             13                 11                 65         6.2500E+00
             13                 12                 61         7.4000E+00
             13                 13                 18         8.6500E+00
             13                 14                  4         1.0000E+01
             14                  3                  6         5.0000E-01
             14                  4                  7         8.5000E-01
             14                  5                 30         1.3000E+00
             14                  6                 76         1.8500E+00
             14                  7                159         2.5000E+00
             14                  8                307         3.2500E+00
             14                  9                424         4.1000E+00
             14                 10                418         5.0500E+00
             14                 11                367         6.1000E+00
             14                 12                243         7.2500E+00
             14                 13                160         8.5000E+00
             14                 14                 42         9.8500E+00
             14                 15                 22         1.1300E+01
             14                 17                  3         1.4500E+01
             15                  4                 18         8.0000E-01
             15                  5                 98         1.2500E+00
             15                  6                293         1.8000E+00
             15                  7                560         2.4500E+00
             15                  8               1057         3.2000E+00
             15                  9               1404         4.0500E+00
             15                 10               1721         5.0000E+00
             15                 11               1369         6.0500E+00
             15                 12                931         7.2000E+00
             15                 13                683         8.4500E+00
             15                 14                197         9.8000E+00
             15                 15                146         1.1250E+01
             15                 16                 24         1.2800E+01
             15                 17                 11         1.4450E+01
             16                  3                  1         5.0000E-01
             16                  4                 47         8.5000E-01
             16                  5                368         1.3000E+00
             16                  6                881         1.8500E+00
             16                  7               1926         2.5000E+00
             16                  8               3315         3.2500E+00
             16                  9               4516         4.1000E+00
             16                 10               5254         5.0500E+00
             16                 11               4549         6.1000E+00
             16                 12               3344         7.2500E+00
             16                 13               1916         8.5000E+00
             16                 14                902         9.8500E+00
             16                 15                327         1.1300E+01
             16                 16                 85         1.2850E+01
             16                 17                 17         1.4500E+01
             17                  3                  9         6.5000E-01
             17                  4                 88         1.0000E+00
             17                  5                560         1.4500E+00
             17                  6               1814         2.0000E+00
             17                  7               4546         2.6500E+00
             17                  8               7952         3.4000E+00
             17                  9              11346         4.2500E+00
             17                 10              12445         5.2000E+00
             17                 11              11869         6.2500E+00
             17                 12               8486         7.4000E+00
             17                 13               5034         8.6500E+00
             17                 14               2232         1.0000E+01
             17                 15                826         1.1450E+01
             17                 16                193         1.3000E+01
             17                 17                  9         1.4650E+01
             18                  3                 14         9.0000E-01
             18                  4                146         1.2500E+00
             18                  5                875         1.7000E+00
             18                  6               3544         2.2500E+00
             18                  7               8475         2.9000E+00
             18                  8              14804         3.6500E+00
             18                  9              21837         4.5000E+00
             18                 10              24340         5.4500E+00
             18                 11              23138         6.5000E+00
             18                 12              17648         7.6500E+00
             18                 13               9377         8.9000E+00
             18                 14               4327         1.0250E+01
             18                 15               1604         1.1700E+01
             18                 16                275         1.3250E+01
             18                 17                 69         1.4900E+01
             19                  3                  8         1.2500E+00
             19                  4                144         1.6000E+00
             19                  5               1005         2.0500E+00
             19                  6               4751         2.6000E+00
             19                  7              12021         3.2500E+00
             19                  8              22293         4.0000E+00
             19                  9              31466         4.8500E+00
             19                 10              37372         5.8000E+00
             19                 11              34078         6.8500E+00
             19                 12              25063         8.0000E+00
             19                 13              13368         9.2500E+00
             19                 14               6130         1.0600E+01
             19                 15               2360         1.2050E+01
             19                 16                533         1.3600E+01
             19                 17                111         1.5250E+01
             19                 18                  3         1.7000E+01
             20                  3                 23         1.7000E+00
             20                  4                136         2.0500E+00
             20                  5               1237         2.5000E+00
             20                  6               5179         3.0500E+00
             20                  7              13323         3.7000E+00
             20                  8              25307         4.4500E+00
             20                  9              35806         5.3000E+00
             20                 10              40278         6.2500E+00
             20                 11              35898         7.3000E+00
             20                 12              25871         8.4500E+00
             20                 13              13445         9.7000E+00
             20                 14               6003         1.1050E+01
             20                 15               2213         1.2500E+01
             20                 16                592         1.4050E+01
             20                 17                 54         1.5700E+01
             20                 18                  3         1.7450E+01
             21                  2                  4         2.0000E+00
             21                  3                 35         2.2500E+00
             21                  4                172         2.6000E+00
             21                  5               1226         3.0500E+00
             21                  6               4448         3.6000E+00
             21                  7              13061         4.2500E+00
             21                  8              22863         5.0000E+00
             21                  9              31701         5.8500E+00
             21                 10              32567         6.8000E+00
             21                 11              29140         7.8500E+00
             21                 12              20317         9.0000E+00
             21                 13              10153         1.0250E+01
             21                 14               4439         1.1600E+01
             21                 15               1679         1.3050E+01
             21                 16                462         1.4600E+01
             21                 17                 64         1.6250E+01
             21                 18                 12         1.8000E+01
             22                  3                 20         2.9000E+00
             22                  4                152         3.2500E+00
             22                  5               1055         3.7000E+00
             22                  6               3445         4.2500E+00
             22                  7               9780         4.9000E+00
             22                  8              15885         5.6500E+00
             22                  9              20447         6.5000E+00
             22                 10              19432         7.4500E+00
             22                 11              16770         8.5000E+00
             22                 12              11879         9.6500E+00
             22                 13               6484         1.0900E+01
             22                 14               2668         1.2250E+01
             22                 15                984         1.3700E+01
             22                 16                228         1.5250E+01
             22                 17                 31         1.6900E+01
             22                 18                  5         1.8650E+01
             23                  2                  1         3.4000E+00
             23                  3                 14         3.6500E+00
             23                  4                102         4.0000E+00
             23                  5                654         4.4500E+00
             23                  6               2177         5.0000E+00
             23                  7               5473         5.6500E+00
             23                  8               8603         6.4000E+00
             23                  9              10073         7.2500E+00
             23                 10               9341         8.2000E+00
             23                 11               8051         9.2500E+00
             23                 12               5647         1.0400E+01
             23                 13               3233         1.1650E+01
             23                 14               1548         1.3000E+01
             23                 15                522         1.4450E+01
             23                 16                124         1.6000E+01
             23                 17                 16         1.7650E+01
             23                 18                  4         1.9400E+01
             24                  3                  4         4.5000E+00
             24                  4                 77         4.8500E+00
             24                  5                267         5.3000E+00
             24                  6                868         5.8500E+00
             24                  7               2261         6.5000E+00
             24                  8               3851         7.2500E+00
             24                  9               3924         8.1000E+00
             24                 10               3234         9.0500E+00
             24                 11               2971         1.0100E+01
             24                 12               2204         1.1250E+01
             24                 13               1066         1.2500E+01
             24                 14                520         1.3850E+01
             24                 15                228         1.5300E+01
             24                 16                 29         1.6850E+01
             24                 17                  7         1.8500E+01
             25                  3                  3         5.4500E+00
             25                  4                 23         5.8000E+00
             25                  5                 79         6.2500E+00
             25                  6                316         6.8000E+00
             25                  7                833         7.4500E+00
             25                  8               1129         8.2000E+00
             25                  9               1211         9.0500E+00
             25                 10               1087         1.0000E+01
             25                 11                860         1.1050E+01
             25                 12                676         1.2200E+01
             25                 13                228         1.3450E+01
             25                 14                102         1.4800E+01
             25                 15                 65         1.6250E+01
             25                 16                 11         1.7800E+01
             26                  4                 10         6.8500E+00
             26                  5                 29         7.3000E+00
             26                  6                 49         7.8500E+00
             26                  7                172         8.5000E+00
             26                  8                308         9.2500E+00
             26                  9                250         1.0100E+01
             26                 10                295         1.1050E+01
             26                 11                286         1.2100E+01
             26                 12                163         1.3250E+01
             26                 13                 51         1.4500E+01
             26                 14                 12         1.5850E+01
             26                 15                 21         1.7300E+01
             26                 16                  2         1.8850E+01
             27                  5                  5         8.4500E+00
             27                  6                 11         9.0000E+00
             27                  7                 22         9.6500E+00
             27                  8                 77         1.0400E+01
             27                  9                 60         1.1250E+01
             27                 10                 40         1.2200E+01
             27                 11                 69         1.3250E+01
             27                 12                 49         1.4400E+01
             27                 13                  3         1.5650E+01
             27                 14                  1         1.7000E+01
             27                 15                  5         1.8450E+01
             27                 16                  1         2.0000E+01
             28                  6                  4         1.0250E+01
             28                  7                  7         1.0900E+01
             28                  8                  5         1.1650E+01
             28                  9                  4         1.2500E+01
             28                 10                 14         1.3450E+01
             28                 11                 13         1.4500E+01
             28                 12                 23         1.5650E+01
             29                  7                  2         1.2250E+01
             29                 12                  1         1.7000E+01
