  #Crystal Size      Water Content              Count               Bias
             29                 11                  1         1.2100E+01
             30                  8                  1         8.2000E+00
             30                  9                  3         9.0500E+00
             30                 10                  5         1.0000E+01
             30                 11                  3         1.1050E+01
             31                  6                  3         5.8500E+00
             31                  7                  9         6.5000E+00
             31                  8                 10         7.2500E+00
             31                  9                 16         8.1000E+00
             31                 10                 20         9.0500E+00
             31                 11                 35         1.0100E+01
             31                 12                  5         1.1250E+01
             31                 13                  1         1.2500E+01
             32                  6                  9         5.0000E+00
             32                  7                 67         5.6500E+00
             32                  8                113         6.4000E+00
             32                  9                132         7.2500E+00
             32                 10                171         8.2000E+00
             32                 11                157         9.2500E+00
             32                 12                 46         1.0400E+01
             32                 13                 17         1.1650E+01
             32                 14                  1         1.3000E+01
             33                  3                  1         2.9000E+00
             33                  4                  7         3.2500E+00
             33                  5                 30         3.7000E+00
             33                  6                 85         4.2500E+00
             33                  7                373         4.9000E+00
             33                  8                570         5.6500E+00
             33                  9                744         6.5000E+00
             33                 10                806         7.4500E+00
             33                 11                694         8.5000E+00
             33                 12                343         9.6500E+00
             33                 13                 99         1.0900E+01
             33                 14                 29         1.2250E+01
             33                 15                  5         1.3700E+01
             33                 16                  1         1.5250E+01
             34                  3                  7         2.2500E+00
             34                  4                 16         2.6000E+00
             34                  5                 99         3.0500E+00
             34                  6                456         3.6000E+00
             34                  7               1467         4.2500E+00
             34                  8               2730         5.0000E+00
             34                  9               3249         5.8500E+00
             34                 10               3076         6.8000E+00
             34                 11               2150         7.8500E+00
             34                 12               1022         9.0000E+00
             34                 13                434         1.0250E+01
             34                 14                153         1.1600E+01
             34                 15                 35         1.3050E+01
             34                 16                  8         1.4600E+01
             35                  3                  2         1.7000E+00
             35                  4                 23         2.0500E+00
             35                  5                262         2.5000E+00
             35                  6               1462         3.0500E+00
             35                  7               4327         3.7000E+00
             35                  8               8904         4.4500E+00
             35                  9              10797         5.3000E+00
             35                 10               9877         6.2500E+00
             35                 11               6518         7.3000E+00
             35                 12               3170         8.4500E+00
             35                 13               1252         9.7000E+00
             35                 14                406         1.1050E+01
             35                 15                114         1.2500E+01
             35                 16                 26         1.4050E+01
             35                 17                  3         1.5700E+01
             36                  3                  2         1.2500E+00
             36                  4                 56         1.6000E+00
             36                  5                743         2.0500E+00
             36                  6               3562         2.6000E+00
             36                  7              11348         3.2500E+00
             36                  8              21064         4.0000E+00
             36                  9              26698         4.8500E+00
             36                 10              23624         5.8000E+00
             36                 11              15198         6.8500E+00
             36                 12               7070         8.0000E+00
             36                 13               2555         9.2500E+00
             36                 14                851         1.0600E+01
             36                 15                211         1.2050E+01
             36                 16                 48         1.3600E+01
             36                 17                  4         1.5250E+01
             37                  3                  7         9.0000E-01
             37                  4                176         1.2500E+00
             37                  5               1547         1.7000E+00
             37                  6               7086         2.2500E+00
             37                  7              20203         2.9000E+00
             37                  8              39505         3.6500E+00
             37                  9              47196         4.5000E+00
             37                 10              39661         5.4500E+00
             37                 11              24183         6.5000E+00
             37                 12              10981         7.6500E+00
             37                 13               3843         8.9000E+00
             37                 14               1093         1.0250E+01
             37                 15                269         1.1700E+01
             37                 16                 30         1.3250E+01
             37                 17                  7         1.4900E+01
             38                  3                 17         6.5000E-01
             38                  4                222         1.0000E+00
             38                  5               2248         1.4500E+00
             38                  6              10390         2.0000E+00
             38                  7              28902         2.6500E+00
             38                  8              51040         3.4000E+00
             38                  9              59359         4.2500E+00
             38                 10              45958         5.2000E+00
             38                 11              27598         6.2500E+00
             38                 12              11870         7.4000E+00
             38                 13               3880         8.6500E+00
             38                 14                922         1.0000E+01
             38                 15                199         1.1450E+01
             38                 16                 28         1.3000E+01
             39                  3                 11         5.0000E-01
             39                  4                321         8.5000E-01
             39                  5               2492         1.3000E+00
             39                  6              10782         1.8500E+00
             39                  7              28514         2.5000E+00
             39                  8              47731         3.2500E+00
             39                  9              52987         4.1000E+00
             39                 10              38218         5.0500E+00
             39                 11              20891         6.1000E+00
             39                 12               9132         7.2500E+00
             39                 13               2659         8.5000E+00
             39                 14                551         9.8500E+00
             39                 15                130         1.1300E+01
             39                 16                 15         1.2850E+01
             40                  3                 27         4.5000E-01
             40                  4                294         8.0000E-01
             40                  5               2193         1.2500E+00
             40                  6               8091         1.8000E+00
             40                  7              18866         2.4500E+00
             40                  8              28944         3.2000E+00
             40                  9              29739         4.0500E+00
             40                 10              19641         5.0000E+00
             40                 11               9215         6.0500E+00
             40                 12               3504         7.2000E+00
             40                 13                894         8.4500E+00
             40                 14                192         9.8000E+00
             40                 15                 19         1.1250E+01
             40                 16                  6         1.2800E+01
             41                  3                 22         5.0000E-01
             41                  4                188         8.5000E-01
             41                  5               1002         1.3000E+00
             41                  6               3704         1.8500E+00
             41                  7               8004         2.5000E+00
             41                  8              10051         3.2500E+00
             41                  9               8851         4.1000E+00
             41                 10               5024         5.0500E+00
             41                 11               1953         6.1000E+00
             41                 12                753         7.2500E+00
             41                 13                219         8.5000E+00
             41                 14                 71         9.8500E+00
             41                 15                  6         1.1300E+01
             42                  3                  5         6.5000E-01
             42                  4                 39         1.0000E+00
             42                  5                216         1.4500E+00
             42                  6                744         2.0000E+00
             42                  7               1355         2.6500E+00
             42                  8               1548         3.4000E+00
             42                  9               1082         4.2500E+00
             42                 10                579         5.2000E+00
             42                 11                289         6.2500E+00
             42                 12                 99         7.4000E+00
             42                 13                 26         8.6500E+00
