  #Crystal Size      Water Content              Count               Bias
             10                 19                  1         2.0500E+00
             10                 20                  2         2.5000E+00
             10                 21                  1         3.0500E+00
             10                 22                  3         3.7000E+00
             10                 23                 10         4.4500E+00
             10                 24                  1         5.3000E+00
             10                 25                  5         6.2500E+00
             11                 18                  5         1.2500E+00
             11                 19                 32         1.6000E+00
             11                 20                  7         2.0500E+00
             11                 21                 19         2.6000E+00
             11                 22                 33         3.2500E+00
             11                 23                 22         4.0000E+00
             11                 24                 17         4.8500E+00
             11                 25                 18         5.8000E+00
             11                 26                  8         6.8500E+00
             11                 27                  3         8.0000E+00
             12                 16                  2         5.0000E-01
             12                 17                  2         6.5000E-01
             12                 18                 17         9.0000E-01
             12                 19                 52         1.2500E+00
             12                 20                 43         1.7000E+00
             12                 21                 90         2.2500E+00
             12                 22                192         2.9000E+00
             12                 23                136         3.6500E+00
             12                 24                122         4.5000E+00
             12                 25                120         5.4500E+00
             12                 26                 53         6.5000E+00
             12                 27                 14         7.6500E+00
             12                 28                  3         8.9000E+00
             12                 29                  1         1.0250E+01
             12                 30                  3         1.1700E+01
             13                 16                  3         2.5000E-01
             13                 17                 26         4.0000E-01
             13                 18                 72         6.5000E-01
             13                 19                196         1.0000E+00
             13                 20                288         1.4500E+00
             13                 21                334         2.0000E+00
             13                 22                633         2.6500E+00
             13                 23                632         3.4000E+00
             13                 24                521         4.2500E+00
             13                 25                455         5.2000E+00
             13                 26                188         6.2500E+00
             13                 27                 72         7.4000E+00
             13                 28                 17         8.6500E+00
             13                 29                  5         1.0000E+01
             14                 15                  2         5.0000E-02
             14                 16                 26         1.0000E-01
             14                 17                 93         2.5000E-01
             14                 18                300         5.0000E-01
             14                 19                635         8.5000E-01
             14                 20                873         1.3000E+00
             14                 21               1118         1.8500E+00
             14                 22               1655         2.5000E+00
             14                 23               1902         3.2500E+00
             14                 24               1656         4.1000E+00
             14                 25               1267         5.0500E+00
             14                 26                515         6.1000E+00
             14                 27                176         7.2500E+00
             14                 28                 78         8.5000E+00
             14                 29                 24         9.8500E+00
             14                 30                  3         1.1300E+01
             15                 12                  1         4.5000E-01
             15                 13                  5         2.0000E-01
             15                 14                  5         5.0000E-02
             15                 15                 13         0.0000E+00
             15                 16                 53         5.0000E-02
             15                 17                274         2.0000E-01
             15                 18                689         4.5000E-01
             15                 19               1414         8.0000E-01
             15                 20               2065         1.2500E+00
             15                 21               2746         1.8000E+00
             15                 22               3760         2.4500E+00
             15                 23               3974         3.2000E+00
             15                 24               3548         4.0500E+00
             15                 25               2528         5.0000E+00
             15                 26               1384         6.0500E+00
             15                 27                450         7.2000E+00
             15                 28                162         8.4500E+00
             15                 29                 37         9.8000E+00
             15                 30                  3         1.1250E+01
             16                 12                  1         5.0000E-01
             16                 13                 12         2.5000E-01
             16                 14                 29         1.0000E-01
             16                 15                 79         5.0000E-02
             16                 16                160         1.0000E-01
             16                 17                676         2.5000E-01
             16                 18               1655         5.0000E-01
             16                 19               2909         8.5000E-01
             16                 20               4257         1.3000E+00
             16                 21               5610         1.8500E+00
             16                 22               6630         2.5000E+00
             16                 23               6936         3.2500E+00
             16                 24               5625         4.1000E+00
             16                 25               4007         5.0500E+00
             16                 26               2158         6.1000E+00
             16                 27                968         7.2500E+00
             16                 28                324         8.5000E+00
             16                 29                 58         9.8500E+00
             16                 30                 13         1.1300E+01
             16                 31                  1         1.2850E+01
             17                 11                  1         1.0000E+00
             17                 12                  7         6.5000E-01
             17                 13                 73         4.0000E-01
             17                 14                112         2.5000E-01
             17                 15                206         2.0000E-01
             17                 16                526         2.5000E-01
             17                 17               1651         4.0000E-01
             17                 18               3529         6.5000E-01
             17                 19               5368         1.0000E+00
             17                 20               7586         1.4500E+00
             17                 21               8783         2.0000E+00
             17                 22              10065         2.6500E+00
             17                 23               9025         3.4000E+00
             17                 24               6355         4.2500E+00
             17                 25               4504         5.2000E+00
             17                 26               3039         6.2500E+00
             17                 27               1259         7.4000E+00
             17                 28                488         8.6500E+00
             17                 29                102         1.0000E+01
             17                 30                 16         1.1450E+01
             18                 10                  2         1.7000E+00
             18                 11                  5         1.2500E+00
             18                 12                 28         9.0000E-01
             18                 13                165         6.5000E-01
             18                 14                269         5.0000E-01
             18                 15                721         4.5000E-01
             18                 16               1386         5.0000E-01
             18                 17               3274         6.5000E-01
             18                 18               6256         9.0000E-01
             18                 19               9361         1.2500E+00
             18                 20              12463         1.7000E+00
             18                 21              13284         2.2500E+00
             18                 22              13117         2.9000E+00
             18                 23              10968         3.6500E+00
             18                 24               7623         4.5000E+00
             18                 25               4634         5.4500E+00
             18                 26               2728         6.5000E+00
             18                 27               1289         7.6500E+00
             18                 28                550         8.9000E+00
             18                 29                140         1.0250E+01
             18                 30                 29         1.1700E+01
             19                 11                 15         1.6000E+00
             19                 12                 84         1.2500E+00
             19                 13                284         1.0000E+00
             19                 14                512         8.5000E-01
             19                 15               1250         8.0000E-01
             19                 16               2887         8.5000E-01
             19                 17               5738         1.0000E+00
             19                 18              10336         1.2500E+00
             19                 19              15624         1.6000E+00
             19                 20              18894         2.0500E+00
             19                 21              19600         2.6000E+00
             19                 22              17069         3.2500E+00
             19                 23              14274         4.0000E+00
             19                 24               9592         4.8500E+00
             19                 25               5549         5.8000E+00
             19                 26               2908         6.8500E+00
             19                 27               1186         8.0000E+00
             19                 28                466         9.2500E+00
             19                 29                140         1.0600E+01
             19                 30                 28         1.2050E+01
             19                 31                  1         1.3600E+01
             20                 10                  3         2.5000E+00
             20                 11                 21         2.0500E+00
             20                 12                 48         1.7000E+00
             20                 13                217         1.4500E+00
             20                 14                711         1.3000E+00
             20                 15               2036         1.2500E+00
             20                 16               4104         1.3000E+00
             20                 17               8635         1.4500E+00
             20                 18              14770         1.7000E+00
             20                 19              20113         2.0500E+00
             20                 20              24216         2.5000E+00
             20                 21              25141         3.0500E+00
             20                 22              21394         3.7000E+00
             20                 23              17652         4.4500E+00
             20                 24              11445         5.3000E+00
             20                 25               6388         6.2500E+00
             20                 26               3014         7.3000E+00
             20                 27               1116         8.4500E+00
             20                 28                330         9.7000E+00
             20                 29                135         1.1050E+01
             20                 30                 20         1.2500E+01
             21                 11                  4         2.6000E+00
             21                 12                 37         2.2500E+00
             21                 13                259         2.0000E+00
             21                 14                897         1.8500E+00
             21                 15               2143         1.8000E+00
             21                 16               4849         1.8500E+00
             21                 17               9861         2.0000E+00
             21                 18              16267         2.2500E+00
             21                 19              21408         2.6000E+00
             21                 20              25166         3.0500E+00
             21                 21              26194         3.6000E+00
             21                 22              22486         4.2500E+00
             21                 23              18157         5.0000E+00
             21                 24              12056         5.8500E+00
             21                 25               6567         6.8000E+00
             21                 26               2849         7.8500E+00
             21                 27                910         9.0000E+00
             21                 28                205         1.0250E+01
             21                 29                 73         1.1600E+01
             21                 30                  8         1.3050E+01
             22                 11                  2         3.2500E+00
             22                 12                 36         2.9000E+00
             22                 13                202         2.6500E+00
             22                 14                763         2.5000E+00
             22                 15               1941         2.4500E+00
             22                 16               4058         2.5000E+00
             22                 17               8022         2.6500E+00
             22                 18              13642         2.9000E+00
             22                 19              18763         3.2500E+00
             22                 20              21504         3.7000E+00
             22                 21              21784         4.2500E+00
             22                 22              19095         4.9000E+00
             22                 23              14798         5.6500E+00
             22                 24              10197         6.5000E+00
             22                 25               5051         7.4500E+00
             22                 26               2309         8.5000E+00
             22                 27                782         9.6500E+00
             22                 28                185         1.0900E+01
             22                 29                 47         1.2250E+01
             22                 30                  9         1.3700E+01
             23                 12                 14         3.6500E+00
             23                 13                237         3.4000E+00
             23                 14                570         3.2500E+00
             23                 15               1277         3.2000E+00
             23                 16               2591         3.2500E+00
             23                 17               4999         3.4000E+00
             23                 18               9182         3.6500E+00
             23                 19              12712         4.0000E+00
             23                 20              14307         4.4500E+00
             23                 21              14301         5.0000E+00
             23                 22              12732         5.6500E+00
             23                 23               9288         6.4000E+00
             23                 24               5952         7.2500E+00
             23                 25               3296         8.2000E+00
             23                 26               1675         9.2500E+00
             23                 27                527         1.0400E+01
             23                 28                112         1.1650E+01
             23                 29                 16         1.3000E+01
             23                 30                  3         1.4450E+01
             24                 12                 17         4.5000E+00
             24                 13                 94         4.2500E+00
             24                 14                256         4.1000E+00
             24                 15                595         4.0500E+00
             24                 16               1379         4.1000E+00
             24                 17               2740         4.2500E+00
             24                 18               4890         4.5000E+00
             24                 19               6932         4.8500E+00
             24                 20               7602         5.3000E+00
             24                 21               7398         5.8500E+00
             24                 22               6044         6.5000E+00
             24                 23               4144         7.2500E+00
             24                 24               2606         8.1000E+00
             24                 25               1625         9.0500E+00
             24                 26                647         1.0100E+01
             24                 27                267         1.1250E+01
             24                 28                 56         1.2500E+01
             24                 29                  4         1.3850E+01
             25                 12                  3         5.4500E+00
             25                 13                 44         5.2000E+00
             25                 14                 91         5.0500E+00
             25                 15                219         5.0000E+00
             25                 16                426         5.0500E+00
             25                 17               1139         5.2000E+00
             25                 18               2037         5.4500E+00
             25                 19               2888         5.8000E+00
             25                 20               3476         6.2500E+00
             25                 21               3104         6.8000E+00
             25                 22               2468         7.4500E+00
             25                 23               1577         8.2000E+00
             25                 24                903         9.0500E+00
             25                 25                494         1.0000E+01
             25                 26                137         1.1050E+01
             25                 27                 52         1.2200E+01
             25                 28                 10         1.3450E+01
             26                 13                  2         6.2500E+00
             26                 14                 13         6.1000E+00
             26                 15                 89         6.0500E+00
             26                 16                187         6.1000E+00
             26                 17                317         6.2500E+00
             26                 18                628         6.5000E+00
             26                 19                897         6.8500E+00
             26                 20               1288         7.3000E+00
             26                 21               1065         7.8500E+00
             26                 22                670         8.5000E+00
             26                 23                557         9.2500E+00
             26                 24                216         1.0100E+01
             26                 25                 89         1.1050E+01
             26                 26                 25         1.2100E+01
             26                 27                  3         1.3250E+01
             27                 15                  3         7.2000E+00
             27                 16                 45         7.2500E+00
             27                 17                 47         7.4000E+00
             27                 18                123         7.6500E+00
             27                 19                184         8.0000E+00
             27                 20                268         8.4500E+00
             27                 21                227         9.0000E+00
             27                 22                131         9.6500E+00
             27                 23                 96         1.0400E+01
             27                 24                 21         1.1250E+01
             27                 25                 10         1.2200E+01
             27                 26                 16         1.3250E+01
             27                 27                  1         1.4400E+01
             28                 16                  1         8.5000E+00
             28                 18                 11         8.9000E+00
             28                 19                 16         9.2500E+00
             28                 20                 23         9.7000E+00
             28                 21                 16         1.0250E+01
             28                 22                 11         1.0900E+01
             28                 23                  5         1.1650E+01
             28                 25                  1         1.3450E+01
             29                 18                  1         1.0250E+01
             29                 20                  1         1.1050E+01
             29                 21                  1         1.1600E+01
