  #Crystal Size      Water Content              Count               Bias
             28                 20                  1         1.2200E+01
             29                 14                  4         6.8500E+00
             29                 15                  1         7.3000E+00
             29                 16                  1         7.8500E+00
             29                 18                  1         9.2500E+00
             29                 20                  1         1.1050E+01
             30                 10                  2         5.0000E+00
             30                 12                  1         5.2000E+00
             30                 13                 15         5.4500E+00
             30                 14                 39         5.8000E+00
             30                 15                 15         6.2500E+00
             30                 16                  3         6.8000E+00
             30                 17                  9         7.4500E+00
             30                 18                  9         8.2000E+00
             30                 19                 10         9.0500E+00
             30                 20                  8         1.0000E+01
             31                  9                  7         4.1000E+00
             31                 10                 35         4.0500E+00
             31                 11                 47         4.1000E+00
             31                 12                 60         4.2500E+00
             31                 13                109         4.5000E+00
             31                 14                188         4.8500E+00
             31                 15                154         5.3000E+00
             31                 16                 69         5.8500E+00
             31                 17                 72         6.5000E+00
             31                 18                110         7.2500E+00
             31                 19                 79         8.1000E+00
             31                 20                 38         9.0500E+00
             31                 21                 15         1.0100E+01
             32                  7                  1         3.6500E+00
             32                  8                  8         3.4000E+00
             32                  9                 66         3.2500E+00
             32                 10                146         3.2000E+00
             32                 11                260         3.2500E+00
             32                 12                376         3.4000E+00
             32                 13                552         3.6500E+00
             32                 14                601         4.0000E+00
             32                 15                479         4.4500E+00
             32                 16                316         5.0000E+00
             32                 17                266         5.6500E+00
             32                 18                292         6.4000E+00
             32                 19                164         7.2500E+00
             32                 20                 83         8.2000E+00
             32                 21                 33         9.2500E+00
             32                 22                  4         1.0400E+01
             33                  7                  5         2.9000E+00
             33                  8                 50         2.6500E+00
             33                  9                234         2.5000E+00
             33                 10                616         2.4500E+00
             33                 11               1071         2.5000E+00
             33                 12               1780         2.6500E+00
             33                 13               2046         2.9000E+00
             33                 14               1926         3.2500E+00
             33                 15               1475         3.7000E+00
             33                 16               1241         4.2500E+00
             33                 17                699         4.9000E+00
             33                 18                610         5.6500E+00
             33                 19                387         6.5000E+00
             33                 20                170         7.4500E+00
             33                 21                 74         8.5000E+00
             33                 22                 25         9.6500E+00
             33                 23                  1         1.0900E+01
             34                  6                  6         2.6000E+00
             34                  7                 46         2.2500E+00
             34                  8                229         2.0000E+00
             34                  9                806         1.8500E+00
             34                 10               1966         1.8000E+00
             34                 11               3790         1.8500E+00
             34                 12               4801         2.0000E+00
             34                 13               5291         2.2500E+00
             34                 14               4609         2.6000E+00
             34                 15               3222         3.0500E+00
             34                 16               2229         3.6000E+00
             34                 17               1540         4.2500E+00
             34                 18                999         5.0000E+00
             34                 19                652         5.8500E+00
             34                 20                240         6.8000E+00
             34                 21                144         7.8500E+00
             34                 22                 40         9.0000E+00
             35                  5                  1         2.5000E+00
             35                  6                 72         2.0500E+00
             35                  7                205         1.7000E+00
             35                  8                924         1.4500E+00
             35                  9               2410         1.3000E+00
             35                 10               5844         1.2500E+00
             35                 11               9507         1.3000E+00
             35                 12              11566         1.4500E+00
             35                 13              10447         1.7000E+00
             35                 14               7730         2.0500E+00
             35                 15               5015         2.5000E+00
             35                 16               3144         3.0500E+00
             35                 17               1811         3.7000E+00
             35                 18               1203         4.4500E+00
             35                 19                667         5.3000E+00
             35                 20                342         6.2500E+00
             35                 21                170         7.3000E+00
             35                 22                127         8.4500E+00
             35                 23                  9         9.7000E+00
             36                  5                 17         2.0500E+00
             36                  6                134         1.6000E+00
             36                  7                671         1.2500E+00
             36                  8               2347         1.0000E+00
             36                  9               6309         8.5000E-01
             36                 10              12949         8.0000E-01
             36                 11              18951         8.5000E-01
             36                 12              20985         1.0000E+00
             36                 13              17632         1.2500E+00
             36                 14              12437         1.6000E+00
             36                 15               7182         2.0500E+00
             36                 16               3778         2.6000E+00
             36                 17               1811         3.2500E+00
             36                 18               1129         4.0000E+00
             36                 19                587         4.8500E+00
             36                 20                243         5.8000E+00
             36                 21                131         6.8500E+00
             36                 22                101         8.0000E+00
             36                 23                 30         9.2500E+00
             36                 24                  1         1.0600E+01
             37                  5                 21         1.7000E+00
             37                  6                220         1.2500E+00
             37                  7               1321         9.0000E-01
             37                  8               4886         6.5000E-01
             37                  9              12565         5.0000E-01
             37                 10              23263         4.5000E-01
             37                 11              31651         5.0000E-01
             37                 12              33103         6.5000E-01
             37                 13              26824         9.0000E-01
             37                 14              16748         1.2500E+00
             37                 15               9005         1.7000E+00
             37                 16               3869         2.2500E+00
             37                 17               1622         2.9000E+00
             37                 18                679         3.6500E+00
             37                 19                243         4.5000E+00
             37                 20                111         5.4500E+00
             37                 21                 51         6.5000E+00
             37                 22                 39         7.6500E+00
             37                 23                 34         8.9000E+00
             37                 24                  5         1.0250E+01
             38                  5                 26         1.4500E+00
             38                  6                359         1.0000E+00
             38                  7               2268         6.5000E-01
             38                  8               7942         4.0000E-01
             38                  9              19317         2.5000E-01
             38                 10              33119         2.0000E-01
             38                 11              43122         2.5000E-01
             38                 12              43150         4.0000E-01
             38                 13              33224         6.5000E-01
             38                 14              19330         1.0000E+00
             38                 15               9320         1.4500E+00
             38                 16               3745         2.0000E+00
             38                 17               1333         2.6500E+00
             38                 18                431         3.4000E+00
             38                 19                186         4.2500E+00
             38                 20                 52         5.2000E+00
             38                 21                 21         6.2500E+00
             38                 22                 14         7.4000E+00
             38                 23                 14         8.6500E+00
             38                 24                  7         1.0000E+01
             39                  4                  1         1.8500E+00
             39                  5                 65         1.3000E+00
             39                  6                517         8.5000E-01
             39                  7               2593         5.0000E-01
             39                  8               9050         2.5000E-01
             39                  9              21095         1.0000E-01
             39                 10              34729         5.0000E-02
             39                 11              42575         1.0000E-01
             39                 12              40810         2.5000E-01
             39                 13              28982         5.0000E-01
             39                 14              15850         8.5000E-01
             39                 15               7172         1.3000E+00
             39                 16               2773         1.8500E+00
             39                 17                805         2.5000E+00
             39                 18                223         3.2500E+00
             39                 19                 34         4.1000E+00
             39                 20                  6         5.0500E+00
             39                 21                  4         6.1000E+00
             39                 22                  8         7.2500E+00
             39                 23                  1         8.5000E+00
             40                  4                  1         1.8000E+00
             40                  5                 73         1.2500E+00
             40                  6                601         8.0000E-01
             40                  7               2188         4.5000E-01
             40                  8               7219         2.0000E-01
             40                  9              15925         5.0000E-02
             40                 10              24500         0.0000E+00
             40                 11              27722         5.0000E-02
             40                 12              24500         2.0000E-01
             40                 13              16905         4.5000E-01
             40                 14               8085         8.0000E-01
             40                 15               3451         1.2500E+00
             40                 16               1188         1.8000E+00
             40                 17                377         2.4500E+00
             40                 18                 82         3.2000E+00
             40                 19                 15         4.0500E+00
             41                  4                  1         1.8500E+00
             41                  5                 53         1.3000E+00
             41                  6                260         8.5000E-01
             41                  7               1025         5.0000E-01
             41                  8               3429         2.5000E-01
             41                  9               6904         1.0000E-01
             41                 10              10068         5.0000E-02
             41                 11              11010         1.0000E-01
             41                 12               9154         2.5000E-01
             41                 13               5596         5.0000E-01
             41                 14               2838         8.5000E-01
             41                 15               1023         1.3000E+00
             41                 16                292         1.8500E+00
             41                 17                 86         2.5000E+00
             41                 18                 29         3.2500E+00
             41                 19                  1         4.1000E+00
             42                  4                  2         2.0000E+00
             42                  5                  9         1.4500E+00
             42                  6                 84         1.0000E+00
             42                  7                279         6.5000E-01
             42                  8                730         4.0000E-01
             42                  9               1219         2.5000E-01
             42                 10               1728         2.0000E-01
             42                 11               1643         2.5000E-01
             42                 12               1322         4.0000E-01
             42                 13                883         6.5000E-01
             42                 14                439         1.0000E+00
             42                 15                112         1.4500E+00
             42                 16                 24         2.0000E+00
             42                 17                  3         2.6500E+00
