  #Crystal Size      Water Content              Count               Bias
             14                  8                  4         1.6250E+01
             14                  9                  7         1.8100E+01
             14                 10                  4         2.0050E+01
             14                 11                  1         2.2100E+01
             15                  6                  7         1.2800E+01
             15                  7                 10         1.4450E+01
             15                  8                 43         1.6200E+01
             15                  9                 15         1.8050E+01
             15                 10                 27         2.0000E+01
             15                 11                 13         2.2050E+01
             16                  5                  1         1.1300E+01
             16                  6                 20         1.2850E+01
             16                  7                137         1.4500E+01
             16                  8                 78         1.6250E+01
             16                  9                115         1.8100E+01
             16                 10                145         2.0050E+01
             16                 11                 44         2.2100E+01
             16                 12                  5         2.4250E+01
             17                  4                 13         1.0000E+01
             17                  5                 58         1.1450E+01
             17                  6                170         1.3000E+01
             17                  7                403         1.4650E+01
             17                  8                374         1.6400E+01
             17                  9                315         1.8250E+01
             17                 10                283         2.0200E+01
             17                 11                104         2.2250E+01
             17                 12                 30         2.4400E+01
             18                  2                  9         7.6500E+00
             18                  3                  2         8.9000E+00
             18                  4                157         1.0250E+01
             18                  5                461         1.1700E+01
             18                  6                970         1.3250E+01
             18                  7               1763         1.4900E+01
             18                  8               1731         1.6650E+01
             18                  9               1339         1.8500E+01
             18                 10                767         2.0450E+01
             18                 11                194         2.2500E+01
             18                 12                 83         2.4650E+01
             19                  1                  5         6.8500E+00
             19                  2                 74         8.0000E+00
             19                  3                130         9.2500E+00
             19                  4                550         1.0600E+01
             19                  5               1369         1.2050E+01
             19                  6               3105         1.3600E+01
             19                  7               5059         1.5250E+01
             19                  8               5671         1.7000E+01
             19                  9               3935         1.8850E+01
             19                 10               1931         2.0800E+01
             19                 11                547         2.2850E+01
             19                 12                103         2.5000E+01
             19                 13                  9         2.7250E+01
             20                  1                 57         7.3000E+00
             20                  2                103         8.4500E+00
             20                  3                456         9.7000E+00
             20                  4               1708         1.1050E+01
             20                  5               4402         1.2500E+01
             20                  6               9052         1.4050E+01
             20                  7              12590         1.5700E+01
             20                  8              12910         1.7450E+01
             20                  9               8929         1.9300E+01
             20                 10               4155         2.1250E+01
             20                 11               1043         2.3300E+01
             20                 12                196         2.5450E+01
             20                 13                 12         2.7700E+01
             20                 14                  3         3.0050E+01
             21                  0                  2         6.8000E+00
             21                  1                 40         7.8500E+00
             21                  2                219         9.0000E+00
             21                  3                796         1.0250E+01
             21                  4               3592         1.1600E+01
             21                  5               9896         1.3050E+01
             21                  6              19417         1.4600E+01
             21                  7              24948         1.6250E+01
             21                  8              24872         1.8000E+01
             21                  9              15372         1.9850E+01
             21                 10               7002         2.1800E+01
             21                 11               1971         2.3850E+01
             21                 12                388         2.6000E+01
             21                 13                 23         2.8250E+01
             21                 14                  4         3.0600E+01
             22                  0                 10         7.4500E+00
             22                  1                 57         8.5000E+00
             22                  2                447         9.6500E+00
             22                  3               1422         1.0900E+01
             22                  4               6753         1.2250E+01
             22                  5              16530         1.3700E+01
             22                  6              30500         1.5250E+01
             22                  7              39194         1.6900E+01
             22                  8              36278         1.8650E+01
             22                  9              23098         2.0500E+01
             22                 10               9490         2.2450E+01
             22                 11               2834         2.4500E+01
             22                 12                483         2.6650E+01
             22                 13                 40         2.8900E+01
             22                 14                  2         3.1250E+01
             23                  0                 17         8.2000E+00
             23                  1                 44         9.2500E+00
             23                  2                374         1.0400E+01
             23                  3               2090         1.1650E+01
             23                  4               8450         1.3000E+01
             23                  5              19626         1.4450E+01
             23                  6              35850         1.6000E+01
             23                  7              46949         1.7650E+01
             23                  8              41772         1.9400E+01
             23                  9              24529         2.1250E+01
             23                 10               9818         2.3200E+01
             23                 11               2868         2.5250E+01
             23                 12                562         2.7400E+01
             23                 13                 36         2.9650E+01
             23                 14                  1         3.2000E+01
             24                  0                  9         9.0500E+00
             24                  1                 54         1.0100E+01
             24                  2                605         1.1250E+01
             24                  3               2565         1.2500E+01
             24                  4               8978         1.3850E+01
             24                  5              20010         1.5300E+01
             24                  6              33172         1.6850E+01
             24                  7              42395         1.8500E+01
             24                  8              36525         2.0250E+01
             24                  9              20919         2.2100E+01
             24                 10               7966         2.4050E+01
             24                 11               2228         2.6100E+01
             24                 12                475         2.8250E+01
             24                 13                 70         3.0500E+01
             24                 14                  2         3.2850E+01
             25                  0                  9         1.0000E+01
             25                  1                 42         1.1050E+01
             25                  2                592         1.2200E+01
             25                  3               2690         1.3450E+01
             25                  4               7906         1.4800E+01
             25                  5              16799         1.6250E+01
             25                  6              26014         1.7800E+01
             25                  7              30550         1.9450E+01
             25                  8              24898         2.1200E+01
             25                  9              13223         2.3050E+01
             25                 10               5346         2.5000E+01
             25                 11               1448         2.7050E+01
             25                 12                234         2.9200E+01
             25                 13                 20         3.1450E+01
             26                  0                  3         1.1050E+01
             26                  1                 78         1.2100E+01
             26                  2                658         1.3250E+01
             26                  3               1993         1.4500E+01
             26                  4               6017         1.5850E+01
             26                  5              11913         1.7300E+01
             26                  6              15554         1.8850E+01
             26                  7              17296         2.0500E+01
             26                  8              13325         2.2250E+01
             26                  9               7511         2.4100E+01
             26                 10               2926         2.6050E+01
             26                 11                899         2.8100E+01
             26                 12                164         3.0250E+01
             26                 13                 14         3.2500E+01
             26                 14                  1         3.4850E+01
             27                  1                 29         1.3250E+01
             27                  2                209         1.4400E+01
             27                  3               1079         1.5650E+01
             27                  4               3869         1.7000E+01
             27                  5               6644         1.8450E+01
             27                  6               7868         2.0000E+01
             27                  7               7945         2.1650E+01
             27                  8               5549         2.3400E+01
             27                  9               3563         2.5250E+01
             27                 10               1354         2.7200E+01
             27                 11                392         2.9250E+01
             27                 12                 40         3.1400E+01
             27                 13                  8         3.3650E+01
             27                 14                  1         3.6000E+01
             28                  1                  2         1.4500E+01
             28                  2                 64         1.5650E+01
             28                  3                628         1.6900E+01
             28                  4               1619         1.8250E+01
             28                  5               2576         1.9700E+01
             28                  6               3122         2.1250E+01
             28                  7               3300         2.2900E+01
             28                  8               1964         2.4650E+01
             28                  9               1169         2.6500E+01
             28                 10                351         2.8450E+01
             28                 11                 61         3.0500E+01
             28                 12                  5         3.2650E+01
             29                  2                 10         1.7000E+01
             29                  3                192         1.8250E+01
             29                  4                512         1.9600E+01
             29                  5                632         2.1050E+01
             29                  6                907         2.2600E+01
             29                  7               1126         2.4250E+01
             29                  8                874         2.6000E+01
             29                  9                333         2.7850E+01
             29                 10                 81         2.9800E+01
             29                 11                 18         3.1850E+01
             30                  2                  2         1.8450E+01
             30                  3                 17         1.9700E+01
             30                  4                 78         2.1050E+01
             30                  5                167         2.2500E+01
             30                  6                266         2.4050E+01
             30                  7                257         2.5700E+01
             30                  8                208         2.7450E+01
             30                  9                 54         2.9300E+01
             30                 10                  4         3.1250E+01
             31                  3                  2         2.1250E+01
             31                  4                  2         2.2600E+01
             31                  5                 17         2.4050E+01
             31                  6                 11         2.5600E+01
             31                  7                 16         2.7250E+01
             31                  8                  9         2.9000E+01
             31                  9                 24         3.0850E+01
             32                  6                  2         2.7250E+01
