  #Crystal Size      Water Content              Count               Bias
             25                  8                  3         4.5000E-01
             25                  9                  1         8.0000E-01
             25                 10                  5         1.2500E+00
             25                 11                 12         1.8000E+00
             25                 12                  4         2.4500E+00
             25                 13                  3         3.2000E+00
             25                 14                  1         4.0500E+00
             26                  7                  2         2.5000E-01
             26                  8                 21         5.0000E-01
             26                  9                 44         8.5000E-01
             26                 10                 45         1.3000E+00
             26                 11                 71         1.8500E+00
             26                 12                 24         2.5000E+00
             26                 13                 13         3.2500E+00
             26                 14                 21         4.1000E+00
             26                 15                  3         5.0500E+00
             26                 16                  7         6.1000E+00
             27                  7                 24         4.0000E-01
             27                  8                 95         6.5000E-01
             27                  9                241         1.0000E+00
             27                 10                326         1.4500E+00
             27                 11                356         2.0000E+00
             27                 12                212         2.6500E+00
             27                 13                141         3.4000E+00
             27                 14                 65         4.2500E+00
             27                 15                 39         5.2000E+00
             27                 16                 32         6.2500E+00
             27                 17                  1         7.4000E+00
             28                  4                  2         5.0000E-01
             28                  5                  4         4.5000E-01
             28                  6                 29         5.0000E-01
             28                  7                120         6.5000E-01
             28                  8                306         9.0000E-01
             28                  9                879         1.2500E+00
             28                 10               1286         1.7000E+00
             28                 11               1118         2.2500E+00
             28                 12                848         2.9000E+00
             28                 13                488         3.6500E+00
             28                 14                293         4.5000E+00
             28                 15                142         5.4500E+00
             28                 16                 75         6.5000E+00
             28                 17                 12         7.6500E+00
             29                  4                  3         8.5000E-01
             29                  5                 22         8.0000E-01
             29                  6                 76         8.5000E-01
             29                  7                355         1.0000E+00
             29                  8               1338         1.2500E+00
             29                  9               2849         1.6000E+00
             29                 10               4060         2.0500E+00
             29                 11               3781         2.6000E+00
             29                 12               2654         3.2500E+00
             29                 13               1698         4.0000E+00
             29                 14                878         4.8500E+00
             29                 15                472         5.8000E+00
             29                 16                156         6.8500E+00
             29                 17                 15         8.0000E+00
             30                  4                  9         1.3000E+00
             30                  5                 30         1.2500E+00
             30                  6                226         1.3000E+00
             30                  7               1038         1.4500E+00
             30                  8               3586         1.7000E+00
             30                  9               7244         2.0500E+00
             30                 10               9893         2.5000E+00
             30                 11               9544         3.0500E+00
             30                 12               6834         3.7000E+00
             30                 13               4114         4.4500E+00
             30                 14               2248         5.3000E+00
             30                 15               1207         6.2500E+00
             30                 16                403         7.3000E+00
             30                 17                 77         8.4500E+00
             30                 18                 11         9.7000E+00
             30                 19                  9         1.1050E+01
             31                  3                  1         2.0000E+00
             31                  4                  5         1.8500E+00
             31                  5                 78         1.8000E+00
             31                  6                451         1.8500E+00
             31                  7               2493         2.0000E+00
             31                  8               7472         2.2500E+00
             31                  9              15504         2.6000E+00
             31                 10              20599         3.0500E+00
             31                 11              20486         3.6000E+00
             31                 12              15005         4.2500E+00
             31                 13               8287         5.0000E+00
             31                 14               4001         5.8500E+00
             31                 15               1441         6.8000E+00
             31                 16                423         7.8500E+00
             31                 17                122         9.0000E+00
             31                 18                 32         1.0250E+01
             31                 19                  2         1.1600E+01
             32                  4                  7         2.5000E+00
             32                  5                146         2.4500E+00
             32                  6                890         2.5000E+00
             32                  7               4075         2.6500E+00
             32                  8              12693         2.9000E+00
             32                  9              25795         3.2500E+00
             32                 10              35731         3.7000E+00
             32                 11              33888         4.2500E+00
             32                 12              23871         4.9000E+00
             32                 13              12356         5.6500E+00
             32                 14               5429         6.5000E+00
             32                 15               1890         7.4500E+00
             32                 16                546         8.5000E+00
             32                 17                135         9.6500E+00
             32                 18                 15         1.0900E+01
             32                 19                  3         1.2250E+01
             33                  3                  1         3.4000E+00
             33                  4                 22         3.2500E+00
             33                  5                196         3.2000E+00
             33                  6               1330         3.2500E+00
             33                  7               5879         3.4000E+00
             33                  8              17031         3.6500E+00
             33                  9              33347         4.0000E+00
             33                 10              45249         4.4500E+00
             33                 11              42823         5.0000E+00
             33                 12              29932         5.6500E+00
             33                 13              14945         6.4000E+00
             33                 14               6747         7.2500E+00
             33                 15               1947         8.2000E+00
             33                 16                492         9.2500E+00
             33                 17                160         1.0400E+01
             33                 18                 54         1.1650E+01
             33                 19                  4         1.3000E+01
             34                  3                  2         4.2500E+00
             34                  4                 23         4.1000E+00
             34                  5                236         4.0500E+00
             34                  6               1575         4.1000E+00
             34                  7               5713         4.2500E+00
             34                  8              17277         4.5000E+00
             34                  9              34087         4.8500E+00
             34                 10              44538         5.3000E+00
             34                 11              42030         5.8500E+00
             34                 12              28372         6.5000E+00
             34                 13              15168         7.2500E+00
             34                 14               6166         8.1000E+00
             34                 15               1565         9.0500E+00
             34                 16                434         1.0100E+01
             34                 17                151         1.1250E+01
             34                 18                 69         1.2500E+01
             34                 19                  7         1.3850E+01
             35                  3                  7         5.2000E+00
             35                  4                 15         5.0500E+00
             35                  5                172         5.0000E+00
             35                  6               1240         5.0500E+00
             35                  7               4643         5.2000E+00
             35                  8              13931         5.4500E+00
             35                  9              26470         5.8000E+00
             35                 10              33697         6.2500E+00
             35                 11              30840         6.8000E+00
             35                 12              20139         7.4500E+00
             35                 13              10685         8.2000E+00
             35                 14               3771         9.0500E+00
             35                 15               1046         1.0000E+01
             35                 16                340         1.1050E+01
             35                 17                165         1.2200E+01
             35                 18                 57         1.3450E+01
             35                 19                 17         1.4800E+01
             36                  3                  6         6.2500E+00
             36                  4                 24         6.1000E+00
             36                  5                106         6.0500E+00
             36                  6                671         6.1000E+00
             36                  7               3214         6.2500E+00
             36                  8               8216         6.5000E+00
             36                  9              15454         6.8500E+00
             36                 10              19609         7.3000E+00
             36                 11              16923         7.8500E+00
             36                 12              11042         8.5000E+00
             36                 13               5109         9.2500E+00
             36                 14               1628         1.0100E+01
             36                 15                442         1.1050E+01
             36                 16                113         1.2100E+01
             36                 17                 55         1.3250E+01
             36                 18                 36         1.4500E+01
             36                 19                  6         1.5850E+01
             37                  5                 70         7.2000E+00
             37                  6                318         7.2500E+00
             37                  7               1349         7.4000E+00
             37                  8               3899         7.6500E+00
             37                  9               6925         8.0000E+00
             37                 10               7911         8.4500E+00
             37                 11               6656         9.0000E+00
             37                 12               3985         9.6500E+00
             37                 13               1963         1.0400E+01
             37                 14                649         1.1250E+01
             37                 15                139         1.2200E+01
             37                 16                 34         1.3250E+01
             37                 17                 55         1.4400E+01
             37                 18                 11         1.5650E+01
             38                  4                  1         8.5000E+00
             38                  5                 26         8.4500E+00
             38                  6                101         8.5000E+00
             38                  7                453         8.6500E+00
             38                  8               1291         8.9000E+00
             38                  9               2132         9.2500E+00
             38                 10               2396         9.7000E+00
             38                 11               1947         1.0250E+01
             38                 12               1029         1.0900E+01
             38                 13                379         1.1650E+01
             38                 14                143         1.2500E+01
             38                 15                 28         1.3450E+01
             38                 16                  2         1.4500E+01
             38                 17                  8         1.5650E+01
             39                  4                  4         9.8500E+00
             39                  5                  8         9.8000E+00
             39                  6                 29         9.8500E+00
             39                  7                131         1.0000E+01
             39                  8                276         1.0250E+01
             39                  9                525         1.0600E+01
             39                 10                582         1.1050E+01
             39                 11                372         1.1600E+01
             39                 12                174         1.2250E+01
             39                 13                 70         1.3000E+01
             39                 14                 20         1.3850E+01
             40                  6                 11         1.1300E+01
             40                  7                 31         1.1450E+01
             40                  8                 36         1.1700E+01
             40                  9                 75         1.2050E+01
             40                 10                 59         1.2500E+01
             40                 11                 79         1.3050E+01
             40                 12                 17         1.3700E+01
             40                 13                 11         1.4450E+01
             41                  8                  5         1.3250E+01
             41                  9                  6         1.3600E+01
             41                 10                  1         1.4050E+01
             41                 12                  1         1.5250E+01
