  #Crystal Size      Water Content              Count               Bias
             25                 15                  1         6.2500E+00
             26                 15                  4         5.3000E+00
             27                 13                  1         3.6500E+00
             27                 14                  6         4.0000E+00
             27                 15                 10         4.4500E+00
             27                 16                 20         5.0000E+00
             27                 17                 14         5.6500E+00
             27                 18                  3         6.4000E+00
             27                 19                  3         7.2500E+00
             28                  9                  3         2.5000E+00
             28                 10                  4         2.4500E+00
             28                 11                  4         2.5000E+00
             28                 12                  2         2.6500E+00
             28                 13                  8         2.9000E+00
             28                 14                 27         3.2500E+00
             28                 15                 76         3.7000E+00
             28                 16                119         4.2500E+00
             28                 17                104         4.9000E+00
             28                 18                 40         5.6500E+00
             28                 19                 28         6.5000E+00
             28                 20                  4         7.4500E+00
             29                  9                 12         1.8500E+00
             29                 10                 20         1.8000E+00
             29                 11                  4         1.8500E+00
             29                 12                 34         2.0000E+00
             29                 13                 71         2.2500E+00
             29                 14                156         2.6000E+00
             29                 15                323         3.0500E+00
             29                 16                419         3.6000E+00
             29                 17                341         4.2500E+00
             29                 18                194         5.0000E+00
             29                 19                 58         5.8500E+00
             29                 20                 11         6.8000E+00
             29                 21                  4         7.8500E+00
             29                 23                  2         1.0250E+01
             30                  8                  2         1.4500E+00
             30                  9                 13         1.3000E+00
             30                 10                 60         1.2500E+00
             30                 11                164         1.3000E+00
             30                 12                192         1.4500E+00
             30                 13                332         1.7000E+00
             30                 14                639         2.0500E+00
             30                 15               1058         2.5000E+00
             30                 16               1371         3.0500E+00
             30                 17               1220         3.7000E+00
             30                 18                728         4.4500E+00
             30                 19                272         5.3000E+00
             30                 20                 62         6.2500E+00
             30                 21                 20         7.3000E+00
             30                 22                  5         8.4500E+00
             30                 23                  5         9.7000E+00
             31                  8                 10         1.0000E+00
             31                  9                 84         8.5000E-01
             31                 10                307         8.0000E-01
             31                 11                597         8.5000E-01
             31                 12                908         1.0000E+00
             31                 13               1385         1.2500E+00
             31                 14               1885         1.6000E+00
             31                 15               2647         2.0500E+00
             31                 16               3122         2.6000E+00
             31                 17               3017         3.2500E+00
             31                 18               1936         4.0000E+00
             31                 19                869         4.8500E+00
             31                 20                279         5.8000E+00
             31                 21                 81         6.8500E+00
             31                 22                 18         8.0000E+00
             31                 23                  4         9.2500E+00
             32                  7                  8         9.0000E-01
             32                  8                 69         6.5000E-01
             32                  9                382         5.0000E-01
             32                 10               1081         4.5000E-01
             32                 11               2254         5.0000E-01
             32                 12               3391         6.5000E-01
             32                 13               4233         9.0000E-01
             32                 14               4844         1.2500E+00
             32                 15               6276         1.7000E+00
             32                 16               7035         2.2500E+00
             32                 17               6481         2.9000E+00
             32                 18               3996         3.6500E+00
             32                 19               1971         4.5000E+00
             32                 20                784         5.4500E+00
             32                 21                277         6.5000E+00
             32                 22                 38         7.6500E+00
             32                 23                  1         8.9000E+00
             32                 24                  2         1.0250E+01
             33                  5                  1         1.4500E+00
             33                  6                  4         1.0000E+00
             33                  7                 60         6.5000E-01
             33                  8                336         4.0000E-01
             33                  9               1430         2.5000E-01
             33                 10               3453         2.0000E-01
             33                 11               6606         2.5000E-01
             33                 12               9384         4.0000E-01
             33                 13              10784         6.5000E-01
             33                 14              11397         1.0000E+00
             33                 15              11987         1.4500E+00
             33                 16              12582         2.0000E+00
             33                 17              10720         2.6500E+00
             33                 18               6991         3.4000E+00
             33                 19               3383         4.2500E+00
             33                 20               1390         5.2000E+00
             33                 21                442         6.2500E+00
             33                 22                 78         7.4000E+00
             33                 23                 15         8.6500E+00
             33                 24                  6         1.0000E+01
             34                  5                  2         1.3000E+00
             34                  6                 28         8.5000E-01
             34                  7                178         5.0000E-01
             34                  8                851         2.5000E-01
             34                  9               3312         1.0000E-01
             34                 10               8551         5.0000E-02
             34                 11              14672         1.0000E-01
             34                 12              19578         2.5000E-01
             34                 13              20942         5.0000E-01
             34                 14              19865         8.5000E-01
             34                 15              18782         1.3000E+00
             34                 16              17978         1.8500E+00
             34                 17              14641         2.5000E+00
             34                 18               9165         3.2500E+00
             34                 19               4258         4.1000E+00
             34                 20               1794         5.0500E+00
             34                 21                600         6.1000E+00
             34                 22                114         7.2500E+00
             34                 23                 20         8.5000E+00
             34                 24                  5         9.8500E+00
             35                  4                  1         1.8000E+00
             35                  5                 13         1.2500E+00
             35                  6                 83         8.0000E-01
             35                  7                371         4.5000E-01
             35                  8               1603         2.0000E-01
             35                  9               5775         5.0000E-02
             35                 10              14260         0.0000E+00
             35                 11              24674         5.0000E-02
             35                 12              30739         2.0000E-01
             35                 13              30810         4.5000E-01
             35                 14              27047         8.0000E-01
             35                 15              23002         1.2500E+00
             35                 16              20224         1.8000E+00
             35                 17              14997         2.4500E+00
             35                 18               9057         3.2000E+00
             35                 19               3995         4.0500E+00
             35                 20               1408         5.0000E+00
             35                 21                501         6.0500E+00
             35                 22                 94         7.2000E+00
             35                 23                  7         8.4500E+00
             36                  4                  1         1.8500E+00
             36                  5                 34         1.3000E+00
             36                  6                 95         8.5000E-01
             36                  7                467         5.0000E-01
             36                  8               2155         2.5000E-01
             36                  9               7668         1.0000E-01
             36                 10              18013         5.0000E-02
             36                 11              29972         1.0000E-01
             36                 12              35816         2.5000E-01
             36                 13              33635         5.0000E-01
             36                 14              26933         8.5000E-01
             36                 15              21015         1.3000E+00
             36                 16              15858         1.8500E+00
             36                 17              10629         2.5000E+00
             36                 18               5867         3.2500E+00
             36                 19               2567         4.1000E+00
             36                 20                772         5.0500E+00
             36                 21                293         6.1000E+00
             36                 22                 57         7.2500E+00
             37                  4                  6         2.0000E+00
             37                  5                 28         1.4500E+00
             37                  6                 49         1.0000E+00
             37                  7                376         6.5000E-01
             37                  8               1983         4.0000E-01
             37                  9               6986         2.5000E-01
             37                 10              16196         2.0000E-01
             37                 11              25499         2.5000E-01
             37                 12              30300         4.0000E-01
             37                 13              26107         6.5000E-01
             37                 14              18857         1.0000E+00
             37                 15              12906         1.4500E+00
             37                 16               8420         2.0000E+00
             37                 17               4938         2.6500E+00
             37                 18               2542         3.4000E+00
             37                 19                986         4.2500E+00
             37                 20                233         5.2000E+00
             37                 21                 88         6.2500E+00
             37                 22                 14         7.4000E+00
             38                  5                  5         1.7000E+00
             38                  6                 15         1.2500E+00
             38                  7                225         9.0000E-01
             38                  8               1284         6.5000E-01
             38                  9               4135         5.0000E-01
             38                 10               9664         4.5000E-01
             38                 11              14477         5.0000E-01
             38                 12              16741         6.5000E-01
             38                 13              13472         9.0000E-01
             38                 14               9067         1.2500E+00
             38                 15               5410         1.7000E+00
             38                 16               3194         2.2500E+00
             38                 17               1690         2.9000E+00
             38                 18                633         3.6500E+00
             38                 19                189         4.5000E+00
             38                 20                 35         5.4500E+00
             38                 21                 12         6.5000E+00
             38                 22                  3         7.6500E+00
             39                  6                  3         1.6000E+00
             39                  7                 76         1.2500E+00
             39                  8                473         1.0000E+00
             39                  9               1348         8.5000E-01
             39                 10               3211         8.0000E-01
             39                 11               4757         8.5000E-01
             39                 12               5379         1.0000E+00
             39                 13               4187         1.2500E+00
             39                 14               2659         1.6000E+00
             39                 15               1366         2.0500E+00
             39                 16                550         2.6000E+00
             39                 17                268         3.2500E+00
             39                 18                104         4.0000E+00
             39                 19                 34         4.8500E+00
             40                  6                  5         2.0500E+00
             40                  7                 26         1.7000E+00
             40                  8                 78         1.4500E+00
             40                  9                257         1.3000E+00
             40                 10                534         1.2500E+00
             40                 11                690         1.3000E+00
             40                 12                710         1.4500E+00
             40                 13                596         1.7000E+00
             40                 14                282         2.0500E+00
             40                 15                135         2.5000E+00
             40                 16                 39         3.0500E+00
             40                 17                 17         3.7000E+00
             41                  9                  6         1.8500E+00
             41                 10                  4         1.8000E+00
             41                 11                  3         1.8500E+00
