  #Crystal Size      Water Content              Count               Bias
             31                  9                  1         1.3850E+01
             31                 10                  1         1.5300E+01
             31                 11                  1         1.6850E+01
             32                  6                  1         9.2500E+00
             32                  7                 16         1.0400E+01
             32                  8                 32         1.1650E+01
             32                  9                 28         1.3000E+01
             32                 10                 16         1.4450E+01
             32                 11                 22         1.6000E+01
             32                 12                  2         1.7650E+01
             32                 13                  2         1.9400E+01
             33                  4                  5         6.5000E+00
             33                  5                 16         7.4500E+00
             33                  6                 50         8.5000E+00
             33                  7                130         9.6500E+00
             33                  8                272         1.0900E+01
             33                  9                194         1.2250E+01
             33                 10                169         1.3700E+01
             33                 11                 95         1.5250E+01
             33                 12                 40         1.6900E+01
             33                 13                 13         1.8650E+01
             33                 14                  2         2.0500E+01
             34                  4                 20         5.8500E+00
             34                  5                122         6.8000E+00
             34                  6                399         7.8500E+00
             34                  7               1010         9.0000E+00
             34                  8               1628         1.0250E+01
             34                  9               1274         1.1600E+01
             34                 10                733         1.3050E+01
             34                 11                539         1.4600E+01
             34                 12                202         1.6250E+01
             34                 13                 23         1.8000E+01
             34                 14                  9         1.9850E+01
             34                 15                  1         2.1800E+01
             35                  3                  1         4.4500E+00
             35                  4                 52         5.3000E+00
             35                  5                410         6.2500E+00
             35                  6               2067         7.3000E+00
             35                  7               4751         8.4500E+00
             35                  8               6251         9.7000E+00
             35                  9               5112         1.1050E+01
             35                 10               3017         1.2500E+01
             35                 11               1415         1.4050E+01
             35                 12                436         1.5700E+01
             35                 13                 61         1.7450E+01
             35                 14                 26         1.9300E+01
             35                 15                 13         2.1250E+01
             36                  3                  9         4.0000E+00
             36                  4                214         4.8500E+00
             36                  5               1411         5.8000E+00
             36                  6               6255         6.8500E+00
             36                  7              14297         8.0000E+00
             36                  8              18059         9.2500E+00
             36                  9              13766         1.0600E+01
             36                 10               7177         1.2050E+01
             36                 11               2657         1.3600E+01
             36                 12                799         1.5250E+01
             36                 13                183         1.7000E+01
             36                 14                 50         1.8850E+01
             36                 15                 16         2.0800E+01
             37                  3                 32         3.6500E+00
             37                  4                589         4.5000E+00
             37                  5               4022         5.4500E+00
             37                  6              15076         6.5000E+00
             37                  7              31904         7.6500E+00
             37                  8              37827         8.9000E+00
             37                  9              26610         1.0250E+01
             37                 10              13333         1.1700E+01
             37                 11               4333         1.3250E+01
             37                 12               1150         1.4900E+01
             37                 13                252         1.6650E+01
             37                 14                 45         1.8500E+01
             37                 15                  9         2.0450E+01
             38                  2                  5         2.6500E+00
             38                  3                131         3.4000E+00
             38                  4               1577         4.2500E+00
             38                  5               8961         5.2000E+00
             38                  6              29183         6.2500E+00
             38                  7              55309         7.4000E+00
             38                  8              58351         8.6500E+00
             38                  9              39921         1.0000E+01
             38                 10              17740         1.1450E+01
             38                 11               5465         1.3000E+01
             38                 12               1184         1.4650E+01
             38                 13                232         1.6400E+01
             38                 14                 61         1.8250E+01
             38                 15                  5         2.0200E+01
             39                  2                  4         2.5000E+00
             39                  3                192         3.2500E+00
             39                  4               2488         4.1000E+00
             39                  5              13543         5.0500E+00
             39                  6              40504         6.1000E+00
             39                  7              67184         7.2500E+00
             39                  8              63112         8.5000E+00
             39                  9              39674         9.8500E+00
             39                 10              16721         1.1300E+01
             39                 11               4536         1.2850E+01
             39                 12                769         1.4500E+01
             39                 13                100         1.6250E+01
             39                 14                 39         1.8100E+01
             40                  2                 18         2.4500E+00
             40                  3                311         3.2000E+00
             40                  4               3026         4.0500E+00
             40                  5              13608         5.0000E+00
             40                  6              36463         6.0500E+00
             40                  7              54956         7.2000E+00
             40                  8              47229         8.4500E+00
             40                  9              25681         9.8000E+00
             40                 10              10170         1.1250E+01
             40                 11               2258         1.2800E+01
             40                 12                434         1.4450E+01
             40                 13                 59         1.6200E+01
             41                  2                  3         2.5000E+00
             41                  3                238         3.2500E+00
             41                  4               1905         4.1000E+00
             41                  5               8082         5.0500E+00
             41                  6              18725         6.1000E+00
             41                  7              26143         7.2500E+00
             41                  8              20594         8.5000E+00
             41                  9               9781         9.8500E+00
             41                 10               3455         1.1300E+01
             41                 11                830         1.2850E+01
             41                 12                133         1.4500E+01
             41                 13                 10         1.6250E+01
             42                  2                 12         2.6500E+00
             42                  3                100         3.4000E+00
             42                  4                675         4.2500E+00
             42                  5               2115         5.2000E+00
             42                  6               4003         6.2500E+00
             42                  7               5240         7.4000E+00
             42                  8               3743         8.6500E+00
             42                  9               1574         1.0000E+01
             42                 10                486         1.1450E+01
             42                 11                174         1.3000E+01
             42                 12                 20         1.4650E+01
