  #Crystal Size      Water Content              Count               Bias
             25                 19                  3         5.8000E+00
             26                 19                  1         4.8500E+00
             26                 20                  3         5.3000E+00
             27                 17                  2         3.4000E+00
             27                 18                  2         3.6500E+00
             27                 19                  6         4.0000E+00
             27                 20                  1         4.4500E+00
             27                 21                  6         5.0000E+00
             27                 22                  1         5.6500E+00
             28                 14                  2         2.5000E+00
             28                 15                  1         2.4500E+00
             28                 16                  9         2.5000E+00
             28                 17                  5         2.6500E+00
             28                 18                  5         2.9000E+00
             28                 19                 21         3.2500E+00
             28                 20                 34         3.7000E+00
             28                 21                 17         4.2500E+00
             28                 22                  3         4.9000E+00
             28                 23                  1         5.6500E+00
             29                 13                  4         2.0000E+00
             29                 14                  3         1.8500E+00
             29                 15                 11         1.8000E+00
             29                 16                 25         1.8500E+00
             29                 17                 36         2.0000E+00
             29                 18                 91         2.2500E+00
             29                 19                151         2.6000E+00
             29                 20                152         3.0500E+00
             29                 21                 97         3.6000E+00
             29                 22                 37         4.2500E+00
             29                 23                 20         5.0000E+00
             29                 24                  4         5.8500E+00
             30                 13                 12         1.4500E+00
             30                 14                 30         1.3000E+00
             30                 15                 95         1.2500E+00
             30                 16                178         1.3000E+00
             30                 17                403         1.4500E+00
             30                 18                607         1.7000E+00
             30                 19                786         2.0500E+00
             30                 20                716         2.5000E+00
             30                 21                560         3.0500E+00
             30                 22                231         3.7000E+00
             30                 23                108         4.4500E+00
             30                 24                 27         5.3000E+00
             30                 25                  4         6.2500E+00
             31                 12                 19         1.2500E+00
             31                 13                 49         1.0000E+00
             31                 14                195         8.5000E-01
             31                 15                373         8.0000E-01
             31                 16                860         8.5000E-01
             31                 17               1530         1.0000E+00
             31                 18               2242         1.2500E+00
             31                 19               2931         1.6000E+00
             31                 20               2793         2.0500E+00
             31                 21               1942         2.6000E+00
             31                 22               1026         3.2500E+00
             31                 23                510         4.0000E+00
             31                 24                156         4.8500E+00
             31                 25                 40         5.8000E+00
             31                 26                  6         6.8500E+00
             31                 27                  1         8.0000E+00
             32                 11                  5         1.2500E+00
             32                 12                 65         9.0000E-01
             32                 13                205         6.5000E-01
             32                 14                542         5.0000E-01
             32                 15               1379         4.5000E-01
             32                 16               2792         5.0000E-01
             32                 17               4814         6.5000E-01
             32                 18               6905         9.0000E-01
             32                 19               8800         1.2500E+00
             32                 20               8570         1.7000E+00
             32                 21               6105         2.2500E+00
             32                 22               3362         2.9000E+00
             32                 23               1473         3.6500E+00
             32                 24                580         4.5000E+00
             32                 25                153         5.4500E+00
             32                 26                 26         6.5000E+00
             32                 27                  6         7.6500E+00
             33                 11                 14         1.0000E+00
             33                 12                101         6.5000E-01
             33                 13                385         4.0000E-01
             33                 14               1291         2.5000E-01
             33                 15               3063         2.0000E-01
             33                 16               6129         2.5000E-01
             33                 17              11151         4.0000E-01
             33                 18              16218         6.5000E-01
             33                 19              20574         1.0000E+00
             33                 20              20181         1.4500E+00
             33                 21              14068         2.0000E+00
             33                 22               8637         2.6500E+00
             33                 23               3738         3.4000E+00
             33                 24               1415         4.2500E+00
             33                 25                375         5.2000E+00
             33                 26                 88         6.2500E+00
             33                 27                 22         7.4000E+00
             33                 28                  4         8.6500E+00
             34                 11                 43         8.5000E-01
             34                 12                191         5.0000E-01
             34                 13                702         2.5000E-01
             34                 14               2247         1.0000E-01
             34                 15               5380         5.0000E-02
             34                 16              10496         1.0000E-01
             34                 17              18982         2.5000E-01
             34                 18              27979         5.0000E-01
             34                 19              34759         8.5000E-01
             34                 20              32690         1.3000E+00
             34                 21              24244         1.8500E+00
             34                 22              14388         2.5000E+00
             34                 23               6180         3.2500E+00
             34                 24               2234         4.1000E+00
             34                 25                570         5.0500E+00
             34                 26                235         6.1000E+00
             34                 27                 21         7.2500E+00
             34                 28                  2         8.5000E+00
             35                 10                  3         1.2500E+00
             35                 11                 87         8.0000E-01
             35                 12                201         4.5000E-01
             35                 13               1084         2.0000E-01
             35                 14               3135         5.0000E-02
             35                 15               7301         0.0000E+00
             35                 16              14602         5.0000E-02
             35                 17              25317         2.0000E-01
             35                 18              36445         4.5000E-01
             35                 19              43463         8.0000E-01
             35                 20              39062         1.2500E+00
             35                 21              27848         1.8000E+00
             35                 22              17096         2.4500E+00
             35                 23               7331         3.2000E+00
             35                 24               2625         4.0500E+00
             35                 25                822         5.0000E+00
             35                 26                159         6.0500E+00
             35                 27                 25         7.2000E+00
             35                 28                  1         8.4500E+00
             36                 11                 19         8.5000E-01
             36                 12                176         5.0000E-01
             36                 13               1026         2.5000E-01
             36                 14               2864         1.0000E-01
             36                 15               6722         5.0000E-02
             36                 16              13573         1.0000E-01
             36                 17              23849         2.5000E-01
             36                 18              34654         5.0000E-01
             36                 19              40177         8.5000E-01
             36                 20              34506         1.3000E+00
             36                 21              24766         1.8500E+00
             36                 22              14634         2.5000E+00
             36                 23               6032         3.2500E+00
             36                 24               2219         4.1000E+00
             36                 25                598         5.0500E+00
             36                 26                176         6.1000E+00
             36                 27                 13         7.2500E+00
             37                 11                  6         1.0000E+00
             37                 12                110         6.5000E-01
             37                 13                553         4.0000E-01
             37                 14               1729         2.5000E-01
             37                 15               4323         2.0000E-01
             37                 16               8942         2.5000E-01
             37                 17              16104         4.0000E-01
             37                 18              23155         6.5000E-01
             37                 19              26505         1.0000E+00
             37                 20              23810         1.4500E+00
             37                 21              16095         2.0000E+00
             37                 22               8657         2.6500E+00
             37                 23               3877         3.4000E+00
             37                 24               1115         4.2500E+00
             37                 25                244         5.2000E+00
             37                 26                 40         6.2500E+00
             37                 27                  7         7.4000E+00
             38                 11                  5         1.2500E+00
             38                 12                 44         9.0000E-01
             38                 13                126         6.5000E-01
             38                 14                516         5.0000E-01
             38                 15               1397         4.5000E-01
             38                 16               3687         5.0000E-01
             38                 17               6781         6.5000E-01
             38                 18              10145         9.0000E-01
             38                 19              11863         1.2500E+00
             38                 20              10980         1.7000E+00
             38                 21               7206         2.2500E+00
             38                 22               3792         2.9000E+00
             38                 23               1483         3.6500E+00
             38                 24                499         4.5000E+00
             38                 25                 78         5.4500E+00
             38                 26                 12         6.5000E+00
             38                 27                  1         7.6500E+00
             39                 12                  3         1.2500E+00
             39                 13                 20         1.0000E+00
             39                 14                 74         8.5000E-01
             39                 15                242         8.0000E-01
             39                 16                819         8.5000E-01
             39                 17               1750         1.0000E+00
             39                 18               2810         1.2500E+00
             39                 19               3797         1.6000E+00
             39                 20               3566         2.0500E+00
             39                 21               2176         2.6000E+00
             39                 22               1088         3.2500E+00
             39                 23                355         4.0000E+00
             39                 24                128         4.8500E+00
             39                 25                 12         5.8000E+00
             39                 26                  1         6.8500E+00
             40                 11                  1         2.0500E+00
             40                 12                  8         1.7000E+00
             40                 13                 13         1.4500E+00
             40                 14                 24         1.3000E+00
             40                 15                 42         1.2500E+00
             40                 16                 93         1.3000E+00
             40                 17                372         1.4500E+00
             40                 18                581         1.7000E+00
             40                 19                689         2.0500E+00
             40                 20                551         2.5000E+00
             40                 21                311         3.0500E+00
             40                 22                154         3.7000E+00
             40                 23                 44         4.4500E+00
             40                 24                 14         5.3000E+00
             40                 25                  1         6.2500E+00
