  #Crystal Size      Water Content              Count               Bias
             38                 22                  3         6.5000E-01
             39                 19                  2         8.5000E-01
             39                 20                 15         8.0000E-01
             39                 21                 17         8.5000E-01
             39                 22                 24         1.0000E+00
             39                 23                 16         1.2500E+00
             39                 27                  1         3.2500E+00
             40                 18                  3         1.4500E+00
             40                 19                 12         1.3000E+00
             40                 20                 42         1.2500E+00
             40                 21                 45         1.3000E+00
             40                 22                 40         1.4500E+00
             40                 23                 59         1.7000E+00
             40                 24                 38         2.0500E+00
             40                 25                 37         2.5000E+00
             40                 26                 22         3.0500E+00
             40                 27                  5         3.7000E+00
             40                 28                  2         4.4500E+00
             40                 29                  1         5.3000E+00
             41                 17                  1         2.2500E+00
             41                 18                 28         2.0000E+00
             41                 19                 85         1.8500E+00
             41                 20                199         1.8000E+00
             41                 21                197         1.8500E+00
             41                 22                269         2.0000E+00
             41                 23                212         2.2500E+00
             41                 24                192         2.6000E+00
             41                 25                167         3.0500E+00
             41                 26                 86         3.6000E+00
             41                 27                 81         4.2500E+00
             41                 28                 76         5.0000E+00
             41                 29                 10         5.8500E+00
             42                 17                 28         2.9000E+00
             42                 18                101         2.6500E+00
             42                 19                381         2.5000E+00
             42                 20                798         2.4500E+00
             42                 21               1157         2.5000E+00
             42                 22               1299         2.6500E+00
             42                 23               1479         2.9000E+00
             42                 24               1400         3.2500E+00
             42                 25                938         3.7000E+00
             42                 26                750         4.2500E+00
             42                 27                484         4.9000E+00
             42                 28                272         5.6500E+00
             42                 29                 62         6.5000E+00
             42                 30                 20         7.4500E+00
             43                 16                 11         4.0000E+00
             43                 17                148         3.6500E+00
             43                 18                420         3.4000E+00
             43                 19               1214         3.2500E+00
             43                 20               2491         3.2000E+00
             43                 21               3504         3.2500E+00
             43                 22               4240         3.4000E+00
             43                 23               4593         3.6500E+00
             43                 24               4394         4.0000E+00
             43                 25               4061         4.4500E+00
             43                 26               3331         5.0000E+00
             43                 27               2347         5.6500E+00
             43                 28               1090         6.4000E+00
             43                 29                340         7.2500E+00
             43                 30                152         8.2000E+00
             43                 31                 44         9.2500E+00
             43                 32                  2         1.0400E+01
             44                 16                 33         4.8500E+00
             44                 17                256         4.5000E+00
             44                 18                870         4.2500E+00
             44                 19               2413         4.1000E+00
             44                 20               4780         4.0500E+00
             44                 21               7689         4.1000E+00
             44                 22               9576         4.2500E+00
             44                 23              11373         4.5000E+00
             44                 24              12135         4.8500E+00
             44                 25              11284         5.3000E+00
             44                 26               9335         5.8500E+00
             44                 27               6844         6.5000E+00
             44                 28               3020         7.2500E+00
             44                 29               1194         8.1000E+00
             44                 30                414         9.0500E+00
             44                 31                154         1.0100E+01
             44                 32                 21         1.1250E+01
             45                 16                 49         5.8000E+00
             45                 17                311         5.4500E+00
             45                 18               1345         5.2000E+00
             45                 19               3440         5.0500E+00
             45                 20               7764         5.0000E+00
             45                 21              10845         5.0500E+00
             45                 22              15145         5.2000E+00
             45                 23              19223         5.4500E+00
             45                 24              22254         5.8000E+00
             45                 25              22682         6.2500E+00
             45                 26              19577         6.8000E+00
             45                 27              13535         7.4500E+00
             45                 28               6563         8.2000E+00
             45                 29               2767         9.0500E+00
             45                 30                985         1.0000E+01
             45                 31                269         1.1050E+01
             45                 32                 41         1.2200E+01
             45                 33                  1         1.3450E+01
             46                 15                 15         7.3000E+00
             46                 16                 75         6.8500E+00
             46                 17                231         6.5000E+00
             46                 18               1251         6.2500E+00
             46                 19               3525         6.1000E+00
             46                 20               7937         6.0500E+00
             46                 21              12861         6.1000E+00
             46                 22              18436         6.2500E+00
             46                 23              25938         6.5000E+00
             46                 24              32830         6.8500E+00
             46                 25              33101         7.3000E+00
             46                 26              28194         7.8500E+00
             46                 27              18582         8.5000E+00
             46                 28               9641         9.2500E+00
             46                 29               3834         1.0100E+01
             46                 30               1384         1.1050E+01
             46                 31                323         1.2100E+01
             46                 32                 52         1.3250E+01
             46                 33                  2         1.4500E+01
             47                 16                 37         8.0000E+00
             47                 17                163         7.6500E+00
             47                 18                766         7.4000E+00
             47                 19               2608         7.2500E+00
             47                 20               6435         7.2000E+00
             47                 21              11218         7.2500E+00
             47                 22              17803         7.4000E+00
             47                 23              28020         7.6500E+00
             47                 24              35510         8.0000E+00
             47                 25              36926         8.4500E+00
             47                 26              30610         9.0000E+00
             47                 27              20811         9.6500E+00
             47                 28              11091         1.0400E+01
             47                 29               3827         1.1250E+01
             47                 30               1291         1.2200E+01
             47                 31                347         1.3250E+01
             47                 32                 64         1.4400E+01
             48                 16                  9         9.2500E+00
             48                 17                110         8.9000E+00
             48                 18                381         8.6500E+00
             48                 19               1641         8.5000E+00
             48                 20               4066         8.4500E+00
             48                 21               8385         8.5000E+00
             48                 22              14222         8.6500E+00
             48                 23              22460         8.9000E+00
             48                 24              28975         9.2500E+00
             48                 25              29812         9.7000E+00
             48                 26              25156         1.0250E+01
             48                 27              17454         1.0900E+01
             48                 28               8874         1.1650E+01
             48                 29               3197         1.2500E+01
             48                 30                950         1.3450E+01
             48                 31                267         1.4500E+01
             48                 32                 40         1.5650E+01
             49                 17                  8         1.0250E+01
             49                 18                117         1.0000E+01
             49                 19                675         9.8500E+00
             49                 20               2141         9.8000E+00
             49                 21               4576         9.8500E+00
             49                 22               8683         1.0000E+01
             49                 23              13738         1.0250E+01
             49                 24              17670         1.0600E+01
             49                 25              18650         1.1050E+01
             49                 26              15173         1.1600E+01
             49                 27              10645         1.2250E+01
             49                 28               5006         1.3000E+01
             49                 29               1797         1.3850E+01
             49                 30                430         1.4800E+01
             49                 31                122         1.5850E+01
             49                 32                  8         1.7000E+01
             50                 17                  2         1.1700E+01
             50                 18                 27         1.1450E+01
             50                 19                232         1.1300E+01
             50                 20                863         1.1250E+01
             50                 21               1959         1.1300E+01
             50                 22               3681         1.1450E+01
             50                 23               5986         1.1700E+01
             50                 24               7757         1.2050E+01
             50                 25               8120         1.2500E+01
             50                 26               6572         1.3050E+01
             50                 27               4456         1.3700E+01
             50                 28               2031         1.4450E+01
             50                 29                602         1.5300E+01
             50                 30                203         1.6250E+01
             50                 31                 53         1.7300E+01
             50                 32                  3         1.8450E+01
             51                 18                 24         1.3000E+01
             51                 19                 75         1.2850E+01
             51                 20                228         1.2800E+01
             51                 21                399         1.2850E+01
             51                 22                962         1.3000E+01
             51                 23               1754         1.3250E+01
             51                 24               2326         1.3600E+01
             51                 25               2379         1.4050E+01
             51                 26               1741         1.4600E+01
             51                 27               1277         1.5250E+01
             51                 28                614         1.6000E+01
             51                 29                203         1.6850E+01
             51                 30                 36         1.7800E+01
             51                 31                 12         1.8850E+01
             52                 18                  1         1.4650E+01
             52                 19                 27         1.4500E+01
             52                 20                 19         1.4450E+01
             52                 21                 59         1.4500E+01
             52                 22                204         1.4650E+01
             52                 23                353         1.4900E+01
             52                 24                460         1.5250E+01
             52                 25                453         1.5700E+01
             52                 26                372         1.6250E+01
             52                 27                185         1.6900E+01
             52                 28                106         1.7650E+01
             52                 29                 33         1.8500E+01
             52                 30                  6         1.9450E+01
             53                 21                  6         1.6250E+01
             53                 22                  8         1.6400E+01
             53                 23                 50         1.6650E+01
             53                 24                 60         1.7000E+01
             53                 25                 36         1.7450E+01
             53                 26                 24         1.8000E+01
             53                 27                 23         1.8650E+01
             53                 28                  6         1.9400E+01
             53                 29                  5         2.0250E+01
             54                 23                  7         1.8500E+01
             54                 24                 14         1.8850E+01
             54                 25                  2         1.9300E+01
             54                 26                  2         1.9850E+01
