  #Crystal Size      Water Content              Count               Bias
             44                 15                  3         8.0000E-01
             44                 16                  7         8.5000E-01
             44                 17                  1         1.0000E+00
             45                 14                  8         1.3000E+00
             45                 15                 27         1.2500E+00
             45                 16                 40         1.3000E+00
             45                 17                 55         1.4500E+00
             45                 18                 26         1.7000E+00
             45                 19                  9         2.0500E+00
             45                 20                  2         2.5000E+00
             46                 11                 10         2.6000E+00
             46                 12                 22         2.2500E+00
             46                 13                 70         2.0000E+00
             46                 14                161         1.8500E+00
             46                 15                248         1.8000E+00
             46                 16                308         1.8500E+00
             46                 17                256         2.0000E+00
             46                 18                246         2.2500E+00
             46                 19                114         2.6000E+00
             46                 20                 20         3.0500E+00
             46                 21                 19         3.6000E+00
             47                  7                  1         5.6500E+00
             47                  8                  3         4.9000E+00
             47                 10                 12         3.7000E+00
             47                 11                 71         3.2500E+00
             47                 12                163         2.9000E+00
             47                 13                321         2.6500E+00
             47                 14                684         2.5000E+00
             47                 15               1109         2.4500E+00
             47                 16               1333         2.5000E+00
             47                 17               1277         2.6500E+00
             47                 18               1004         2.9000E+00
             47                 19                586         3.2500E+00
             47                 20                288         3.7000E+00
             47                 21                 73         4.2500E+00
             47                 22                 41         4.9000E+00
             48                  8                  8         5.6500E+00
             48                  9                  9         5.0000E+00
             48                 10                 32         4.4500E+00
             48                 11                149         4.0000E+00
             48                 12                657         3.6500E+00
             48                 13               1389         3.4000E+00
             48                 14               2322         3.2500E+00
             48                 15               3778         3.2000E+00
             48                 16               4579         3.2500E+00
             48                 17               4501         3.4000E+00
             48                 18               3314         3.6500E+00
             48                 19               1980         4.0000E+00
             48                 20               1132         4.4500E+00
             48                 21                539         5.0000E+00
             48                 22                163         5.6500E+00
             48                 23                 62         6.4000E+00
             48                 24                 12         7.2500E+00
             49                  7                  5         7.2500E+00
             49                  8                 46         6.5000E+00
             49                  9                 63         5.8500E+00
             49                 10                127         5.3000E+00
             49                 11                490         4.8500E+00
             49                 12               1530         4.5000E+00
             49                 13               3658         4.2500E+00
             49                 14               6621         4.1000E+00
             49                 15              10355         4.0500E+00
             49                 16              12322         4.1000E+00
             49                 17              11811         4.2500E+00
             49                 18               9054         4.5000E+00
             49                 19               5335         4.8500E+00
             49                 20               2998         5.3000E+00
             49                 21               1164         5.8500E+00
             49                 22                411         6.5000E+00
             49                 23                148         7.2500E+00
             49                 24                 19         8.1000E+00
             49                 25                  4         9.0500E+00
             50                  7                  2         8.2000E+00
             50                  8                 22         7.4500E+00
             50                  9                 88         6.8000E+00
             50                 10                213         6.2500E+00
             50                 11                847         5.8000E+00
             50                 12               3196         5.4500E+00
             50                 13               7750         5.2000E+00
             50                 14              13644         5.0500E+00
             50                 15              21232         5.0000E+00
             50                 16              25783         5.0500E+00
             50                 17              22899         5.2000E+00
             50                 18              17139         5.4500E+00
             50                 19              10417         5.8000E+00
             50                 20               5273         6.2500E+00
             50                 21               2327         6.8000E+00
             50                 22                868         7.4500E+00
             50                 23                267         8.2000E+00
             50                 24                 43         9.0500E+00
             50                 25                  3         1.0000E+01
             51                  7                  3         9.2500E+00
             51                  8                  9         8.5000E+00
             51                  9                126         7.8500E+00
             51                 10                575         7.3000E+00
             51                 11               1997         6.8500E+00
             51                 12               5470         6.5000E+00
             51                 13              13072         6.2500E+00
             51                 14              22467         6.1000E+00
             51                 15              31326         6.0500E+00
             51                 16              35596         6.1000E+00
             51                 17              31282         6.2500E+00
             51                 18              22936         6.5000E+00
             51                 19              13765         6.8500E+00
             51                 20               6736         7.3000E+00
             51                 21               3054         7.8500E+00
             51                 22               1170         8.5000E+00
             51                 23                188         9.2500E+00
             51                 24                 33         1.0100E+01
             51                 25                  3         1.1050E+01
             52                  7                 14         1.0400E+01
             52                  8                 19         9.6500E+00
             52                  9                175         9.0000E+00
             52                 10                923         8.4500E+00
             52                 11               3251         8.0000E+00
             52                 12               8594         7.6500E+00
             52                 13              17864         7.4000E+00
             52                 14              28045         7.2500E+00
             52                 15              36344         7.2000E+00
             52                 16              37685         7.2500E+00
             52                 17              31840         7.4000E+00
             52                 18              22318         7.6500E+00
             52                 19              13718         8.0000E+00
             52                 20               6442         8.4500E+00
             52                 21               2524         9.0000E+00
             52                 22                889         9.6500E+00
             52                 23                149         1.0400E+01
             52                 24                 20         1.1250E+01
             52                 25                  1         1.2200E+01
             53                  8                 19         1.0900E+01
             53                  9                149         1.0250E+01
             53                 10                913         9.7000E+00
             53                 11               3639         9.2500E+00
             53                 12               9517         8.9000E+00
             53                 13              17642         8.6500E+00
             53                 14              26190         8.5000E+00
             53                 15              31109         8.4500E+00
             53                 16              29606         8.5000E+00
             53                 17              23605         8.6500E+00
             53                 18              16674         8.9000E+00
             53                 19               9737         9.2500E+00
             53                 20               4612         9.7000E+00
             53                 21               1770         1.0250E+01
             53                 22                454         1.0900E+01
             53                 23                 68         1.1650E+01
             53                 24                 11         1.2500E+01
             54                  7                  9         1.3000E+01
             54                  8                 43         1.2250E+01
             54                  9                164         1.1600E+01
             54                 10                881         1.1050E+01
             54                 11               2712         1.0600E+01
             54                 12               6826         1.0250E+01
             54                 13              12938         1.0000E+01
             54                 14              18691         9.8500E+00
             54                 15              21040         9.8000E+00
             54                 16              19390         9.8500E+00
             54                 17              14289         1.0000E+01
             54                 18               9174         1.0250E+01
             54                 19               5081         1.0600E+01
             54                 20               2081         1.1050E+01
             54                 21                805         1.1600E+01
             54                 22                304         1.2250E+01
             54                 23                 29         1.3000E+01
             54                 24                  3         1.3850E+01
             55                  8                 17         1.3700E+01
             55                  9                 90         1.3050E+01
             55                 10                509         1.2500E+01
             55                 11               1586         1.2050E+01
             55                 12               3670         1.1700E+01
             55                 13               6971         1.1450E+01
             55                 14              10102         1.1300E+01
             55                 15              10150         1.1250E+01
             55                 16               8549         1.1300E+01
             55                 17               6551         1.1450E+01
             55                 18               3658         1.1700E+01
             55                 19               1786         1.2050E+01
             55                 20                862         1.2500E+01
             55                 21                326         1.3050E+01
             55                 22                119         1.3700E+01
             55                 23                 24         1.4450E+01
             56                  8                  1         1.5250E+01
             56                  9                 13         1.4600E+01
             56                 10                146         1.4050E+01
             56                 11                506         1.3600E+01
             56                 12               1411         1.3250E+01
             56                 13               2528         1.3000E+01
             56                 14               3598         1.2850E+01
             56                 15               3656         1.2800E+01
             56                 16               2809         1.2850E+01
             56                 17               1786         1.3000E+01
             56                 18                899         1.3250E+01
             56                 19                413         1.3600E+01
             56                 20                149         1.4050E+01
             56                 21                 59         1.4600E+01
             56                 22                 22         1.5250E+01
             56                 23                  1         1.6000E+01
             57                  9                  1         1.6250E+01
             57                 10                 25         1.5700E+01
             57                 11                 86         1.5250E+01
             57                 12                322         1.4900E+01
             57                 13                622         1.4650E+01
             57                 14                874         1.4500E+01
             57                 15                778         1.4450E+01
             57                 16                657         1.4500E+01
             57                 17                496         1.4650E+01
             57                 18                196         1.4900E+01
             57                 19                 64         1.5250E+01
             57                 20                 34         1.5700E+01
             57                 21                 18         1.6250E+01
             57                 22                  1         1.6900E+01
             58                  9                  5         1.8000E+01
             58                 10                 14         1.7450E+01
             58                 11                 27         1.7000E+01
             58                 12                 75         1.6650E+01
             58                 13                 90         1.6400E+01
             58                 14                127         1.6250E+01
             58                 15                116         1.6200E+01
             58                 16                 76         1.6250E+01
             58                 17                 48         1.6400E+01
             58                 18                 26         1.6650E+01
             58                 19                  9         1.7000E+01
             58                 20                  1         1.7450E+01
             59                 11                 10         1.8850E+01
             59                 12                  8         1.8500E+01
             59                 13                  1         1.8250E+01
             59                 14                  2         1.8100E+01
             59                 15                  1         1.8050E+01
             59                 16                  2         1.8100E+01
             59                 17                  2         1.8250E+01
             59                 19                  2         1.8850E+01
             59                 20                  1         1.9300E+01
