  #Crystal Size      Water Content              Count               Bias
             47                  9                  1         1.0250E+01
             48                  8                  4         8.6500E+00
             48                  9                 18         1.0000E+01
             48                 10                  8         1.1450E+01
             48                 11                  7         1.3000E+01
             48                 14                  1         1.8250E+01
             49                  6                  2         6.1000E+00
             49                  7                 10         7.2500E+00
             49                  8                 53         8.5000E+00
             49                  9                 54         9.8500E+00
             49                 10                 83         1.1300E+01
             49                 11                 44         1.2850E+01
             49                 12                 29         1.4500E+01
             49                 13                 29         1.6250E+01
             49                 14                 10         1.8100E+01
             49                 15                  1         2.0050E+01
             50                  5                  2         5.0000E+00
             50                  6                 43         6.0500E+00
             50                  7                152         7.2000E+00
             50                  8                428         8.4500E+00
             50                  9                427         9.8000E+00
             50                 10                340         1.1250E+01
             50                 11                247         1.2800E+01
             50                 12                102         1.4450E+01
             50                 13                 73         1.6200E+01
             50                 14                 30         1.8050E+01
             51                  4                  8         4.1000E+00
             51                  5                 52         5.0500E+00
             51                  6                495         6.1000E+00
             51                  7               1138         7.2500E+00
             51                  8               1908         8.5000E+00
             51                  9               2321         9.8500E+00
             51                 10               1605         1.1300E+01
             51                 11                860         1.2850E+01
             51                 12                299         1.4500E+01
             51                 13                155         1.6250E+01
             51                 14                 45         1.8100E+01
             51                 15                  7         2.0050E+01
             52                  3                  3         3.4000E+00
             52                  4                 66         4.2500E+00
             52                  5                410         5.2000E+00
             52                  6               2023         6.2500E+00
             52                  7               4863         7.4000E+00
             52                  8               6984         8.6500E+00
             52                  9               7119         1.0000E+01
             52                 10               4562         1.1450E+01
             52                 11               2271         1.3000E+01
             52                 12                955         1.4650E+01
             52                 13                350         1.6400E+01
             52                 14                 97         1.8250E+01
             52                 15                  8         2.0200E+01
             52                 16                  1         2.2250E+01
             53                  2                 12         2.9000E+00
             53                  3                 49         3.6500E+00
             53                  4                479         4.5000E+00
             53                  5               1845         5.4500E+00
             53                  6               6485         6.5000E+00
             53                  7              14181         7.6500E+00
             53                  8              18917         8.9000E+00
             53                  9              16106         1.0250E+01
             53                 10               9599         1.1700E+01
             53                 11               4350         1.3250E+01
             53                 12               1609         1.4900E+01
             53                 13                653         1.6650E+01
             53                 14                139         1.8500E+01
             53                 15                 20         2.0450E+01
             53                 16                 11         2.2500E+01
             53                 17                  3         2.4650E+01
             54                  2                 29         3.2500E+00
             54                  3                181         4.0000E+00
             54                  4               1651         4.8500E+00
             54                  5               5961         5.8000E+00
             54                  6              18077         6.8500E+00
             54                  7              32256         8.0000E+00
             54                  8              36872         9.2500E+00
             54                  9              28914         1.0600E+01
             54                 10              15407         1.2050E+01
             54                 11               6578         1.3600E+01
             54                 12               2241         1.5250E+01
             54                 13                802         1.7000E+01
             54                 14                201         1.8850E+01
             54                 15                 30         2.0800E+01
             54                 16                 28         2.2850E+01
             54                 17                  3         2.5000E+01
             55                  2                 26         3.7000E+00
             55                  3                557         4.4500E+00
             55                  4               3752         5.3000E+00
             55                  5              13224         6.2500E+00
             55                  6              33762         7.3000E+00
             55                  7              52955         8.4500E+00
             55                  8              53217         9.7000E+00
             55                  9              37112         1.1050E+01
             55                 10              17811         1.2500E+01
             55                 11               6728         1.4050E+01
             55                 12               2152         1.5700E+01
             55                 13                647         1.7450E+01
             55                 14                159         1.9300E+01
             55                 15                 43         2.1250E+01
             55                 16                 20         2.3300E+01
             55                 17                  9         2.5450E+01
             56                  2                 64         4.2500E+00
             56                  3               1044         5.0000E+00
             56                  4               5773         5.8500E+00
             56                  5              20042         6.8000E+00
             56                  6              42410         7.8500E+00
             56                  7              57318         9.0000E+00
             56                  8              53331         1.0250E+01
             56                  9              33156         1.1600E+01
             56                 10              14838         1.3050E+01
             56                 11               5479         1.4600E+01
             56                 12               1402         1.6250E+01
             56                 13                278         1.8000E+01
             56                 14                 94         1.9850E+01
             56                 15                 54         2.1800E+01
             56                 16                 10         2.3850E+01
             56                 17                  2         2.6000E+01
             57                  1                  9         4.2500E+00
             57                  2                108         4.9000E+00
             57                  3               1098         5.6500E+00
             57                  4               5605         6.5000E+00
             57                  5              17930         7.4500E+00
             57                  6              35758         8.5000E+00
             57                  7              43880         9.6500E+00
             57                  8              36211         1.0900E+01
             57                  9              20691         1.2250E+01
             57                 10               8761         1.3700E+01
             57                 11               2945         1.5250E+01
             57                 12                738         1.6900E+01
             57                 13                132         1.8650E+01
             57                 14                 46         2.0500E+01
             57                 15                  2         2.2450E+01
             57                 16                  1         2.4500E+01
             58                  2                 81         5.6500E+00
             58                  3                772         6.4000E+00
             58                  4               3503         7.2500E+00
             58                  5              10868         8.2000E+00
             58                  6              18605         9.2500E+00
             58                  7              19809         1.0400E+01
             58                  8              14604         1.1650E+01
             58                  9               7371         1.3000E+01
             58                 10               3143         1.4450E+01
             58                 11                764         1.6000E+01
             58                 12                166         1.7650E+01
             58                 13                 25         1.9400E+01
             59                  2                 15         6.5000E+00
             59                  3                318         7.2500E+00
             59                  4               1309         8.1000E+00
             59                  5               3703         9.0500E+00
             59                  6               5790         1.0100E+01
             59                  7               5414         1.1250E+01
             59                  8               3411         1.2500E+01
             59                  9               1490         1.3850E+01
             59                 10                495         1.5300E+01
             59                 11                100         1.6850E+01
             59                 12                 16         1.8500E+01
             59                 13                  6         2.0250E+01
             60                  3                 33         8.2000E+00
             60                  4                142         9.0500E+00
             60                  5                580         1.0000E+01
             60                  6                694         1.1050E+01
             60                  7                516         1.2200E+01
             60                  8                264         1.3450E+01
             60                  9                105         1.4800E+01
             60                 10                  5         1.6250E+01
             60                 11                  5         1.7800E+01
             60                 12                  2         1.9450E+01
