  #Crystal Size      Water Content              Count               Bias
             46                 10                 10         1.8000E+00
             46                 14                  3         2.6000E+00
             47                  9                  3         2.5000E+00
             47                 10                 26         2.4500E+00
             47                 11                 42         2.5000E+00
             47                 12                 32         2.6500E+00
             47                 13                 37         2.9000E+00
             47                 14                 69         3.2500E+00
             47                 15                 71         3.7000E+00
             47                 16                 34         4.2500E+00
             48                  8                 24         3.4000E+00
             48                  9                 58         3.2500E+00
             48                 10                178         3.2000E+00
             48                 11                234         3.2500E+00
             48                 12                302         3.4000E+00
             48                 13                390         3.6500E+00
             48                 14                409         4.0000E+00
             48                 15                282         4.4500E+00
             48                 16                142         5.0000E+00
             48                 17                 55         5.6500E+00
             48                 18                 34         6.4000E+00
             48                 19                  6         7.2500E+00
             48                 20                  3         8.2000E+00
             49                  8                  4         4.2500E+00
             49                  9                 73         4.1000E+00
             49                 10                253         4.0500E+00
             49                 11                821         4.1000E+00
             49                 12               1167         4.2500E+00
             49                 13               1451         4.5000E+00
             49                 14               1378         4.8500E+00
             49                 15                966         5.3000E+00
             49                 16                469         5.8500E+00
             49                 17                225         6.5000E+00
             49                 18                 58         7.2500E+00
             49                 19                  9         8.1000E+00
             50                  7                  5         5.4500E+00
             50                  8                 77         5.2000E+00
             50                  9                331         5.0500E+00
             50                 10               1136         5.0000E+00
             50                 11               2536         5.0500E+00
             50                 12               4242         5.2000E+00
             50                 13               4991         5.4500E+00
             50                 14               4475         5.8000E+00
             50                 15               3220         6.2500E+00
             50                 16               1605         6.8000E+00
             50                 17                711         7.4500E+00
             50                 18                237         8.2000E+00
             50                 19                 35         9.0500E+00
             50                 20                  7         1.0000E+01
             50                 21                  8         1.1050E+01
             50                 22                  2         1.2200E+01
             51                  6                  3         6.8500E+00
             51                  7                 63         6.5000E+00
             51                  8                355         6.2500E+00
             51                  9               1332         6.1000E+00
             51                 10               4125         6.0500E+00
             51                 11               8630         6.1000E+00
             51                 12              13027         6.2500E+00
             51                 13              16464         6.5000E+00
             51                 14              14314         6.8500E+00
             51                 15               9644         7.3000E+00
             51                 16               6017         7.8500E+00
             51                 17               2677         8.5000E+00
             51                 18               1059         9.2500E+00
             51                 19                294         1.0100E+01
             51                 20                 61         1.1050E+01
             51                 21                 11         1.2100E+01
             51                 22                  1         1.3250E+01
             52                  5                  3         8.4500E+00
             52                  6                 35         8.0000E+00
             52                  7                294         7.6500E+00
             52                  8               1263         7.4000E+00
             52                  9               3914         7.2500E+00
             52                 10              10135         7.2000E+00
             52                 11              19924         7.2500E+00
             52                 12              30098         7.4000E+00
             52                 13              35082         7.6500E+00
             52                 14              30705         8.0000E+00
             52                 15              20216         8.4500E+00
             52                 16              11618         9.0000E+00
             52                 17               5630         9.6500E+00
             52                 18               2096         1.0400E+01
             52                 19                584         1.1250E+01
             52                 20                 74         1.2200E+01
             52                 21                  4         1.3250E+01
             53                  6                 91         9.2500E+00
             53                  7                392         8.9000E+00
             53                  8               1697         8.6500E+00
             53                  9               5965         8.5000E+00
             53                 10              15615         8.4500E+00
             53                 11              30530         8.5000E+00
             53                 12              44324         8.6500E+00
             53                 13              49446         8.9000E+00
             53                 14              43216         9.2500E+00
             53                 15              28429         9.7000E+00
             53                 16              15818         1.0250E+01
             53                 17               7525         1.0900E+01
             53                 18               2714         1.1650E+01
             53                 19               1013         1.2500E+01
             53                 20                164         1.3450E+01
             53                 21                 21         1.4500E+01
             54                  5                  8         1.1050E+01
             54                  6                 71         1.0600E+01
             54                  7                380         1.0250E+01
             54                  8               1737         1.0000E+01
             54                  9               6185         9.8500E+00
             54                 10              16349         9.8000E+00
             54                 11              30307         9.8500E+00
             54                 12              43508         1.0000E+01
             54                 13              47716         1.0250E+01
             54                 14              40449         1.0600E+01
             54                 15              26633         1.1050E+01
             54                 16              15612         1.1600E+01
             54                 17               7065         1.2250E+01
             54                 18               2450         1.3000E+01
             54                 19                716         1.3850E+01
             54                 20                118         1.4800E+01
             54                 21                  9         1.5850E+01
             55                  5                  1         1.2500E+01
             55                  6                 67         1.2050E+01
             55                  7                283         1.1700E+01
             55                  8               1117         1.1450E+01
             55                  9               4052         1.1300E+01
             55                 10              10686         1.1250E+01
             55                 11              20311         1.1300E+01
             55                 12              28789         1.1450E+01
             55                 13              29523         1.1700E+01
             55                 14              24362         1.2050E+01
             55                 15              16345         1.2500E+01
             55                 16               9186         1.3050E+01
             55                 17               4365         1.3700E+01
             55                 18               1557         1.4450E+01
             55                 19                421         1.5300E+01
             55                 20                 83         1.6250E+01
             55                 21                 35         1.7300E+01
             55                 22                  1         1.8450E+01
             56                  6                 31         1.3600E+01
             56                  7                131         1.3250E+01
             56                  8                619         1.3000E+01
             56                  9               2110         1.2850E+01
             56                 10               4905         1.2800E+01
             56                 11               8848         1.2850E+01
             56                 12              11762         1.3000E+01
             56                 13              12033         1.3250E+01
             56                 14               9416         1.3600E+01
             56                 15               6051         1.4050E+01
             56                 16               3457         1.4600E+01
             56                 17               1503         1.5250E+01
             56                 18                573         1.6000E+01
             56                 19                150         1.6850E+01
             56                 20                 50         1.7800E+01
             56                 21                 15         1.8850E+01
             57                  6                  6         1.5250E+01
             57                  7                 12         1.4900E+01
             57                  8                182         1.4650E+01
             57                  9                659         1.4500E+01
             57                 10               1593         1.4450E+01
             57                 11               2476         1.4500E+01
             57                 12               3039         1.4650E+01
             57                 13               3026         1.4900E+01
             57                 14               2061         1.5250E+01
             57                 15               1375         1.5700E+01
             57                 16                792         1.6250E+01
             57                 17                307         1.6900E+01
             57                 18                107         1.7650E+01
             57                 19                 19         1.8500E+01
             57                 20                  1         1.9450E+01
             58                  6                  1         1.7000E+01
             58                  7                  3         1.6650E+01
             58                  8                 20         1.6400E+01
             58                  9                103         1.6250E+01
             58                 10                229         1.6200E+01
             58                 11                322         1.6250E+01
             58                 12                410         1.6400E+01
             58                 13                474         1.6650E+01
             58                 14                344         1.7000E+01
             58                 15                267         1.7450E+01
             58                 16                192         1.8000E+01
             58                 17                 55         1.8650E+01
             58                 18                  7         1.9400E+01
             59                  9                  3         1.8100E+01
             59                 10                 12         1.8050E+01
             59                 11                 13         1.8100E+01
             59                 12                  6         1.8250E+01
             59                 13                 21         1.8500E+01
             59                 14                 16         1.8850E+01
             59                 15                 36         1.9300E+01
             59                 16                 11         1.9850E+01
             59                 17                  1         2.0500E+01
