  #Crystal Size      Water Content              Count               Bias
             51                  6                  1         5.8500E+00
             51                 10                  6         9.0500E+00
             52                  6                  2         5.0000E+00
             52                  7                  1         5.6500E+00
             52                  8                  5         6.4000E+00
             52                  9                 28         7.2500E+00
             52                 10                 21         8.2000E+00
             52                 11                 10         9.2500E+00
             53                  4                  4         3.2500E+00
             53                  5                  8         3.7000E+00
             53                  6                 33         4.2500E+00
             53                  7                 75         4.9000E+00
             53                  8                187         5.6500E+00
             53                  9                233         6.5000E+00
             53                 10                260         7.4500E+00
             53                 11                118         8.5000E+00
             53                 12                 43         9.6500E+00
             53                 13                  9         1.0900E+01
             53                 14                  6         1.2250E+01
             53                 15                  1         1.3700E+01
             54                  4                  7         2.6000E+00
             54                  5                 46         3.0500E+00
             54                  6                235         3.6000E+00
             54                  7                868         4.2500E+00
             54                  8               1637         5.0000E+00
             54                  9               1891         5.8500E+00
             54                 10               1697         6.8000E+00
             54                 11                910         7.8500E+00
             54                 12                519         9.0000E+00
             54                 13                160         1.0250E+01
             54                 14                 26         1.1600E+01
             54                 15                 10         1.3050E+01
             55                  2                  2         1.4500E+00
             55                  3                 12         1.7000E+00
             55                  4                 67         2.0500E+00
             55                  5                355         2.5000E+00
             55                  6               1584         3.0500E+00
             55                  7               4194         3.7000E+00
             55                  8               7907         4.4500E+00
             55                  9               9046         5.3000E+00
             55                 10               7644         6.2500E+00
             55                 11               4515         7.3000E+00
             55                 12               2235         8.4500E+00
             55                 13                580         9.7000E+00
             55                 14                165         1.1050E+01
             55                 15                 77         1.2500E+01
             55                 16                 10         1.4050E+01
             55                 17                  8         1.5700E+01
             56                  3                 55         1.2500E+00
             56                  4                260         1.6000E+00
             56                  5               1828         2.0500E+00
             56                  6               6247         2.6000E+00
             56                  7              15522         3.2500E+00
             56                  8              25755         4.0000E+00
             56                  9              28260         4.8500E+00
             56                 10              21921         5.8000E+00
             56                 11              12037         6.8500E+00
             56                 12               5089         8.0000E+00
             56                 13               1741         9.2500E+00
             56                 14                423         1.0600E+01
             56                 15                136         1.2050E+01
             56                 16                 29         1.3600E+01
             56                 17                  5         1.5250E+01
             57                  2                  1         6.5000E-01
             57                  3                 51         9.0000E-01
             57                  4                590         1.2500E+00
             57                  5               4743         1.7000E+00
             57                  6              16384         2.2500E+00
             57                  7              36526         2.9000E+00
             57                  8              54461         3.6500E+00
             57                  9              55328         4.5000E+00
             57                 10              40522         5.4500E+00
             57                 11              22467         6.5000E+00
             57                 12               9578         7.6500E+00
             57                 13               3640         8.9000E+00
             57                 14               1005         1.0250E+01
             57                 15                189         1.1700E+01
             57                 16                 61         1.3250E+01
             57                 17                 24         1.4900E+01
             57                 18                  3         1.6650E+01
             58                  2                  1         4.0000E-01
             58                  3                107         6.5000E-01
             58                  4               1257         1.0000E+00
             58                  5               7996         1.4500E+00
             58                  6              26364         2.0000E+00
             58                  7              52182         2.6500E+00
             58                  8              69502         3.4000E+00
             58                  9              64168         4.2500E+00
             58                 10              45672         5.2000E+00
             58                 11              25769         6.2500E+00
             58                 12              10999         7.4000E+00
             58                 13               3714         8.6500E+00
             58                 14                872         1.0000E+01
             58                 15                144         1.1450E+01
             58                 16                 12         1.3000E+01
             58                 17                  1         1.4650E+01
             59                  3                123         5.0000E-01
             59                  4               1371         8.5000E-01
             59                  5               7314         1.3000E+00
             59                  6              21342         1.8500E+00
             59                  7              38930         2.5000E+00
             59                  8              47959         3.2500E+00
             59                  9              43026         4.1000E+00
             59                 10              30358         5.0500E+00
             59                 11              16833         6.1000E+00
             59                 12               7074         7.2500E+00
             59                 13               2253         8.5000E+00
             59                 14                421         9.8500E+00
             59                 15                 79         1.1300E+01
             59                 16                  8         1.2850E+01
             60                  3                 80         4.5000E-01
             60                  4                475         8.0000E-01
             60                  5               2620         1.2500E+00
             60                  6               6898         1.8000E+00
             60                  7              12028         2.4500E+00
             60                  8              13798         3.2000E+00
             60                  9              11273         4.0500E+00
             60                 10               7899         5.0000E+00
             60                 11               4192         6.0500E+00
             60                 12               1909         7.2000E+00
             60                 13                533         8.4500E+00
             60                 14                 93         9.8000E+00
             60                 15                 11         1.1250E+01
             60                 16                  1         1.2800E+01
