  #Crystal Size      Water Content              Count               Bias
             43                  7                  4         7.6500E+00
             43                  8                  2         8.9000E+00
             43                  9                  1         1.0250E+01
             43                 10                  1         1.1700E+01
             44                  6                 56         6.8500E+00
             44                  7                 74         8.0000E+00
             44                  8                 77         9.2500E+00
             44                  9                138         1.0600E+01
             44                 10                138         1.2050E+01
             44                 11                 39         1.3600E+01
             44                 12                  8         1.5250E+01
             45                  5                 16         6.2500E+00
             45                  6                148         7.3000E+00
             45                  7                559         8.4500E+00
             45                  8                838         9.7000E+00
             45                  9                869         1.1050E+01
             45                 10                783         1.2500E+01
             45                 11                299         1.4050E+01
             45                 12                119         1.5700E+01
             45                 13                 15         1.7450E+01
             46                  5                147         6.8000E+00
             46                  6                749         7.8500E+00
             46                  7               2465         9.0000E+00
             46                  8               4100         1.0250E+01
             46                  9               3957         1.1600E+01
             46                 10               2789         1.3050E+01
             46                 11               1059         1.4600E+01
             46                 12                343         1.6250E+01
             46                 13                 54         1.8000E+01
             47                  4                 53         6.5000E+00
             47                  5                629         7.4500E+00
             47                  6               2879         8.5000E+00
             47                  7               7168         9.6500E+00
             47                  8              11458         1.0900E+01
             47                  9              11961         1.2250E+01
             47                 10               7147         1.3700E+01
             47                 11               3057         1.5250E+01
             47                 12               1000         1.6900E+01
             47                 13                170         1.8650E+01
             47                 14                 13         2.0500E+01
             47                 15                  1         2.2450E+01
             48                  3                  2         6.4000E+00
             48                  4                309         7.2500E+00
             48                  5               1973         8.2000E+00
             48                  6               7407         9.2500E+00
             48                  7              17217         1.0400E+01
             48                  8              26137         1.1650E+01
             48                  9              23528         1.3000E+01
             48                 10              14346         1.4450E+01
             48                 11               5605         1.6000E+01
             48                 12               1981         1.7650E+01
             48                 13                340         1.9400E+01
             48                 14                 65         2.1250E+01
             49                  3                  9         7.2500E+00
             49                  4                571         8.1000E+00
             49                  5               3846         9.0500E+00
             49                  6              13791         1.0100E+01
             49                  7              31060         1.1250E+01
             49                  8              43070         1.2500E+01
             49                  9              38488         1.3850E+01
             49                 10              22761         1.5300E+01
             49                 11               9202         1.6850E+01
             49                 12               2836         1.8500E+01
             49                 13                708         2.0250E+01
             49                 14                106         2.2100E+01
             49                 15                  1         2.4050E+01
             50                  3                 41         8.2000E+00
             50                  4               1018         9.0500E+00
             50                  5               5651         1.0000E+01
             50                  6              19141         1.1050E+01
             50                  7              43667         1.2200E+01
             50                  8              56394         1.3450E+01
             50                  9              48428         1.4800E+01
             50                 10              27075         1.6250E+01
             50                 11              11042         1.7800E+01
             50                 12               3528         1.9450E+01
             50                 13                823         2.1200E+01
             50                 14                144         2.3050E+01
             50                 15                  5         2.5000E+01
             51                  3                100         9.2500E+00
             51                  4               1490         1.0100E+01
             51                  5               6209         1.1050E+01
             51                  6              20877         1.2100E+01
             51                  7              43925         1.3250E+01
             51                  8              53686         1.4500E+01
             51                  9              44079         1.5850E+01
             51                 10              23712         1.7300E+01
             51                 11               9214         1.8850E+01
             51                 12               2569         2.0500E+01
             51                 13                648         2.2250E+01
             51                 14                 81         2.4100E+01
             51                 15                  7         2.6050E+01
             52                  3                155         1.0400E+01
             52                  4               1308         1.1250E+01
             52                  5               5073         1.2200E+01
             52                  6              15575         1.3250E+01
             52                  7              31635         1.4400E+01
             52                  8              37684         1.5650E+01
             52                  9              28416         1.7000E+01
             52                 10              15100         1.8450E+01
             52                 11               5561         2.0000E+01
             52                 12               1674         2.1650E+01
             52                 13                442         2.3400E+01
             52                 14                 49         2.5250E+01
             52                 15                  1         2.7200E+01
             53                  3                 56         1.1650E+01
             53                  4                638         1.2500E+01
             53                  5               2950         1.3450E+01
             53                  6               8571         1.4500E+01
             53                  7              16864         1.5650E+01
             53                  8              18438         1.6900E+01
             53                  9              13476         1.8250E+01
             53                 10               6143         1.9700E+01
             53                 11               2443         2.1250E+01
             53                 12                785         2.2900E+01
             53                 13                254         2.4650E+01
             53                 14                 63         2.6500E+01
             54                  2                  1         1.2250E+01
             54                  3                 41         1.3000E+01
             54                  4                342         1.3850E+01
             54                  5               1215         1.4800E+01
             54                  6               3349         1.5850E+01
             54                  7               6004         1.7000E+01
             54                  8               6279         1.8250E+01
             54                  9               4377         1.9600E+01
             54                 10               2260         2.1050E+01
             54                 11                863         2.2600E+01
             54                 12                300         2.4250E+01
             54                 13                 90         2.6000E+01
             54                 14                 24         2.7850E+01
             55                  3                 19         1.4450E+01
             55                  4                 61         1.5300E+01
             55                  5                243         1.6250E+01
             55                  6                789         1.7300E+01
             55                  7               1364         1.8450E+01
             55                  8               1498         1.9700E+01
             55                  9               1128         2.1050E+01
             55                 10                689         2.2500E+01
             55                 11                358         2.4050E+01
             55                 12                148         2.5700E+01
             55                 13                 42         2.7450E+01
             56                  3                  1         1.6000E+01
             56                  4                 24         1.6850E+01
             56                  5                 39         1.7800E+01
             56                  6                 99         1.8850E+01
             56                  7                199         2.0000E+01
             56                  8                187         2.1250E+01
             56                  9                129         2.2600E+01
             56                 10                 93         2.4050E+01
             56                 11                 30         2.5600E+01
             56                 12                 15         2.7250E+01
             56                 13                  6         2.9000E+01
             57                  7                  8         2.1650E+01
             57                  8                  9         2.2900E+01
             57                  9                 20         2.4250E+01
             57                 10                  6         2.5700E+01
             58                 10                  1         2.7450E+01
