  #Crystal Size      Water Content              Count               Bias
             50                 10                  2         5.0000E+00
             50                 13                  1         5.4500E+00
             50                 14                  2         5.8000E+00
             51                  9                  3         4.1000E+00
             51                 10                 21         4.0500E+00
             51                 11                 10         4.1000E+00
             51                 12                 12         4.2500E+00
             51                 13                 44         4.5000E+00
             51                 14                 47         4.8500E+00
             51                 15                  7         5.3000E+00
             51                 16                 13         5.8500E+00
             51                 17                 14         6.5000E+00
             51                 18                  2         7.2500E+00
             52                  9                  7         3.2500E+00
             52                 10                 39         3.2000E+00
             52                 11                 85         3.2500E+00
             52                 12                171         3.4000E+00
             52                 13                255         3.6500E+00
             52                 14                227         4.0000E+00
             52                 15                128         4.4500E+00
             52                 16                 50         5.0000E+00
             52                 17                 33         5.6500E+00
             52                 18                 19         6.4000E+00
             52                 19                  3         7.2500E+00
             53                  7                 11         2.9000E+00
             53                  8                 20         2.6500E+00
             53                  9                 69         2.5000E+00
             53                 10                300         2.4500E+00
             53                 11                625         2.5000E+00
             53                 12               1199         2.6500E+00
             53                 13               1449         2.9000E+00
             53                 14               1379         3.2500E+00
             53                 15                806         3.7000E+00
             53                 16                437         4.2500E+00
             53                 17                209         4.9000E+00
             53                 18                 31         5.6500E+00
             53                 19                  4         6.5000E+00
             54                  6                  1         2.6000E+00
             54                  7                 22         2.2500E+00
             54                  8                108         2.0000E+00
             54                  9                427         1.8500E+00
             54                 10               1274         1.8000E+00
             54                 11               2996         1.8500E+00
             54                 12               5460         2.0000E+00
             54                 13               6713         2.2500E+00
             54                 14               5697         2.6000E+00
             54                 15               3619         3.0500E+00
             54                 16               2044         3.6000E+00
             54                 17                802         4.2500E+00
             54                 18                223         5.0000E+00
             54                 19                 51         5.8500E+00
             54                 20                 20         6.8000E+00
             55                  6                  6         2.0500E+00
             55                  7                 78         1.7000E+00
             55                  8                543         1.4500E+00
             55                  9               1918         1.3000E+00
             55                 10               4804         1.2500E+00
             55                 11              10126         1.3000E+00
             55                 12              16614         1.4500E+00
             55                 13              19120         1.7000E+00
             55                 14              16464         2.0500E+00
             55                 15              10611         2.5000E+00
             55                 16               5389         3.0500E+00
             55                 17               2271         3.7000E+00
             55                 18                665         4.4500E+00
             55                 19                177         5.3000E+00
             55                 20                 68         6.2500E+00
             55                 21                  4         7.3000E+00
             56                  5                  2         2.0500E+00
             56                  6                 41         1.6000E+00
             56                  7                338         1.2500E+00
             56                  8               1494         1.0000E+00
             56                  9               4874         8.5000E-01
             56                 10              12456         8.0000E-01
             56                 11              24568         8.5000E-01
             56                 12              35224         1.0000E+00
             56                 13              39197         1.2500E+00
             56                 14              32175         1.6000E+00
             56                 15              20087         2.0500E+00
             56                 16              10392         2.6000E+00
             56                 17               4206         3.2500E+00
             56                 18               1401         4.0000E+00
             56                 19                428         4.8500E+00
             56                 20                118         5.8000E+00
             56                 21                 31         6.8500E+00
             57                  5                  8         1.7000E+00
             57                  6                 86         1.2500E+00
             57                  7                670         9.0000E-01
             57                  8               2788         6.5000E-01
             57                  9               8626         5.0000E-01
             57                 10              20903         4.5000E-01
             57                 11              37764         5.0000E-01
             57                 12              51700         6.5000E-01
             57                 13              55186         9.0000E-01
             57                 14              43281         1.2500E+00
             57                 15              27402         1.7000E+00
             57                 16              13912         2.2500E+00
             57                 17               5344         2.9000E+00
             57                 18               1702         3.6500E+00
             57                 19                524         4.5000E+00
             57                 20                134         5.4500E+00
             57                 21                 34         6.5000E+00
             57                 22                  8         7.6500E+00
             57                 23                  5         8.9000E+00
             58                  5                  7         1.4500E+00
             58                  6                110         1.0000E+00
             58                  7                816         6.5000E-01
             58                  8               3254         4.0000E-01
             58                  9              10158         2.5000E-01
             58                 10              22581         2.0000E-01
             58                 11              37683         2.5000E-01
             58                 12              49111         4.0000E-01
             58                 13              48818         6.5000E-01
             58                 14              38318         1.0000E+00
             58                 15              23896         1.4500E+00
             58                 16              11059         2.0000E+00
             58                 17               4063         2.6500E+00
             58                 18               1416         3.4000E+00
             58                 19                393         4.2500E+00
             58                 20                 86         5.2000E+00
             58                 21                 26         6.2500E+00
             58                 22                  2         7.4000E+00
             59                  5                  9         1.3000E+00
             59                  6                 91         8.5000E-01
             59                  7                613         5.0000E-01
             59                  8               2087         2.5000E-01
             59                  9               6366         1.0000E-01
             59                 10              13195         5.0000E-02
             59                 11              22004         1.0000E-01
             59                 12              26881         2.5000E-01
             59                 13              25635         5.0000E-01
             59                 14              18482         8.5000E-01
             59                 15              10986         1.3000E+00
             59                 16               5073         1.8500E+00
             59                 17               1787         2.5000E+00
             59                 18                561         3.2500E+00
             59                 19                179         4.1000E+00
             59                 20                 58         5.0500E+00
             59                 21                 17         6.1000E+00
             60                  5                  3         1.2500E+00
             60                  6                 29         8.0000E-01
             60                  7                101         4.5000E-01
             60                  8                658         2.0000E-01
             60                  9               1836         5.0000E-02
             60                 10               3799         0.0000E+00
             60                 11               5586         5.0000E-02
             60                 12               6647         2.0000E-01
             60                 13               5415         4.5000E-01
             60                 14               3496         8.0000E-01
             60                 15               2034         1.2500E+00
             60                 16                939         1.8000E+00
             60                 17                347         2.4500E+00
             60                 18                 87         3.2000E+00
             60                 19                 38         4.0500E+00
             60                 20                  6         5.0000E+00
