  #Crystal Size      Water Content              Count               Bias
             50                 13                  2         1.7450E+01
             51                  6                  5         6.8500E+00
             51                  7                 18         8.0000E+00
             51                  8                 29         9.2500E+00
             51                  9                 14         1.0600E+01
             51                 10                 17         1.2050E+01
             51                 11                  4         1.3600E+01
             51                 12                 19         1.5250E+01
             51                 13                 26         1.7000E+01
             51                 14                  8         1.8850E+01
             52                  4                  3         4.5000E+00
             52                  5                  6         5.4500E+00
             52                  6                 78         6.5000E+00
             52                  7                141         7.6500E+00
             52                  8                203         8.9000E+00
             52                  9                190         1.0250E+01
             52                 10                237         1.1700E+01
             52                 11                111         1.3250E+01
             52                 12                 79         1.4900E+01
             52                 13                 63         1.6650E+01
             52                 14                 17         1.8500E+01
             52                 15                  2         2.0450E+01
             52                 16                  1         2.2500E+01
             53                  3                  3         3.4000E+00
             53                  4                 47         4.2500E+00
             53                  5                105         5.2000E+00
             53                  6                641         6.2500E+00
             53                  7               1116         7.4000E+00
             53                  8               1503         8.6500E+00
             53                  9               1502         1.0000E+01
             53                 10               1296         1.1450E+01
             53                 11                650         1.3000E+01
             53                 12                318         1.4650E+01
             53                 13                173         1.6400E+01
             53                 14                 30         1.8250E+01
             53                 15                 24         2.0200E+01
             53                 16                  4         2.2250E+01
             53                 17                  1         2.4400E+01
             54                  3                 24         3.2500E+00
             54                  4                269         4.1000E+00
             54                  5               1011         5.0500E+00
             54                  6               3073         6.1000E+00
             54                  7               5991         7.2500E+00
             54                  8               7164         8.5000E+00
             54                  9               6280         9.8500E+00
             54                 10               5154         1.1300E+01
             54                 11               2869         1.2850E+01
             54                 12               1197         1.4500E+01
             54                 13                418         1.6250E+01
             54                 14                155         1.8100E+01
             54                 15                 39         2.0050E+01
             54                 16                 23         2.2100E+01
             54                 17                  8         2.4250E+01
             55                  2                  2         2.4500E+00
             55                  3                183         3.2000E+00
             55                  4               1184         4.0500E+00
             55                  5               4251         5.0000E+00
             55                  6              11857         6.0500E+00
             55                  7              19397         7.2000E+00
             55                  8              21903         8.4500E+00
             55                  9              18194         9.8000E+00
             55                 10              12721         1.1250E+01
             55                 11               6533         1.2800E+01
             55                 12               2705         1.4450E+01
             55                 13                764         1.6200E+01
             55                 14                223         1.8050E+01
             55                 15                 53         2.0000E+01
             55                 16                 33         2.2050E+01
             55                 17                  4         2.4200E+01
             56                  2                 26         2.5000E+00
             56                  3                488         3.2500E+00
             56                  4               3047         4.1000E+00
             56                  5              12334         5.0500E+00
             56                  6              30278         6.1000E+00
             56                  7              43310         7.2500E+00
             56                  8              44863         8.5000E+00
             56                  9              36145         9.8500E+00
             56                 10              23599         1.1300E+01
             56                 11              11157         1.2850E+01
             56                 12               4020         1.4500E+01
             56                 13               1150         1.6250E+01
             56                 14                272         1.8100E+01
             56                 15                 53         2.0050E+01
             56                 16                 18         2.2100E+01
             57                  2                 25         2.6500E+00
             57                  3                960         3.4000E+00
             57                  4               5831         4.2500E+00
             57                  5              20332         5.2000E+00
             57                  6              42926         6.2500E+00
             57                  7              60843         7.4000E+00
             57                  8              59981         8.6500E+00
             57                  9              46159         1.0000E+01
             57                 10              28520         1.1450E+01
             57                 11              13053         1.3000E+01
             57                 12               4017         1.4650E+01
             57                 13                944         1.6400E+01
             57                 14                213         1.8250E+01
             57                 15                 53         2.0200E+01
             57                 16                  2         2.2250E+01
             58                  2                 61         2.9000E+00
             58                  3               1210         3.6500E+00
             58                  4               5949         4.5000E+00
             58                  5              20389         5.4500E+00
             58                  6              40273         6.5000E+00
             58                  7              51788         7.6500E+00
             58                  8              46793         8.9000E+00
             58                  9              35001         1.0250E+01
             58                 10              21082         1.1700E+01
             58                 11               9004         1.3250E+01
             58                 12               2760         1.4900E+01
             58                 13                601         1.6650E+01
             58                 14                 78         1.8500E+01
             58                 15                 10         2.0450E+01
             59                  2                 77         3.2500E+00
             59                  3                787         4.0000E+00
             59                  4               3522         4.8500E+00
             59                  5              10447         5.8000E+00
             59                  6              20114         6.8500E+00
             59                  7              25410         8.0000E+00
             59                  8              21620         9.2500E+00
             59                  9              14400         1.0600E+01
             59                 10               8448         1.2050E+01
             59                 11               3451         1.3600E+01
             59                 12                916         1.5250E+01
             59                 13                214         1.7000E+01
             59                 14                 40         1.8850E+01
             60                  2                 13         3.7000E+00
             60                  3                153         4.4500E+00
             60                  4                624         5.3000E+00
             60                  5               1929         6.2500E+00
             60                  6               3492         7.3000E+00
             60                  7               4620         8.4500E+00
             60                  8               3762         9.7000E+00
             60                  9               2314         1.1050E+01
             60                 10               1092         1.2500E+01
             60                 11                371         1.4050E+01
             60                 12                120         1.5700E+01
             60                 13                 75         1.7450E+01
             60                 14                  3         1.9300E+01
