  #Crystal Size      Water Content              Count               Bias
             44                 10                  5         5.8000E+00
             44                 11                 27         6.8500E+00
             44                 12                  9         8.0000E+00
             44                 13                  2         9.2500E+00
             44                 14                  3         1.0600E+01
             45                  8                 12         4.4500E+00
             45                  9                 40         5.3000E+00
             45                 10                 92         6.2500E+00
             45                 11                 88         7.3000E+00
             45                 12                 82         8.4500E+00
             45                 13                116         9.7000E+00
             45                 14                 12         1.1050E+01
             45                 15                  6         1.2500E+01
             46                  8                 23         5.0000E+00
             46                  9                174         5.8500E+00
             46                 10                360         6.8000E+00
             46                 11                562         7.8500E+00
             46                 12                430         9.0000E+00
             46                 13                249         1.0250E+01
             46                 14                 68         1.1600E+01
             46                 15                 10         1.3050E+01
             47                  7                 39         4.9000E+00
             47                  8                249         5.6500E+00
             47                  9                621         6.5000E+00
             47                 10               1202         7.4500E+00
             47                 11               1633         8.5000E+00
             47                 12               1372         9.6500E+00
             47                 13                813         1.0900E+01
             47                 14                217         1.2250E+01
             47                 15                100         1.3700E+01
             47                 16                 64         1.5250E+01
             47                 17                 13         1.6900E+01
             48                  6                 59         5.0000E+00
             48                  7                255         5.6500E+00
             48                  8               1143         6.4000E+00
             48                  9               2503         7.2500E+00
             48                 10               3803         8.2000E+00
             48                 11               4845         9.2500E+00
             48                 12               3988         1.0400E+01
             48                 13               2219         1.1650E+01
             48                 14                980         1.3000E+01
             48                 15                403         1.4450E+01
             48                 16                212         1.6000E+01
             48                 17                 36         1.7650E+01
             48                 18                  2         1.9400E+01
             49                  5                 37         5.3000E+00
             49                  6                235         5.8500E+00
             49                  7               1127         6.5000E+00
             49                  8               3765         7.2500E+00
             49                  9               7598         8.1000E+00
             49                 10              11486         9.0500E+00
             49                 11              13277         1.0100E+01
             49                 12              11662         1.1250E+01
             49                 13               7064         1.2500E+01
             49                 14               3447         1.3850E+01
             49                 15               1343         1.5300E+01
             49                 16                457         1.6850E+01
             49                 17                 58         1.8500E+01
             49                 18                  4         2.0250E+01
             50                  5                101         6.2500E+00
             50                  6                808         6.8000E+00
             50                  7               3680         7.4500E+00
             50                  8              10638         8.2000E+00
             50                  9              19913         9.0500E+00
             50                 10              27202         1.0000E+01
             50                 11              28949         1.1050E+01
             50                 12              22561         1.2200E+01
             50                 13              14283         1.3450E+01
             50                 14               6887         1.4800E+01
             50                 15               2254         1.6250E+01
             50                 16                666         1.7800E+01
             50                 17                128         1.9450E+01
             50                 18                  6         2.1200E+01
             51                  4                  2         6.8500E+00
             51                  5                318         7.3000E+00
             51                  6               2050         7.8500E+00
             51                  7               8557         8.5000E+00
             51                  8              21354         9.2500E+00
             51                  9              34910         1.0100E+01
             51                 10              43670         1.1050E+01
             51                 11              40599         1.2100E+01
             51                 12              30038         1.3250E+01
             51                 13              17941         1.4500E+01
             51                 14               8403         1.5850E+01
             51                 15               2762         1.7300E+01
             51                 16                785         1.8850E+01
             51                 17                151         2.0500E+01
             51                 18                  6         2.2250E+01
             52                  4                 17         8.0000E+00
             52                  5                403         8.4500E+00
             52                  6               2973         9.0000E+00
             52                  7              11281         9.6500E+00
             52                  8              27043         1.0400E+01
             52                  9              44306         1.1250E+01
             52                 10              49648         1.2200E+01
             52                 11              41981         1.3250E+01
             52                 12              29974         1.4400E+01
             52                 13              15631         1.5650E+01
             52                 14               6794         1.7000E+01
             52                 15               2305         1.8450E+01
             52                 16                498         2.0000E+01
             52                 17                 77         2.1650E+01
             53                  3                  3         8.9000E+00
             53                  4                  9         9.2500E+00
             53                  5                449         9.7000E+00
             53                  6               3291         1.0250E+01
             53                  7              11422         1.0900E+01
             53                  8              25403         1.1650E+01
             53                  9              38343         1.2500E+01
             53                 10              38967         1.3450E+01
             53                 11              29806         1.4500E+01
             53                 12              18817         1.5650E+01
             53                 13               8658         1.6900E+01
             53                 14               3508         1.8250E+01
             53                 15               1021         1.9700E+01
             53                 16                211         2.1250E+01
             53                 17                 44         2.2900E+01
             53                 18                  1         2.4650E+01
             54                  4                  6         1.0600E+01
             54                  5                305         1.1050E+01
             54                  6               2432         1.1600E+01
             54                  7               7996         1.2250E+01
             54                  8              16713         1.3000E+01
             54                  9              22228         1.3850E+01
             54                 10              20929         1.4800E+01
             54                 11              14172         1.5850E+01
             54                 12               8356         1.7000E+01
             54                 13               3320         1.8250E+01
             54                 14               1140         1.9600E+01
             54                 15                300         2.1050E+01
             54                 16                 55         2.2600E+01
             55                  4                  8         1.2050E+01
             55                  5                173         1.2500E+01
             55                  6               1327         1.3050E+01
             55                  7               3700         1.3700E+01
             55                  8               6631         1.4450E+01
             55                  9               8777         1.5300E+01
             55                 10               8587         1.6250E+01
             55                 11               5423         1.7300E+01
             55                 12               2409         1.8450E+01
             55                 13                935         1.9700E+01
             55                 14                209         2.1050E+01
             55                 15                 65         2.2500E+01
             55                 16                  2         2.4050E+01
             56                  5                 95         1.4050E+01
             56                  6                435         1.4600E+01
             56                  7                905         1.5250E+01
             56                  8               1589         1.6000E+01
             56                  9               2153         1.6850E+01
             56                 10               1966         1.7800E+01
             56                 11               1336         1.8850E+01
             56                 12                690         2.0000E+01
             56                 13                206         2.1250E+01
             56                 14                 43         2.2600E+01
             56                 15                 12         2.4050E+01
             56                 16                  3         2.5600E+01
             57                  5                 18         1.5700E+01
             57                  6                 45         1.6250E+01
             57                  7                 92         1.6900E+01
             57                  8                170         1.7650E+01
             57                  9                302         1.8500E+01
             57                 10                253         1.9450E+01
             57                 11                178         2.0500E+01
             57                 12                 54         2.1650E+01
             57                 13                  1         2.2900E+01
             58                  5                  4         1.7450E+01
             58                  6                  4         1.8000E+01
             58                  7                  2         1.8650E+01
             58                  8                  8         1.9400E+01
             58                  9                 27         2.0250E+01
             58                 10                  3         2.1200E+01
             58                 11                  1         2.2250E+01
