  #Crystal Size      Water Content              Count               Bias
             42                  7                  4         4.9000E+00
             42                  8                 60         5.6500E+00
             42                  9                 33         6.5000E+00
             42                 10                 27         7.4500E+00
             42                 11                 17         8.5000E+00
             42                 12                 14         9.6500E+00
             42                 13                  4         1.0900E+01
             42                 14                  6         1.2250E+01
             42                 15                  3         1.3700E+01
             43                  6                 67         5.0000E+00
             43                  7                189         5.6500E+00
             43                  8                291         6.4000E+00
             43                  9                346         7.2500E+00
             43                 10                374         8.2000E+00
             43                 11                315         9.2500E+00
             43                 12                207         1.0400E+01
             43                 13                117         1.1650E+01
             43                 14                 63         1.3000E+01
             43                 15                 10         1.4450E+01
             43                 16                  6         1.6000E+01
             44                  5                 19         5.3000E+00
             44                  6                323         5.8500E+00
             44                  7                925         6.5000E+00
             44                  8               1621         7.2500E+00
             44                  9               2508         8.1000E+00
             44                 10               2457         9.0500E+00
             44                 11               2327         1.0100E+01
             44                 12               1460         1.1250E+01
             44                 13                912         1.2500E+01
             44                 14                325         1.3850E+01
             44                 15                 93         1.5300E+01
             44                 16                 36         1.6850E+01
             45                  5                 24         6.2500E+00
             45                  6                568         6.8000E+00
             45                  7               2138         7.4500E+00
             45                  8               4790         8.2000E+00
             45                  9               7989         9.0500E+00
             45                 10               9784         1.0000E+01
             45                 11               8413         1.1050E+01
             45                 12               5212         1.2200E+01
             45                 13               2779         1.3450E+01
             45                 14               1187         1.4800E+01
             45                 15                435         1.6250E+01
             45                 16                 74         1.7800E+01
             45                 17                 12         1.9450E+01
             46                  4                  1         6.8500E+00
             46                  5                 81         7.3000E+00
             46                  6                915         7.8500E+00
             46                  7               4005         8.5000E+00
             46                  8              10254         9.2500E+00
             46                  9              17002         1.0100E+01
             46                 10              22091         1.1050E+01
             46                 11              19123         1.2100E+01
             46                 12              12563         1.3250E+01
             46                 13               6213         1.4500E+01
             46                 14               2424         1.5850E+01
             46                 15                743         1.7300E+01
             46                 16                143         1.8850E+01
             46                 17                 36         2.0500E+01
             47                  4                  3         8.0000E+00
             47                  5                170         8.4500E+00
             47                  6               1330         9.0000E+00
             47                  7               6310         9.6500E+00
             47                  8              15747         1.0400E+01
             47                  9              28904         1.1250E+01
             47                 10              38545         1.2200E+01
             47                 11              34405         1.3250E+01
             47                 12              21480         1.4400E+01
             47                 13              10381         1.5650E+01
             47                 14               3882         1.7000E+01
             47                 15               1007         1.8450E+01
             47                 16                252         2.0000E+01
             47                 17                 23         2.1650E+01
             48                  4                 13         9.2500E+00
             48                  5                210         9.7000E+00
             48                  6               1838         1.0250E+01
             48                  7               7926         1.0900E+01
             48                  8              19944         1.1650E+01
             48                  9              38392         1.2500E+01
             48                 10              48675         1.3450E+01
             48                 11              42863         1.4500E+01
             48                 12              26428         1.5650E+01
             48                 13              12131         1.6900E+01
             48                 14               4285         1.8250E+01
             48                 15               1085         1.9700E+01
             48                 16                208         2.1250E+01
             48                 17                 13         2.2900E+01
             49                  5                192         1.1050E+01
             49                  6               2031         1.1600E+01
             49                  7               7806         1.2250E+01
             49                  8              20940         1.3000E+01
             49                  9              40894         1.3850E+01
             49                 10              49196         1.4800E+01
             49                 11              41489         1.5850E+01
             49                 12              26579         1.7000E+01
             49                 13              11734         1.8250E+01
             49                 14               4072         1.9600E+01
             49                 15               1079         2.1050E+01
             49                 16                187         2.2600E+01
             49                 17                 10         2.4250E+01
             50                  5                133         1.2500E+01
             50                  6               1435         1.3050E+01
             50                  7               6229         1.3700E+01
             50                  8              17189         1.4450E+01
             50                  9              30814         1.5300E+01
             50                 10              35987         1.6250E+01
             50                 11              30559         1.7300E+01
             50                 12              18320         1.8450E+01
             50                 13               8235         1.9700E+01
             50                 14               2821         2.1050E+01
             50                 15                770         2.2500E+01
             50                 16                 74         2.4050E+01
             50                 17                  2         2.5700E+01
             51                  5                 60         1.4050E+01
             51                  6                915         1.4600E+01
             51                  7               3840         1.5250E+01
             51                  8               9928         1.6000E+01
             51                  9              16906         1.6850E+01
             51                 10              19301         1.7800E+01
             51                 11              15478         1.8850E+01
             51                 12               9128         2.0000E+01
             51                 13               3901         2.1250E+01
             51                 14               1168         2.2600E+01
             51                 15                324         2.4050E+01
             51                 16                 55         2.5600E+01
             51                 17                  1         2.7250E+01
             52                  5                 51         1.5700E+01
             52                  6                364         1.6250E+01
             52                  7               1552         1.6900E+01
             52                  8               4279         1.7650E+01
             52                  9               6548         1.8500E+01
             52                 10               7221         1.9450E+01
             52                 11               5621         2.0500E+01
             52                 12               3056         2.1650E+01
             52                 13               1213         2.2900E+01
             52                 14                349         2.4250E+01
             52                 15                102         2.5700E+01
             52                 16                 12         2.7250E+01
             53                  5                 17         1.7450E+01
             53                  6                130         1.8000E+01
             53                  7                516         1.8650E+01
             53                  8               1048         1.9400E+01
             53                  9               1873         2.0250E+01
             53                 10               1793         2.1200E+01
             53                 11               1388         2.2250E+01
             53                 12                557         2.3400E+01
             53                 13                221         2.4650E+01
             53                 14                 36         2.6000E+01
             53                 15                 11         2.7450E+01
             54                  6                 21         1.9850E+01
             54                  7                 76         2.0500E+01
             54                  8                197         2.1250E+01
             54                  9                373         2.2100E+01
             54                 10                391         2.3050E+01
             54                 11                235         2.4100E+01
             54                 12                 71         2.5250E+01
             54                 13                 28         2.6500E+01
             54                 14                 17         2.7850E+01
             54                 15                  1         2.9300E+01
             55                  6                  2         2.1800E+01
             55                  7                 10         2.2450E+01
             55                  8                 58         2.3200E+01
             55                  9                 85         2.4050E+01
             55                 10                 62         2.5000E+01
             55                 11                  6         2.6050E+01
             55                 12                  2         2.7200E+01
             56                  8                  1         2.5250E+01
             56                  9                 15         2.6100E+01
             56                 10                  1         2.7050E+01
