  #Crystal Size      Water Content              Count               Bias
             44                 16                  1         1.8500E+00
             44                 19                  2         4.1000E+00
             45                 11                  5         5.0000E-02
             45                 13                 10         4.5000E-01
             45                 14                  4         8.0000E-01
             45                 15                  4         1.2500E+00
             45                 16                  2         1.8000E+00
             45                 19                  1         4.0500E+00
             45                 20                  1         5.0000E+00
             46                 10                  7         5.0000E-02
             46                 11                 16         1.0000E-01
             46                 12                 20         2.5000E-01
             46                 13                 70         5.0000E-01
             46                 14                 80         8.5000E-01
             46                 15                 86         1.3000E+00
             46                 16                 40         1.8500E+00
             46                 17                 15         2.5000E+00
             46                 18                  8         3.2500E+00
             46                 19                 17         4.1000E+00
             46                 20                  5         5.0500E+00
             47                  9                  9         2.5000E-01
             47                 10                 80         2.0000E-01
             47                 11                129         2.5000E-01
             47                 12                278         4.0000E-01
             47                 13                504         6.5000E-01
             47                 14                559         1.0000E+00
             47                 15                468         1.4500E+00
             47                 16                218         2.0000E+00
             47                 17                154         2.6500E+00
             47                 18                 47         3.4000E+00
             47                 19                 27         4.2500E+00
             47                 20                 12         5.2000E+00
             48                  8                  4         6.5000E-01
             48                  9                 26         5.0000E-01
             48                 10                241         4.5000E-01
             48                 11                707         5.0000E-01
             48                 12               1469         6.5000E-01
             48                 13               2055         9.0000E-01
             48                 14               2499         1.2500E+00
             48                 15               2182         1.7000E+00
             48                 16               1426         2.2500E+00
             48                 17                722         2.9000E+00
             48                 18                412         3.6500E+00
             48                 19                170         4.5000E+00
             48                 20                 23         5.4500E+00
             48                 21                 10         6.5000E+00
             49                  8                 21         1.0000E+00
             49                  9                144         8.5000E-01
             49                 10                872         8.0000E-01
             49                 11               2552         8.5000E-01
             49                 12               5286         1.0000E+00
             49                 13               8329         1.2500E+00
             49                 14               8860         1.6000E+00
             49                 15               7822         2.0500E+00
             49                 16               5599         2.6000E+00
             49                 17               3154         3.2500E+00
             49                 18               1193         4.0000E+00
             49                 19                436         4.8500E+00
             49                 20                138         5.8000E+00
             49                 21                 60         6.8500E+00
             49                 22                 12         8.0000E+00
             50                  8                 92         1.4500E+00
             50                  9                531         1.3000E+00
             50                 10               2174         1.2500E+00
             50                 11               6422         1.3000E+00
             50                 12              13609         1.4500E+00
             50                 13              20291         1.7000E+00
             50                 14              22300         2.0500E+00
             50                 15              19190         2.5000E+00
             50                 16              13584         3.0500E+00
             50                 17               7300         3.7000E+00
             50                 18               3137         4.4500E+00
             50                 19               1150         5.3000E+00
             50                 20                345         6.2500E+00
             50                 21                144         7.3000E+00
             50                 22                 37         8.4500E+00
             50                 23                  1         9.7000E+00
             51                  7                 25         2.2500E+00
             51                  8                221         2.0000E+00
             51                  9               1054         1.8500E+00
             51                 10               4803         1.8000E+00
             51                 11              12218         1.8500E+00
             51                 12              24910         2.0000E+00
             51                 13              35410         2.2500E+00
             51                 14              38739         2.6000E+00
             51                 15              32300         3.0500E+00
             51                 16              21757         3.6000E+00
             51                 17              12051         4.2500E+00
             51                 18               5516         5.0000E+00
             51                 19               1912         5.8500E+00
             51                 20                714         6.8000E+00
             51                 21                172         7.8500E+00
             51                 22                 28         9.0000E+00
             52                  6                  1         3.2500E+00
             52                  7                 75         2.9000E+00
             52                  8                415         2.6500E+00
             52                  9               2160         2.5000E+00
             52                 10               7914         2.4500E+00
             52                 11              18441         2.5000E+00
             52                 12              31965         2.6500E+00
             52                 13              44257         2.9000E+00
             52                 14              46895         3.2500E+00
             52                 15              38336         3.7000E+00
             52                 16              24726         4.2500E+00
             52                 17              13126         4.9000E+00
             52                 18               6101         5.6500E+00
             52                 19               2475         6.5000E+00
             52                 20                970         7.4500E+00
             52                 21                175         8.5000E+00
             52                 22                 66         9.6500E+00
             52                 23                  2         1.0900E+01
             53                  6                  3         4.0000E+00
             53                  7                 55         3.6500E+00
             53                  8                639         3.4000E+00
             53                  9               2938         3.2500E+00
             53                 10               8699         3.2000E+00
             53                 11              18988         3.2500E+00
             53                 12              31440         3.4000E+00
             53                 13              39520         3.6500E+00
             53                 14              39759         4.0000E+00
             53                 15              31351         4.4500E+00
             53                 16              19429         5.0000E+00
             53                 17              10228         5.6500E+00
             53                 18               5031         6.4000E+00
             53                 19               2101         7.2500E+00
             53                 20                726         8.2000E+00
             53                 21                193         9.2500E+00
             53                 22                 14         1.0400E+01
             54                  7                 32         4.5000E+00
             54                  8                626         4.2500E+00
             54                  9               2607         4.1000E+00
             54                 10               7312         4.0500E+00
             54                 11              13362         4.1000E+00
             54                 12              20908         4.2500E+00
             54                 13              24762         4.5000E+00
             54                 14              21716         4.8500E+00
             54                 15              16101         5.3000E+00
             54                 16               9804         5.8500E+00
             54                 17               5565         6.5000E+00
             54                 18               2389         7.2500E+00
             54                 19                986         8.1000E+00
             54                 20                387         9.0500E+00
             54                 21                150         1.0100E+01
             54                 22                  3         1.1250E+01
             55                  7                 17         5.4500E+00
             55                  8                289         5.2000E+00
             55                  9               1300         5.0500E+00
             55                 10               3459         5.0000E+00
             55                 11               6400         5.0500E+00
             55                 12               9151         5.2000E+00
             55                 13               9597         5.4500E+00
             55                 14               7777         5.8000E+00
             55                 15               5656         6.2500E+00
             55                 16               3407         6.8000E+00
             55                 17               1762         7.4500E+00
             55                 18                952         8.2000E+00
             55                 19                370         9.0500E+00
             55                 20                 96         1.0000E+01
             55                 21                 69         1.1050E+01
             55                 22                 10         1.2200E+01
             55                 23                  2         1.3450E+01
             56                  7                  4         6.5000E+00
             56                  8                 49         6.2500E+00
             56                  9                272         6.1000E+00
             56                 10                980         6.0500E+00
             56                 11               1864         6.1000E+00
             56                 12               2277         6.2500E+00
             56                 13               2243         6.5000E+00
             56                 14               1591         6.8500E+00
             56                 15                919         7.3000E+00
             56                 16                504         7.8500E+00
             56                 17                206         8.5000E+00
             56                 18                114         9.2500E+00
             56                 19                 40         1.0100E+01
             56                 20                  4         1.1050E+01
             57                  8                 10         7.4000E+00
             57                  9                 61         7.2500E+00
             57                 10                144         7.2000E+00
             57                 11                219         7.2500E+00
             57                 12                264         7.4000E+00
             57                 13                252         7.6500E+00
             57                 14                164         8.0000E+00
             57                 15                 69         8.4500E+00
             57                 16                 47         9.0000E+00
             57                 17                  7         9.6500E+00
             58                  9                  2         8.5000E+00
             58                 11                  2         8.5000E+00
             58                 12                  5         8.6500E+00
             58                 13                  3         8.9000E+00
             58                 14                  6         9.2500E+00
