  #Crystal Size      Water Content              Count               Bias
             49                 16                  1         1.8500E+00
             50                 13                  2         1.4500E+00
             50                 14                  3         1.3000E+00
             50                 15                  5         1.2500E+00
             50                 16                  6         1.3000E+00
             50                 17                  2         1.4500E+00
             50                 18                  3         1.7000E+00
             51                 10                  2         2.0500E+00
             51                 11                 14         1.6000E+00
             51                 12                 26         1.2500E+00
             51                 13                 41         1.0000E+00
             51                 14                 84         8.5000E-01
             51                 15                 69         8.0000E-01
             51                 16                 56         8.5000E-01
             51                 17                 33         1.0000E+00
             51                 18                 36         1.2500E+00
             51                 19                  8         1.6000E+00
             51                 20                  7         2.0500E+00
             52                  9                  6         2.2500E+00
             52                 10                 35         1.7000E+00
             52                 11                 64         1.2500E+00
             52                 12                178         9.0000E-01
             52                 13                383         6.5000E-01
             52                 14                546         5.0000E-01
             52                 15                707         4.5000E-01
             52                 16                512         5.0000E-01
             52                 17                352         6.5000E-01
             52                 18                255         9.0000E-01
             52                 19                 98         1.2500E+00
             52                 20                 76         1.7000E+00
             52                 21                 21         2.2500E+00
             52                 22                  1         2.9000E+00
             53                  7                  4         3.4000E+00
             53                  8                 20         2.6500E+00
             53                  9                 42         2.0000E+00
             53                 10                170         1.4500E+00
             53                 11                502         1.0000E+00
             53                 12               1163         6.5000E-01
             53                 13               2394         4.0000E-01
             53                 14               3161         2.5000E-01
             53                 15               3555         2.0000E-01
             53                 16               3080         2.5000E-01
             53                 17               2346         4.0000E-01
             53                 18               1235         6.5000E-01
             53                 19                590         1.0000E+00
             53                 20                231         1.4500E+00
             53                 21                 82         2.0000E+00
             53                 22                  6         2.6500E+00
             54                  8                 38         2.5000E+00
             54                  9                187         1.8500E+00
             54                 10                552         1.3000E+00
             54                 11               1830         8.5000E-01
             54                 12               4348         5.0000E-01
             54                 13               8002         2.5000E-01
             54                 14              11041         1.0000E-01
             54                 15              12245         5.0000E-02
             54                 16              11405         1.0000E-01
             54                 17               7994         2.5000E-01
             54                 18               4600         5.0000E-01
             54                 19               1950         8.5000E-01
             54                 20                762         1.3000E+00
             54                 21                277         1.8500E+00
             54                 22                 53         2.5000E+00
             54                 23                 11         3.2500E+00
             54                 24                  1         4.1000E+00
             55                  7                  4         3.2000E+00
             55                  8                113         2.4500E+00
             55                  9                463         1.8000E+00
             55                 10               1584         1.2500E+00
             55                 11               5278         8.0000E-01
             55                 12              11829         4.5000E-01
             55                 13              20607         2.0000E-01
             55                 14              27804         5.0000E-02
             55                 15              29395         0.0000E+00
             55                 16              25473         5.0000E-02
             55                 17              17931         2.0000E-01
             55                 18              10382         4.5000E-01
             55                 19               4939         8.0000E-01
             55                 20               1838         1.2500E+00
             55                 21                633         1.8000E+00
             55                 22                160         2.4500E+00
             55                 23                 23         3.2000E+00
             55                 24                  5         4.0500E+00
             56                  7                  4         3.2500E+00
             56                  8                176         2.5000E+00
             56                  9                811         1.8500E+00
             56                 10               3027         1.3000E+00
             56                 11               9314         8.5000E-01
             56                 12              20718         5.0000E-01
             56                 13              34994         2.5000E-01
             56                 14              45974         1.0000E-01
             56                 15              47138         5.0000E-02
             56                 16              38450         1.0000E-01
             56                 17              26853         2.5000E-01
             56                 18              15031         5.0000E-01
             56                 19               6505         8.5000E-01
             56                 20               2544         1.3000E+00
             56                 21                881         1.8500E+00
             56                 22                223         2.5000E+00
             56                 23                 13         3.2500E+00
             56                 24                  5         4.1000E+00
             57                  7                  7         3.4000E+00
             57                  8                145         2.6500E+00
             57                  9                880         2.0000E+00
             57                 10               3571         1.4500E+00
             57                 11              10757         1.0000E+00
             57                 12              23752         6.5000E-01
             57                 13              38246         4.0000E-01
             57                 14              49406         2.5000E-01
             57                 15              49203         2.0000E-01
             57                 16              40395         2.5000E-01
             57                 17              26000         4.0000E-01
             57                 18              13348         6.5000E-01
             57                 19               5924         1.0000E+00
             57                 20               2141         1.4500E+00
             57                 21                618         2.0000E+00
             57                 22                104         2.6500E+00
             57                 23                  2         3.4000E+00
             58                  7                  1         3.6500E+00
             58                  8                 88         2.9000E+00
             58                  9                685         2.2500E+00
             58                 10               2487         1.7000E+00
             58                 11               7655         1.2500E+00
             58                 12              16976         9.0000E-01
             58                 13              26471         6.5000E-01
             58                 14              32820         5.0000E-01
             58                 15              31086         4.5000E-01
             58                 16              24700         5.0000E-01
             58                 17              15150         6.5000E-01
             58                 18               7089         9.0000E-01
             58                 19               2921         1.2500E+00
             58                 20                968         1.7000E+00
             58                 21                268         2.2500E+00
             58                 22                 41         2.9000E+00
             58                 23                  1         3.6500E+00
             59                  8                 31         3.2500E+00
             59                  9                258         2.6000E+00
             59                 10               1080         2.0500E+00
             59                 11               3082         1.6000E+00
             59                 12               6431         1.2500E+00
             59                 13              10353         1.0000E+00
             59                 14              12142         8.5000E-01
             59                 15              10610         8.0000E-01
             59                 16               7383         8.5000E-01
             59                 17               4246         1.0000E+00
             59                 18               2240         1.2500E+00
             59                 19                996         1.6000E+00
             59                 20                358         2.0500E+00
             59                 21                 79         2.6000E+00
             59                 22                  5         3.2500E+00
             60                  7                  2         4.4500E+00
             60                  8                 15         3.7000E+00
             60                  9                 71         3.0500E+00
             60                 10                178         2.5000E+00
             60                 11                500         2.0500E+00
             60                 12                927         1.7000E+00
             60                 13               1489         1.4500E+00
             60                 14               1930         1.3000E+00
             60                 15               1482         1.2500E+00
             60                 16                809         1.3000E+00
             60                 17                420         1.4500E+00
             60                 18                210         1.7000E+00
             60                 19                 89         2.0500E+00
             60                 20                 39         2.5000E+00
             60                 21                  8         3.0500E+00
