  #Crystal Size      Water Content              Count               Bias
             45                 16                  1         1.3000E+00
             46                 17                  1         1.0000E+00
             46                 18                  1         1.2500E+00
             46                 19                  9         1.6000E+00
             46                 20                  3         2.0500E+00
             47                 15                  5         4.5000E-01
             47                 16                 13         5.0000E-01
             47                 17                 19         6.5000E-01
             47                 18                  9         9.0000E-01
             47                 19                 30         1.2500E+00
             47                 20                  8         1.7000E+00
             47                 21                 11         2.2500E+00
             47                 22                 10         2.9000E+00
             47                 23                  3         3.6500E+00
             47                 24                  1         4.5000E+00
             48                 12                  6         6.5000E-01
             48                 13                  2         4.0000E-01
             48                 14                  8         2.5000E-01
             48                 15                 48         2.0000E-01
             48                 16                121         2.5000E-01
             48                 17                113         4.0000E-01
             48                 18                213         6.5000E-01
             48                 19                294         1.0000E+00
             48                 20                160         1.4500E+00
             48                 21                153         2.0000E+00
             48                 22                126         2.6500E+00
             48                 23                 71         3.4000E+00
             48                 24                 17         4.2500E+00
             49                 11                  5         8.5000E-01
             49                 12                 16         5.0000E-01
             49                 13                 41         2.5000E-01
             49                 14                111         1.0000E-01
             49                 15                296         5.0000E-02
             49                 16                521         1.0000E-01
             49                 17                872         2.5000E-01
             49                 18               1163         5.0000E-01
             49                 19               1203         8.5000E-01
             49                 20               1079         1.3000E+00
             49                 21                903         1.8500E+00
             49                 22                505         2.5000E+00
             49                 23                298         3.2500E+00
             49                 24                131         4.1000E+00
             49                 25                 53         5.0500E+00
             49                 26                 11         6.1000E+00
             49                 27                  2         7.2500E+00
             50                 11                  4         8.0000E-01
             50                 12                 44         4.5000E-01
             50                 13                181         2.0000E-01
             50                 14                497         5.0000E-02
             50                 15               1163         0.0000E+00
             50                 16               2391         5.0000E-02
             50                 17               3761         2.0000E-01
             50                 18               4638         4.5000E-01
             50                 19               4650         8.0000E-01
             50                 20               4285         1.2500E+00
             50                 21               3256         1.8000E+00
             50                 22               2072         2.4500E+00
             50                 23               1178         3.2000E+00
             50                 24                412         4.0500E+00
             50                 25                152         5.0000E+00
             50                 26                 40         6.0500E+00
             50                 27                 22         7.2000E+00
             50                 28                 12         8.4500E+00
             51                 10                  2         1.3000E+00
             51                 11                 19         8.5000E-01
             51                 12                111         5.0000E-01
             51                 13                518         2.5000E-01
             51                 14               1588         1.0000E-01
             51                 15               3668         5.0000E-02
             51                 16               6843         1.0000E-01
             51                 17              10719         2.5000E-01
             51                 18              13869         5.0000E-01
             51                 19              14200         8.5000E-01
             51                 20              12555         1.3000E+00
             51                 21               9606         1.8500E+00
             51                 22               6175         2.5000E+00
             51                 23               3590         3.2500E+00
             51                 24               1476         4.1000E+00
             51                 25                517         5.0500E+00
             51                 26                150         6.1000E+00
             51                 27                 54         7.2500E+00
             51                 28                 15         8.5000E+00
             52                 10                 14         1.4500E+00
             52                 11                 50         1.0000E+00
             52                 12                238         6.5000E-01
             52                 13               1006         4.0000E-01
             52                 14               2980         2.5000E-01
             52                 15               7367         2.0000E-01
             52                 16              13662         2.5000E-01
             52                 17              21421         4.0000E-01
             52                 18              27035         6.5000E-01
             52                 19              29019         1.0000E+00
             52                 20              26864         1.4500E+00
             52                 21              19428         2.0000E+00
             52                 22              13427         2.6500E+00
             52                 23               7208         3.4000E+00
             52                 24               2926         4.2500E+00
             52                 25                989         5.2000E+00
             52                 26                257         6.2500E+00
             52                 27                 42         7.4000E+00
             52                 28                 20         8.6500E+00
             53                 10                 16         1.7000E+00
             53                 11                 63         1.2500E+00
             53                 12                389         9.0000E-01
             53                 13               1291         6.5000E-01
             53                 14               4156         5.0000E-01
             53                 15              10207         4.5000E-01
             53                 16              19657         5.0000E-01
             53                 17              30121         6.5000E-01
             53                 18              38585         9.0000E-01
             53                 19              40434         1.2500E+00
             53                 20              36987         1.7000E+00
             53                 21              28124         2.2500E+00
             53                 22              18604         2.9000E+00
             53                 23              10186         3.6500E+00
             53                 24               4113         4.5000E+00
             53                 25               1330         5.4500E+00
             53                 26                388         6.5000E+00
             53                 27                132         7.6500E+00
             53                 28                 16         8.9000E+00
             54                 10                  1         2.0500E+00
             54                 11                 39         1.6000E+00
             54                 12                300         1.2500E+00
             54                 13               1264         1.0000E+00
             54                 14               3913         8.5000E-01
             54                 15               9640         8.0000E-01
             54                 16              18496         8.5000E-01
             54                 17              28983         1.0000E+00
             54                 18              36214         1.2500E+00
             54                 19              38236         1.6000E+00
             54                 20              35000         2.0500E+00
             54                 21              26472         2.6000E+00
             54                 22              17131         3.2500E+00
             54                 23               9443         4.0000E+00
             54                 24               4061         4.8500E+00
             54                 25               1281         5.8000E+00
             54                 26                394         6.8500E+00
             54                 27                 79         8.0000E+00
             54                 28                 15         9.2500E+00
             55                 10                  3         2.5000E+00
             55                 11                 31         2.0500E+00
             55                 12                233         1.7000E+00
             55                 13                734         1.4500E+00
             55                 14               2000         1.3000E+00
             55                 15               5485         1.2500E+00
             55                 16              10876         1.3000E+00
             55                 17              17882         1.4500E+00
             55                 18              22601         1.7000E+00
             55                 19              24632         2.0500E+00
             55                 20              23046         2.5000E+00
             55                 21              17976         3.0500E+00
             55                 22              11814         3.7000E+00
             55                 23               5715         4.4500E+00
             55                 24               2235         5.3000E+00
             55                 25                681         6.2500E+00
             55                 26                212         7.3000E+00
             55                 27                 55         8.4500E+00
             55                 28                  6         9.7000E+00
             56                 10                  1         3.0500E+00
             56                 11                  3         2.6000E+00
             56                 12                 66         2.2500E+00
             56                 13                242         2.0000E+00
             56                 14                759         1.8500E+00
             56                 15               2227         1.8000E+00
             56                 16               4347         1.8500E+00
             56                 17               7073         2.0000E+00
             56                 18               9555         2.2500E+00
             56                 19              10412         2.6000E+00
             56                 20               9599         3.0500E+00
             56                 21               8096         3.6000E+00
             56                 22               5237         4.2500E+00
             56                 23               2590         5.0000E+00
             56                 24               1087         5.8500E+00
             56                 25                333         6.8000E+00
             56                 26                 89         7.8500E+00
             56                 27                 22         9.0000E+00
             56                 28                  2         1.0250E+01
             57                 12                 11         2.9000E+00
             57                 13                 87         2.6500E+00
             57                 14                170         2.5000E+00
             57                 15                494         2.4500E+00
             57                 16               1112         2.5000E+00
             57                 17               1718         2.6500E+00
             57                 18               2372         2.9000E+00
             57                 19               2907         3.2500E+00
             57                 20               2974         3.7000E+00
             57                 21               2431         4.2500E+00
             57                 22               1654         4.9000E+00
             57                 23                803         5.6500E+00
             57                 24                278         6.5000E+00
             57                 25                 78         7.4500E+00
             57                 26                 29         8.5000E+00
             57                 27                  4         9.6500E+00
             58                 13                 10         3.4000E+00
             58                 14                  9         3.2500E+00
             58                 15                 34         3.2000E+00
             58                 16                101         3.2500E+00
             58                 17                189         3.4000E+00
             58                 18                302         3.6500E+00
             58                 19                332         4.0000E+00
             58                 20                398         4.4500E+00
             58                 21                347         5.0000E+00
             58                 22                235         5.6500E+00
             58                 23                 70         6.4000E+00
             58                 24                 25         7.2500E+00
             58                 25                  6         8.2000E+00
             58                 26                  3         9.2500E+00
             58                 27                  1         1.0400E+01
             59                 17                  2         4.2500E+00
             59                 18                  6         4.5000E+00
             59                 19                  3         4.8500E+00
             59                 20                  8         5.3000E+00
             59                 21                  4         5.8500E+00
             59                 22                 13         6.5000E+00
             59                 23                  8         7.2500E+00
             59                 24                  2         8.1000E+00
