  #Crystal Size      Water Content              Count               Bias
             30                 18                  1         3.2000E+00
             30                 20                 10         5.0000E+00
             30                 21                 21         6.0500E+00
             30                 22                  6         7.2000E+00
             30                 23                  1         8.4500E+00
             31                 16                  1         1.8500E+00
             31                 17                  7         2.5000E+00
             31                 18                  8         3.2500E+00
             31                 19                 40         4.1000E+00
             31                 20                 42         5.0500E+00
             31                 21                 63         6.1000E+00
             31                 22                 66         7.2500E+00
             31                 23                 24         8.5000E+00
             31                 24                  7         9.8500E+00
             31                 25                  4         1.1300E+01
             32                 16                  3         2.0000E+00
             32                 17                 27         2.6500E+00
             32                 18                 73         3.4000E+00
             32                 19                101         4.2500E+00
             32                 20                166         5.2000E+00
             32                 21                215         6.2500E+00
             32                 22                269         7.4000E+00
             32                 23                174         8.6500E+00
             32                 24                 89         1.0000E+01
             32                 25                 15         1.1450E+01
             32                 26                  1         1.3000E+01
             33                 16                 23         2.2500E+00
             33                 17                127         2.9000E+00
             33                 18                269         3.6500E+00
             33                 19                332         4.5000E+00
             33                 20                515         5.4500E+00
             33                 21                839         6.5000E+00
             33                 22                908         7.6500E+00
             33                 23                628         8.9000E+00
             33                 24                304         1.0250E+01
             33                 25                143         1.1700E+01
             33                 26                 22         1.3250E+01
             33                 27                  3         1.4900E+01
             33                 28                  1         1.6650E+01
             34                 15                  1         2.0500E+00
             34                 16                 96         2.6000E+00
             34                 17                323         3.2500E+00
             34                 18                621         4.0000E+00
             34                 19               1174         4.8500E+00
             34                 20               1701         5.8000E+00
             34                 21               2503         6.8500E+00
             34                 22               2760         8.0000E+00
             34                 23               2371         9.2500E+00
             34                 24               1230         1.0600E+01
             34                 25                577         1.2050E+01
             34                 26                126         1.3600E+01
             34                 27                 12         1.5250E+01
             34                 28                  7         1.7000E+01
             35                 15                 69         2.5000E+00
             35                 16                249         3.0500E+00
             35                 17                864         3.7000E+00
             35                 18               2096         4.4500E+00
             35                 19               3448         5.3000E+00
             35                 20               4408         6.2500E+00
             35                 21               6240         7.3000E+00
             35                 22               6655         8.4500E+00
             35                 23               5246         9.7000E+00
             35                 24               3356         1.1050E+01
             35                 25               1712         1.2500E+01
             35                 26                659         1.4050E+01
             35                 27                103         1.5700E+01
             35                 28                  8         1.7450E+01
             36                 14                  6         2.6000E+00
             36                 15                214         3.0500E+00
             36                 16                695         3.6000E+00
             36                 17               2221         4.2500E+00
             36                 18               4527         5.0000E+00
             36                 19               7465         5.8500E+00
             36                 20               9720         6.8000E+00
             36                 21              11941         7.8500E+00
             36                 22              12830         9.0000E+00
             36                 23              10850         1.0250E+01
             36                 24               6666         1.1600E+01
             36                 25               3515         1.3050E+01
             36                 26               1281         1.4600E+01
             36                 27                221         1.6250E+01
             36                 28                 11         1.8000E+01
             36                 29                  1         1.9850E+01
             37                 14                 67         3.2500E+00
             37                 15                398         3.7000E+00
             37                 16               1814         4.2500E+00
             37                 17               4552         4.9000E+00
             37                 18               8980         5.6500E+00
             37                 19              13837         6.5000E+00
             37                 20              17490         7.4500E+00
             37                 21              19877         8.5000E+00
             37                 22              20528         9.6500E+00
             37                 23              17120         1.0900E+01
             37                 24              10773         1.2250E+01
             37                 25               5451         1.3700E+01
             37                 26               2114         1.5250E+01
             37                 27                428         1.6900E+01
             37                 28                 43         1.8650E+01
             37                 29                  4         2.0500E+01
             38                 13                 19         3.6500E+00
             38                 14                 91         4.0000E+00
             38                 15                666         4.4500E+00
             38                 16               2723         5.0000E+00
             38                 17               7259         5.6500E+00
             38                 18              13039         6.4000E+00
             38                 19              20358         7.2500E+00
             38                 20              26046         8.2000E+00
             38                 21              27269         9.2500E+00
             38                 22              26108         1.0400E+01
             38                 23              21124         1.1650E+01
             38                 24              13856         1.3000E+01
             38                 25               6652         1.4450E+01
             38                 26               2559         1.6000E+01
             38                 27                627         1.7650E+01
             38                 28                 36         1.9400E+01
             38                 29                  9         2.1250E+01
             39                 13                 18         4.5000E+00
             39                 14                124         4.8500E+00
             39                 15               1035         5.3000E+00
             39                 16               3210         5.8500E+00
             39                 17               8188         6.5000E+00
             39                 18              14926         7.2500E+00
             39                 19              23935         8.1000E+00
             39                 20              30821         9.0500E+00
             39                 21              30807         1.0100E+01
             39                 22              28023         1.1250E+01
             39                 23              20693         1.2500E+01
             39                 24              12708         1.3850E+01
             39                 25               5928         1.5300E+01
             39                 26               2431         1.6850E+01
             39                 27                662         1.8500E+01
             39                 28                 90         2.0250E+01
             39                 29                  5         2.2100E+01
             40                 13                 16         5.4500E+00
             40                 14                170         5.8000E+00
             40                 15               1232         6.2500E+00
             40                 16               3484         6.8000E+00
             40                 17               7256         7.4500E+00
             40                 18              13980         8.2000E+00
             40                 19              22236         9.0500E+00
             40                 20              27743         1.0000E+01
             40                 21              27587         1.1050E+01
             40                 22              23928         1.2200E+01
             40                 23              15884         1.3450E+01
             40                 24               8886         1.4800E+01
             40                 25               4495         1.6250E+01
             40                 26               1891         1.7800E+01
             40                 27                583         1.9450E+01
             40                 28                113         2.1200E+01
             40                 29                 13         2.3050E+01
             41                 13                 38         6.5000E+00
             41                 14                318         6.8500E+00
             41                 15               1182         7.3000E+00
             41                 16               3190         7.8500E+00
             41                 17               5935         8.5000E+00
             41                 18              11152         9.2500E+00
             41                 19              16720         1.0100E+01
             41                 20              20171         1.1050E+01
             41                 21              20587         1.2100E+01
             41                 22              16860         1.3250E+01
             41                 23              10349         1.4500E+01
             41                 24               5582         1.5850E+01
             41                 25               2437         1.7300E+01
             41                 26               1001         1.8850E+01
             41                 27                349         2.0500E+01
             41                 28                134         2.2250E+01
             41                 29                  4         2.4100E+01
             41                 30                  2         2.6050E+01
             42                 12                  1         7.4000E+00
             42                 13                 24         7.6500E+00
             42                 14                346         8.0000E+00
             42                 15               1204         8.4500E+00
             42                 16               2408         9.0000E+00
             42                 17               4256         9.6500E+00
             42                 18               7299         1.0400E+01
             42                 19              10166         1.1250E+01
             42                 20              11647         1.2200E+01
             42                 21              11300         1.3250E+01
             42                 22               9147         1.4400E+01
             42                 23               5554         1.5650E+01
             42                 24               2791         1.7000E+01
             42                 25               1100         1.8450E+01
             42                 26                377         2.0000E+01
             42                 27                221         2.1650E+01
             42                 28                 76         2.3400E+01
             42                 29                  5         2.5250E+01
             42                 30                  1         2.7200E+01
             43                 13                 39         8.9000E+00
             43                 14                328         9.2500E+00
             43                 15                950         9.7000E+00
             43                 16               1485         1.0250E+01
             43                 17               2718         1.0900E+01
             43                 18               4062         1.1650E+01
             43                 19               5363         1.2500E+01
             43                 20               5258         1.3450E+01
             43                 21               5066         1.4500E+01
             43                 22               4181         1.5650E+01
             43                 23               2503         1.6900E+01
             43                 24               1055         1.8250E+01
             43                 25                381         1.9700E+01
             43                 26                118         2.1250E+01
             43                 27                 45         2.2900E+01
             43                 28                 11         2.4650E+01
             43                 29                  1         2.6500E+01
             44                 13                  3         1.0250E+01
             44                 14                142         1.0600E+01
             44                 15                411         1.1050E+01
             44                 16                971         1.1600E+01
             44                 17               1240         1.2250E+01
             44                 18               1899         1.3000E+01
             44                 19               2143         1.3850E+01
             44                 20               2092         1.4800E+01
             44                 21               1776         1.5850E+01
             44                 22               1467         1.7000E+01
             44                 23                850         1.8250E+01
             44                 24                300         1.9600E+01
             44                 25                130         2.1050E+01
             44                 26                 42         2.2600E+01
             44                 27                 11         2.4250E+01
             45                 13                  4         1.1700E+01
             45                 14                 72         1.2050E+01
             45                 15                198         1.2500E+01
             45                 16                444         1.3050E+01
             45                 17                452         1.3700E+01
             45                 18                679         1.4450E+01
             45                 19                944         1.5300E+01
             45                 20                859         1.6250E+01
             45                 21                762         1.7300E+01
             45                 22                676         1.8450E+01
             45                 23                231         1.9700E+01
             45                 24                 66         2.1050E+01
             45                 25                 44         2.2500E+01
             45                 26                 15         2.4050E+01
             45                 27                  1         2.5700E+01
             46                 14                  7         1.3600E+01
             46                 15                 62         1.4050E+01
             46                 16                151         1.4600E+01
             46                 17                129         1.5250E+01
             46                 18                202         1.6000E+01
             46                 19                227         1.6850E+01
             46                 20                247         1.7800E+01
             46                 21                316         1.8850E+01
             46                 22                263         2.0000E+01
             46                 23                 96         2.1250E+01
             46                 24                  6         2.2600E+01
             46                 25                 13         2.4050E+01
             46                 26                  1         2.5600E+01
             47                 14                  2         1.5250E+01
             47                 15                 14         1.5700E+01
             47                 16                 21         1.6250E+01
             47                 17                 21         1.6900E+01
             47                 18                 44         1.7650E+01
             47                 19                 78         1.8500E+01
             47                 20                 42         1.9450E+01
             47                 21                 91         2.0500E+01
             47                 22                 72         2.1650E+01
             47                 23                 11         2.2900E+01
             47                 25                 12         2.5700E+01
             48                 14                  1         1.7000E+01
             48                 15                  1         1.7450E+01
             48                 17                  1         1.8650E+01
             48                 18                  9         1.9400E+01
             48                 19                  7         2.0250E+01
             48                 20                 36         2.1200E+01
             48                 21                 26         2.2250E+01
             48                 22                 13         2.3400E+01
             48                 23                  1         2.4650E+01
             49                 20                  6         2.3050E+01
             49                 21                  3         2.4100E+01
             49                 22                  1         2.5250E+01
