  #Crystal Size      Water Content              Count               Bias
             50                 16                  1         5.0500E+00
             50                 18                  5         5.4500E+00
             51                 13                  4         4.2500E+00
             51                 14                  6         4.1000E+00
             51                 15                 18         4.0500E+00
             51                 16                 20         4.1000E+00
             51                 17                 20         4.2500E+00
             51                 18                 37         4.5000E+00
             51                 19                 19         4.8500E+00
             51                 20                  1         5.3000E+00
             51                 21                  2         5.8500E+00
             52                 10                  2         4.4500E+00
             52                 11                  1         4.0000E+00
             52                 12                 26         3.6500E+00
             52                 13                 85         3.4000E+00
             52                 14                 98         3.2500E+00
             52                 15                165         3.2000E+00
             52                 16                276         3.2500E+00
             52                 17                249         3.4000E+00
             52                 18                228         3.6500E+00
             52                 19                132         4.0000E+00
             52                 20                 45         4.4500E+00
             52                 21                  8         5.0000E+00
             52                 22                  2         5.6500E+00
             53                 10                 16         3.7000E+00
             53                 11                 80         3.2500E+00
             53                 12                247         2.9000E+00
             53                 13                524         2.6500E+00
             53                 14                977         2.5000E+00
             53                 15               1415         2.4500E+00
             53                 16               1758         2.5000E+00
             53                 17               1688         2.6500E+00
             53                 18               1142         2.9000E+00
             53                 19                685         3.2500E+00
             53                 20                290         3.7000E+00
             53                 21                 85         4.2500E+00
             53                 22                 24         4.9000E+00
             53                 23                  6         5.6500E+00
             54                  9                  7         3.6000E+00
             54                 10                 51         3.0500E+00
             54                 11                306         2.6000E+00
             54                 12                873         2.2500E+00
             54                 13               2523         2.0000E+00
             54                 14               4612         1.8500E+00
             54                 15               6532         1.8000E+00
             54                 16               7426         1.8500E+00
             54                 17               6316         2.0000E+00
             54                 18               5003         2.2500E+00
             54                 19               2920         2.6000E+00
             54                 20               1276         3.0500E+00
             54                 21                455         3.6000E+00
             54                 22                160         4.2500E+00
             54                 23                 28         5.0000E+00
             54                 24                  1         5.8500E+00
             55                  8                  1         3.7000E+00
             55                  9                 15         3.0500E+00
             55                 10                224         2.5000E+00
             55                 11                905         2.0500E+00
             55                 12               3215         1.7000E+00
             55                 13               7768         1.4500E+00
             55                 14              14915         1.3000E+00
             55                 15              20802         1.2500E+00
             55                 16              22457         1.3000E+00
             55                 17              19466         1.4500E+00
             55                 18              14250         1.7000E+00
             55                 19               8690         2.0500E+00
             55                 20               4239         2.5000E+00
             55                 21               1604         3.0500E+00
             55                 22                580         3.7000E+00
             55                 23                194         4.4500E+00
             55                 24                 35         5.3000E+00
             55                 25                  4         6.2500E+00
             55                 26                  4         7.3000E+00
             56                  8                  3         3.2500E+00
             56                  9                 84         2.6000E+00
             56                 10                549         2.0500E+00
             56                 11               2150         1.6000E+00
             56                 12               7198         1.2500E+00
             56                 13              16844         1.0000E+00
             56                 14              30221         8.5000E-01
             56                 15              43619         8.0000E-01
             56                 16              46145         8.5000E-01
             56                 17              39574         1.0000E+00
             56                 18              27797         1.2500E+00
             56                 19              16590         1.6000E+00
             56                 20               8612         2.0500E+00
             56                 21               3746         2.6000E+00
             56                 22               1317         3.2500E+00
             56                 23                526         4.0000E+00
             56                 24                175         4.8500E+00
             56                 25                 43         5.8000E+00
             56                 26                  8         6.8500E+00
             57                  8                  5         2.9000E+00
             57                  9                120         2.2500E+00
             57                 10                888         1.7000E+00
             57                 11               2957         1.2500E+00
             57                 12               9302         9.0000E-01
             57                 13              21776         6.5000E-01
             57                 14              40544         5.0000E-01
             57                 15              55421         4.5000E-01
             57                 16              57634         5.0000E-01
             57                 17              49168         6.5000E-01
             57                 18              33001         9.0000E-01
             57                 19              19043         1.2500E+00
             57                 20               9597         1.7000E+00
             57                 21               4220         2.2500E+00
             57                 22               1678         2.9000E+00
             57                 23                555         3.6500E+00
             57                 24                250         4.5000E+00
             57                 25                 69         5.4500E+00
             57                 26                  2         6.5000E+00
             58                  8                 33         2.6500E+00
             58                  9                124         2.0000E+00
             58                 10                778         1.4500E+00
             58                 11               2564         1.0000E+00
             58                 12               7206         6.5000E-01
             58                 13              17144         4.0000E-01
             58                 14              30132         2.5000E-01
             58                 15              38744         2.0000E-01
             58                 16              39472         2.5000E-01
             58                 17              32084         4.0000E-01
             58                 18              21339         6.5000E-01
             58                 19              11837         1.0000E+00
             58                 20               5613         1.4500E+00
             58                 21               2748         2.0000E+00
             58                 22               1178         2.6500E+00
             58                 23                407         3.4000E+00
             58                 24                 93         4.2500E+00
             58                 25                 41         5.2000E+00
             59                  8                  9         2.5000E+00
             59                  9                 85         1.8500E+00
             59                 10                403         1.3000E+00
             59                 11               1121         8.5000E-01
             59                 12               2940         5.0000E-01
             59                 13               6035         2.5000E-01
             59                 14               9690         1.0000E-01
             59                 15              12004         5.0000E-02
             59                 16              11888         1.0000E-01
             59                 17               8916         2.5000E-01
             59                 18               5897         5.0000E-01
             59                 19               3058         8.5000E-01
             59                 20               1550         1.3000E+00
             59                 21                823         1.8500E+00
             59                 22                286         2.5000E+00
             59                 23                 42         3.2500E+00
             59                 24                  1         4.1000E+00
             60                  9                 20         1.8000E+00
             60                 10                 65         1.2500E+00
             60                 11                242         8.0000E-01
             60                 12                413         4.5000E-01
             60                 13                529         2.0000E-01
             60                 14                693         5.0000E-02
             60                 15                774         0.0000E+00
             60                 16                589         5.0000E-02
             60                 17                379         2.0000E-01
             60                 18                212         4.5000E-01
             60                 19                 98         8.0000E-01
             60                 20                 25         1.2500E+00
             60                 21                  1         1.8000E+00
