  #Crystal Size      Water Content              Count               Bias
             42                 15                  7         5.2000E+00
             43                 13                 10         3.6500E+00
             43                 14                 30         4.5000E+00
             43                 15                 25         5.4500E+00
             43                 16                  9         6.5000E+00
             43                 17                 11         7.6500E+00
             44                 11                 18         2.6000E+00
             44                 12                 30         3.2500E+00
             44                 13                 74         4.0000E+00
             44                 14                224         4.8500E+00
             44                 15                128         5.8000E+00
             44                 16                 71         6.8500E+00
             44                 17                 19         8.0000E+00
             45                  9                  2         2.0500E+00
             45                 10                 40         2.5000E+00
             45                 11                103         3.0500E+00
             45                 12                219         3.7000E+00
             45                 13                402         4.4500E+00
             45                 14                607         5.3000E+00
             45                 15                521         6.2500E+00
             45                 16                249         7.3000E+00
             45                 17                 62         8.4500E+00
             45                 18                 21         9.7000E+00
             46                  9                 42         2.6000E+00
             46                 10                225         3.0500E+00
             46                 11                491         3.6000E+00
             46                 12                914         4.2500E+00
             46                 13               1505         5.0000E+00
             46                 14               1834         5.8500E+00
             46                 15               1388         6.8000E+00
             46                 16                751         7.8500E+00
             46                 17                184         9.0000E+00
             46                 18                 84         1.0250E+01
             46                 19                 17         1.1600E+01
             47                  8                  5         2.9000E+00
             47                  9                 55         3.2500E+00
             47                 10                555         3.7000E+00
             47                 11               1797         4.2500E+00
             47                 12               3257         4.9000E+00
             47                 13               4828         5.6500E+00
             47                 14               5174         6.5000E+00
             47                 15               4099         7.4500E+00
             47                 16               2224         8.5000E+00
             47                 17                993         9.6500E+00
             47                 18                466         1.0900E+01
             47                 19                118         1.2250E+01
             47                 20                 25         1.3700E+01
             48                  9                288         4.0000E+00
             48                 10               1240         4.4500E+00
             48                 11               4035         5.0000E+00
             48                 12               8762         5.6500E+00
             48                 13              12737         6.4000E+00
             48                 14              13388         7.2500E+00
             48                 15               9737         8.2000E+00
             48                 16               5704         9.2500E+00
             48                 17               2952         1.0400E+01
             48                 18               1115         1.1650E+01
             48                 19                442         1.3000E+01
             48                 20                 72         1.4450E+01
             49                  7                  6         4.2500E+00
             49                  8                 45         4.5000E+00
             49                  9                434         4.8500E+00
             49                 10               2049         5.3000E+00
             49                 11               7586         5.8500E+00
             49                 12              16691         6.5000E+00
             49                 13              24816         7.2500E+00
             49                 14              25452         8.1000E+00
             49                 15              20107         9.0500E+00
             49                 16              11614         1.0100E+01
             49                 17               6090         1.1250E+01
             49                 18               2209         1.2500E+01
             49                 19               1126         1.3850E+01
             49                 20                266         1.5300E+01
             49                 21                 34         1.6850E+01
             49                 22                  3         1.8500E+01
             50                  7                  4         5.2000E+00
             50                  8                160         5.4500E+00
             50                  9                887         5.8000E+00
             50                 10               3627         6.2500E+00
             50                 11              11135         6.8000E+00
             50                 12              22764         7.4500E+00
             50                 13              32451         8.2000E+00
             50                 14              34197         9.0500E+00
             50                 15              27908         1.0000E+01
             50                 16              16092         1.1050E+01
             50                 17               7777         1.2200E+01
             50                 18               2908         1.3450E+01
             50                 19               1332         1.4800E+01
             50                 20                457         1.6250E+01
             50                 21                158         1.7800E+01
             50                 22                 14         1.9450E+01
             51                  7                 91         6.2500E+00
             51                  8                398         6.5000E+00
             51                  9               1770         6.8500E+00
             51                 10               6087         7.3000E+00
             51                 11              15143         7.8500E+00
             51                 12              25752         8.5000E+00
             51                 13              33293         9.2500E+00
             51                 14              33408         1.0100E+01
             51                 15              27149         1.1050E+01
             51                 16              16738         1.2100E+01
             51                 17               8091         1.3250E+01
             51                 18               3196         1.4500E+01
             51                 19               1553         1.5850E+01
             51                 20                403         1.7300E+01
             51                 21                 88         1.8850E+01
             51                 22                  6         2.0500E+01
             52                  6                 22         7.2500E+00
             52                  7                266         7.4000E+00
             52                  8                981         7.6500E+00
             52                  9               3615         8.0000E+00
             52                 10               8971         8.4500E+00
             52                 11              17773         9.0000E+00
             52                 12              25809         9.6500E+00
             52                 13              28923         1.0400E+01
             52                 14              28039         1.1250E+01
             52                 15              21153         1.2200E+01
             52                 16              12457         1.3250E+01
             52                 17               6251         1.4400E+01
             52                 18               2840         1.5650E+01
             52                 19               1074         1.7000E+01
             52                 20                242         1.8450E+01
             52                 21                 43         2.0000E+01
             52                 22                  1         2.1650E+01
             53                  5                  1         8.4500E+00
             53                  6                100         8.5000E+00
             53                  7                395         8.6500E+00
             53                  8               1732         8.9000E+00
             53                  9               4886         9.2500E+00
             53                 10              11807         9.7000E+00
             53                 11              19271         1.0250E+01
             53                 12              23167         1.0900E+01
             53                 13              22917         1.1650E+01
             53                 14              18311         1.2500E+01
             53                 15              12884         1.3450E+01
             53                 16               7791         1.4500E+01
             53                 17               3607         1.5650E+01
             53                 18               1464         1.6900E+01
             53                 19                505         1.8250E+01
             53                 20                 94         1.9700E+01
             53                 21                 10         2.1250E+01
             53                 22                  5         2.2900E+01
             53                 23                  2         2.4650E+01
             54                  6                 81         9.8500E+00
             54                  7                411         1.0000E+01
             54                  8               1863         1.0250E+01
             54                  9               5443         1.0600E+01
             54                 10              11529         1.1050E+01
             54                 11              15944         1.1600E+01
             54                 12              18031         1.2250E+01
             54                 13              15073         1.3000E+01
             54                 14              10496         1.3850E+01
             54                 15               6344         1.4800E+01
             54                 16               3197         1.5850E+01
             54                 17               1410         1.7000E+01
             54                 18                461         1.8250E+01
             54                 19                161         1.9600E+01
             54                 20                 65         2.1050E+01
             54                 21                 17         2.2600E+01
             54                 22                 26         2.4250E+01
             54                 23                  6         2.6000E+01
             55                  6                 19         1.1300E+01
             55                  7                339         1.1450E+01
             55                  8               1575         1.1700E+01
             55                  9               4242         1.2050E+01
             55                 10               7546         1.2500E+01
             55                 11               9955         1.3050E+01
             55                 12               9937         1.3700E+01
             55                 13               7360         1.4450E+01
             55                 14               4449         1.5300E+01
             55                 15               2345         1.6250E+01
             55                 16               1126         1.7300E+01
             55                 17                405         1.8450E+01
             55                 18                119         1.9700E+01
             55                 19                 44         2.1050E+01
             55                 20                 40         2.2500E+01
             55                 21                 12         2.4050E+01
             56                  6                 54         1.2850E+01
             56                  7                160         1.3000E+01
             56                  8                732         1.3250E+01
             56                  9               1784         1.3600E+01
             56                 10               3245         1.4050E+01
             56                 11               3955         1.4600E+01
             56                 12               3828         1.5250E+01
             56                 13               2794         1.6000E+01
             56                 14               1399         1.6850E+01
             56                 15                685         1.7800E+01
             56                 16                224         1.8850E+01
             56                 17                 99         2.0000E+01
             56                 18                 64         2.1250E+01
             56                 19                 21         2.2600E+01
             56                 20                  1         2.4050E+01
             57                  6                  3         1.4500E+01
             57                  7                 22         1.4650E+01
             57                  8                166         1.4900E+01
             57                  9                458         1.5250E+01
             57                 10                970         1.5700E+01
             57                 11               1056         1.6250E+01
             57                 12                970         1.6900E+01
             57                 13                532         1.7650E+01
             57                 14                266         1.8500E+01
             57                 15                 51         1.9450E+01
             57                 16                 36         2.0500E+01
             57                 17                 35         2.1650E+01
             57                 18                  6         2.2900E+01
             58                  6                  5         1.6250E+01
             58                  7                  9         1.6400E+01
             58                  8                 38         1.6650E+01
             58                  9                137         1.7000E+01
             58                 10                157         1.7450E+01
             58                 11                187         1.8000E+01
             58                 12                234         1.8650E+01
             58                 13                 82         1.9400E+01
             58                 14                  3         2.0250E+01
             58                 15                  3         2.1200E+01
             58                 16                  5         2.2250E+01
             59                  8                  6         1.8500E+01
             59                  9                 23         1.8850E+01
             59                 10                 22         1.9300E+01
             59                 11                 25         1.9850E+01
             59                 12                 15         2.0500E+01
             59                 13                  2         2.1250E+01
             59                 14                  1         2.2100E+01
