  #Crystal Size      Water Content              Count               Bias
             49                  9                  1         4.1000E+00
             49                 10                  7         5.0500E+00
             49                 11                 11         6.1000E+00
             49                 12                  9         7.2500E+00
             50                  7                  1         2.4500E+00
             50                  8                  5         3.2000E+00
             50                  9                 46         4.0500E+00
             50                 10                 55         5.0000E+00
             50                 11                 85         6.0500E+00
             50                 12                 84         7.2000E+00
             50                 13                 45         8.4500E+00
             50                 14                  7         9.8000E+00
             51                  6                  7         1.8500E+00
             51                  7                 34         2.5000E+00
             51                  8                123         3.2500E+00
             51                  9                328         4.1000E+00
             51                 10                381         5.0500E+00
             51                 11                386         6.1000E+00
             51                 12                426         7.2500E+00
             51                 13                168         8.5000E+00
             51                 14                 60         9.8500E+00
             51                 15                  3         1.1300E+01
             51                 16                  2         1.2850E+01
             52                  6                 54         2.0000E+00
             52                  7                446         2.6500E+00
             52                  8               1110         3.4000E+00
             52                  9               2193         4.2500E+00
             52                 10               2602         5.2000E+00
             52                 11               2425         6.2500E+00
             52                 12               1512         7.4000E+00
             52                 13                754         8.6500E+00
             52                 14                244         1.0000E+01
             52                 15                 99         1.1450E+01
             52                 16                 10         1.3000E+01
             52                 17                  8         1.4650E+01
             53                  4                  7         1.2500E+00
             53                  5                 49         1.7000E+00
             53                  6                533         2.2500E+00
             53                  7               2329         2.9000E+00
             53                  8               5417         3.6500E+00
             53                  9               9514         4.5000E+00
             53                 10              11531         5.4500E+00
             53                 11              10051         6.5000E+00
             53                 12               6153         7.6500E+00
             53                 13               2702         8.9000E+00
             53                 14                821         1.0250E+01
             53                 15                125         1.1700E+01
             53                 16                 36         1.3250E+01
             53                 17                 11         1.4900E+01
             54                  3                  1         1.2500E+00
             54                  4                 13         1.6000E+00
             54                  5                309         2.0500E+00
             54                  6               1857         2.6000E+00
             54                  7               7335         3.2500E+00
             54                  8              16749         4.0000E+00
             54                  9              26612         4.8500E+00
             54                 10              30871         5.8000E+00
             54                 11              24779         6.8500E+00
             54                 12              14351         8.0000E+00
             54                 13               6281         9.2500E+00
             54                 14               1865         1.0600E+01
             54                 15                337         1.2050E+01
             54                 16                 32         1.3600E+01
             54                 17                  1         1.5250E+01
             55                  3                  4         1.7000E+00
             55                  4                 74         2.0500E+00
             55                  5                708         2.5000E+00
             55                  6               3931         3.0500E+00
             55                  7              14235         3.7000E+00
             55                  8              32719         4.4500E+00
             55                  9              48690         5.3000E+00
             55                 10              52974         6.2500E+00
             55                 11              40819         7.3000E+00
             55                 12              22222         8.4500E+00
             55                 13               8949         9.7000E+00
             55                 14               2595         1.1050E+01
             55                 15                618         1.2500E+01
             55                 16                 53         1.4050E+01
             55                 17                  3         1.5700E+01
             56                  3                  4         2.2500E+00
             56                  4                166         2.6000E+00
             56                  5               1111         3.0500E+00
             56                  6               5980         3.6000E+00
             56                  7              20060         4.2500E+00
             56                  8              41907         5.0000E+00
             56                  9              59497         5.8500E+00
             56                 10              58822         6.8000E+00
             56                 11              43692         7.8500E+00
             56                 12              23502         9.0000E+00
             56                 13               9137         1.0250E+01
             56                 14               2380         1.1600E+01
             56                 15                505         1.3050E+01
             56                 16                 71         1.4600E+01
             56                 17                  3         1.6250E+01
             56                 18                  2         1.8000E+01
             57                  3                  7         2.9000E+00
             57                  4                226         3.2500E+00
             57                  5               1234         3.7000E+00
             57                  6               5476         4.2500E+00
             57                  7              17063         4.9000E+00
             57                  8              33958         5.6500E+00
             57                  9              44539         6.5000E+00
             57                 10              42645         7.4500E+00
             57                 11              29371         8.5000E+00
             57                 12              15266         9.6500E+00
             57                 13               5708         1.0900E+01
             57                 14               1415         1.2250E+01
             57                 15                305         1.3700E+01
             57                 16                 64         1.5250E+01
             57                 17                  9         1.6900E+01
             57                 18                  3         1.8650E+01
             58                  3                 10         3.6500E+00
             58                  4                126         4.0000E+00
             58                  5                689         4.4500E+00
             58                  6               2821         5.0000E+00
             58                  7               8730         5.6500E+00
             58                  8              15660         6.4000E+00
             58                  9              20473         7.2500E+00
             58                 10              17749         8.2000E+00
             58                 11              12457         9.2500E+00
             58                 12               5997         1.0400E+01
             58                 13               2035         1.1650E+01
             58                 14                514         1.3000E+01
             58                 15                109         1.4450E+01
             58                 16                 10         1.6000E+01
             58                 17                 14         1.7650E+01
             59                  3                 12         4.5000E+00
             59                  4                 86         4.8500E+00
             59                  5                242         5.3000E+00
             59                  6                936         5.8500E+00
             59                  7               2573         6.5000E+00
             59                  8               4189         7.2500E+00
             59                  9               5227         8.1000E+00
             59                 10               4522         9.0500E+00
             59                 11               3103         1.0100E+01
             59                 12               1393         1.1250E+01
             59                 13                409         1.2500E+01
             59                 14                 88         1.3850E+01
             59                 15                 21         1.5300E+01
             59                 16                  6         1.6850E+01
             59                 17                  6         1.8500E+01
             60                  3                  1         5.4500E+00
             60                  4                  4         5.8000E+00
             60                  5                 42         6.2500E+00
             60                  6                190         6.8000E+00
             60                  7                280         7.4500E+00
             60                  8                545         8.2000E+00
             60                  9                621         9.0500E+00
             60                 10                534         1.0000E+01
             60                 11                304         1.1050E+01
             60                 12                101         1.2200E+01
             60                 13                 45         1.3450E+01
             60                 14                  1         1.4800E+01
