  #Crystal Size      Water Content              Count               Bias
             47                  7                  3         7.4000E+00
             47                  8                  4         8.6500E+00
             48                  5                  2         5.4500E+00
             48                  6                 15         6.5000E+00
             48                  7                 87         7.6500E+00
             48                  8                 19         8.9000E+00
             48                  9                  7         1.0250E+01
             48                 10                 11         1.1700E+01
             48                 11                  1         1.3250E+01
             48                 12                 19         1.4900E+01
             49                  5                 60         5.8000E+00
             49                  6                 79         6.8500E+00
             49                  7                153         8.0000E+00
             49                  8                123         9.2500E+00
             49                  9                134         1.0600E+01
             49                 10                160         1.2050E+01
             49                 11                114         1.3600E+01
             49                 12                 52         1.5250E+01
             49                 13                  8         1.7000E+01
             50                  4                  5         5.3000E+00
             50                  5                180         6.2500E+00
             50                  6                711         7.3000E+00
             50                  7                890         8.4500E+00
             50                  8               1165         9.7000E+00
             50                  9               1149         1.1050E+01
             50                 10                920         1.2500E+01
             50                 11                469         1.4050E+01
             50                 12                273         1.5700E+01
             50                 13                 38         1.7450E+01
             50                 14                  1         1.9300E+01
             51                  3                  2         5.0000E+00
             51                  4                 41         5.8500E+00
             51                  5                650         6.8000E+00
             51                  6               2468         7.8500E+00
             51                  7               4185         9.0000E+00
             51                  8               5832         1.0250E+01
             51                  9               4725         1.1600E+01
             51                 10               3887         1.3050E+01
             51                 11               1898         1.4600E+01
             51                 12                654         1.6250E+01
             51                 13                 98         1.8000E+01
             51                 14                 11         1.9850E+01
             51                 15                  1         2.1800E+01
             52                  3                 11         5.6500E+00
             52                  4                247         6.5000E+00
             52                  5               1791         7.4500E+00
             52                  6               6522         8.5000E+00
             52                  7              13521         9.6500E+00
             52                  8              18108         1.0900E+01
             52                  9              15643         1.2250E+01
             52                 10              10180         1.3700E+01
             52                 11               5477         1.5250E+01
             52                 12               1849         1.6900E+01
             52                 13                503         1.8650E+01
             52                 14                 52         2.0500E+01
             52                 15                  3         2.2450E+01
             53                  3                 16         6.4000E+00
             53                  4                631         7.2500E+00
             53                  5               4039         8.2000E+00
             53                  6              14667         9.2500E+00
             53                  7              29766         1.0400E+01
             53                  8              38728         1.1650E+01
             53                  9              33291         1.3000E+01
             53                 10              20668         1.4450E+01
             53                 11              10353         1.6000E+01
             53                 12               3516         1.7650E+01
             53                 13                895         1.9400E+01
             53                 14                127         2.1250E+01
             54                  3                 34         7.2500E+00
             54                  4               1290         8.1000E+00
             54                  5               7839         9.0500E+00
             54                  6              24791         1.0100E+01
             54                  7              47897         1.1250E+01
             54                  8              58088         1.2500E+01
             54                  9              48601         1.3850E+01
             54                 10              28124         1.5300E+01
             54                 11              13406         1.6850E+01
             54                 12               4552         1.8500E+01
             54                 13               1283         2.0250E+01
             54                 14                332         2.2100E+01
             54                 15                 16         2.4050E+01
             54                 16                  1         2.6100E+01
             55                  2                  7         7.4500E+00
             55                  3                180         8.2000E+00
             55                  4               2097         9.0500E+00
             55                  5               9856         1.0000E+01
             55                  6              28842         1.1050E+01
             55                  7              52118         1.2200E+01
             55                  8              59665         1.3450E+01
             55                  9              45568         1.4800E+01
             55                 10              26591         1.6250E+01
             55                 11              11148         1.7800E+01
             55                 12               4018         1.9450E+01
             55                 13               1318         2.1200E+01
             55                 14                293         2.3050E+01
             55                 15                 65         2.5000E+01
             55                 16                  9         2.7050E+01
             56                  2                 19         8.5000E+00
             56                  3                171         9.2500E+00
             56                  4               2166         1.0100E+01
             56                  5               8980         1.1050E+01
             56                  6              24152         1.2100E+01
             56                  7              37869         1.3250E+01
             56                  8              39790         1.4500E+01
             56                  9              27866         1.5850E+01
             56                 10              15783         1.7300E+01
             56                 11               6571         1.8850E+01
             56                 12               2310         2.0500E+01
             56                 13                683         2.2250E+01
             56                 14                174         2.4100E+01
             56                 15                 51         2.6050E+01
             57                  2                 17         9.6500E+00
             57                  3                 84         1.0400E+01
             57                  4               1185         1.1250E+01
             57                  5               4725         1.2200E+01
             57                  6              11371         1.3250E+01
             57                  7              17111         1.4400E+01
             57                  8              16226         1.5650E+01
             57                  9              10925         1.7000E+01
             57                 10               5722         1.8450E+01
             57                 11               2231         2.0000E+01
             57                 12                720         2.1650E+01
             57                 13                216         2.3400E+01
             57                 14                 26         2.5250E+01
             57                 15                  1         2.7200E+01
             58                  3                 44         1.1650E+01
             58                  4                413         1.2500E+01
             58                  5               1841         1.3450E+01
             58                  6               3688         1.4500E+01
             58                  7               5013         1.5650E+01
             58                  8               4066         1.6900E+01
             58                  9               2785         1.8250E+01
             58                 10               1268         1.9700E+01
             58                 11                558         2.1250E+01
             58                 12                101         2.2900E+01
             58                 13                 15         2.4650E+01
             59                  3                 12         1.3000E+01
             59                  4                 81         1.3850E+01
             59                  5                379         1.4800E+01
             59                  6                746         1.5850E+01
             59                  7                775         1.7000E+01
             59                  8                578         1.8250E+01
             59                  9                318         1.9600E+01
             59                 10                103         2.1050E+01
             59                 11                 43         2.2600E+01
             59                 12                 11         2.4250E+01
             60                  3                  2         1.4450E+01
             60                  4                  5         1.5300E+01
             60                  5                 10         1.6250E+01
             60                  6                 28         1.7300E+01
             60                  7                 24         1.8450E+01
             60                  8                  9         1.9700E+01
             60                  9                  2         2.1050E+01
