  #Crystal Size      Water Content              Count               Bias
             48                 12                  2         2.6500E+00
             48                 14                  3         3.2500E+00
             48                 15                  1         3.7000E+00
             48                 16                  1         4.2500E+00
             48                 17                  2         4.9000E+00
             48                 21                  1         8.5000E+00
             48                 22                  2         9.6500E+00
             48                 24                  1         1.2250E+01
             49                  9                  1         1.8500E+00
             49                 11                 19         1.8500E+00
             49                 12                 18         2.0000E+00
             49                 13                 22         2.2500E+00
             49                 14                 31         2.6000E+00
             49                 15                 26         3.0500E+00
             49                 16                 22         3.6000E+00
             49                 17                  8         4.2500E+00
             49                 18                  8         5.0000E+00
             49                 19                  4         5.8500E+00
             49                 20                 10         6.8000E+00
             49                 21                 18         7.8500E+00
             49                 22                 23         9.0000E+00
             49                 23                 12         1.0250E+01
             49                 24                 16         1.1600E+01
             50                  7                  1         1.7000E+00
             50                  8                  5         1.4500E+00
             50                  9                 10         1.3000E+00
             50                 10                 26         1.2500E+00
             50                 11                 98         1.3000E+00
             50                 12                108         1.4500E+00
             50                 13                157         1.7000E+00
             50                 14                191         2.0500E+00
             50                 15                148         2.5000E+00
             50                 16                168         3.0500E+00
             50                 17                151         3.7000E+00
             50                 18                169         4.4500E+00
             50                 19                112         5.3000E+00
             50                 20                 80         6.2500E+00
             50                 21                133         7.3000E+00
             50                 22                167         8.4500E+00
             50                 23                151         9.7000E+00
             50                 24                102         1.1050E+01
             50                 25                 24         1.2500E+01
             50                 26                  1         1.4050E+01
             51                  5                  2         2.0500E+00
             51                  7                  7         1.2500E+00
             51                  8                 25         1.0000E+00
             51                  9                110         8.5000E-01
             51                 10                250         8.0000E-01
             51                 11                562         8.5000E-01
             51                 12                773         1.0000E+00
             51                 13                971         1.2500E+00
             51                 14               1248         1.6000E+00
             51                 15               1083         2.0500E+00
             51                 16                922         2.6000E+00
             51                 17                974         3.2500E+00
             51                 18                801         4.0000E+00
             51                 19                650         4.8500E+00
             51                 20                423         5.8000E+00
             51                 21                477         6.8500E+00
             51                 22                559         8.0000E+00
             51                 23                468         9.2500E+00
             51                 24                247         1.0600E+01
             51                 25                110         1.2050E+01
             51                 26                 10         1.3600E+01
             51                 27                  6         1.5250E+01
             51                 28                  1         1.7000E+01
             52                  5                  2         1.7000E+00
             52                  6                  2         1.2500E+00
             52                  7                 27         9.0000E-01
             52                  8                144         6.5000E-01
             52                  9                423         5.0000E-01
             52                 10               1385         4.5000E-01
             52                 11               2336         5.0000E-01
             52                 12               3817         6.5000E-01
             52                 13               4830         9.0000E-01
             52                 14               4938         1.2500E+00
             52                 15               4244         1.7000E+00
             52                 16               3321         2.2500E+00
             52                 17               2938         2.9000E+00
             52                 18               2475         3.6500E+00
             52                 19               1812         4.5000E+00
             52                 20               1177         5.4500E+00
             52                 21               1025         6.5000E+00
             52                 22                923         7.6500E+00
             52                 23                858         8.9000E+00
             52                 24                591         1.0250E+01
             52                 25                375         1.1700E+01
             52                 26                 79         1.3250E+01
             52                 27                 42         1.4900E+01
             52                 28                 36         1.6650E+01
             52                 29                  1         1.8500E+01
             53                  5                 12         1.4500E+00
             53                  6                 27         1.0000E+00
             53                  7                 84         6.5000E-01
             53                  8                388         4.0000E-01
             53                  9               1461         2.5000E-01
             53                 10               3591         2.0000E-01
             53                 11               7555         2.5000E-01
             53                 12              12206         4.0000E-01
             53                 13              14898         6.5000E-01
             53                 14              14300         1.0000E+00
             53                 15              11343         1.4500E+00
             53                 16               8453         2.0000E+00
             53                 17               6050         2.6500E+00
             53                 18               4603         3.4000E+00
             53                 19               3628         4.2500E+00
             53                 20               2325         5.2000E+00
             53                 21               1570         6.2500E+00
             53                 22                882         7.4000E+00
             53                 23               1012         8.6500E+00
             53                 24                952         1.0000E+01
             53                 25                568         1.1450E+01
             53                 26                239         1.3000E+01
             53                 27                158         1.4650E+01
             53                 28                 13         1.6400E+01
             53                 29                  1         1.8250E+01
             54                  5                  7         1.3000E+00
             54                  6                 42         8.5000E-01
             54                  7                150         5.0000E-01
             54                  8                712         2.5000E-01
             54                  9               2947         1.0000E-01
             54                 10               8059         5.0000E-02
             54                 11              16828         1.0000E-01
             54                 12              26057         2.5000E-01
             54                 13              31058         5.0000E-01
             54                 14              27992         8.5000E-01
             54                 15              21532         1.3000E+00
             54                 16              14488         1.8500E+00
             54                 17               9401         2.5000E+00
             54                 18               6735         3.2500E+00
             54                 19               4572         4.1000E+00
             54                 20               2838         5.0500E+00
             54                 21               1481         6.1000E+00
             54                 22                658         7.2500E+00
             54                 23                811         8.5000E+00
             54                 24                830         9.8500E+00
             54                 25                451         1.1300E+01
             54                 26                253         1.2850E+01
             54                 27                 98         1.4500E+01
             54                 28                 26         1.6250E+01
             54                 29                  3         1.8100E+01
             55                  5                  1         1.2500E+00
             55                  6                 30         8.0000E-01
             55                  7                179         4.5000E-01
             55                  8               1176         2.0000E-01
             55                  9               4886         5.0000E-02
             55                 10              13094         0.0000E+00
             55                 11              25346         5.0000E-02
             55                 12              37517         2.0000E-01
             55                 13              42672         4.5000E-01
             55                 14              38558         8.0000E-01
             55                 15              27966         1.2500E+00
             55                 16              16577         1.8000E+00
             55                 17              10055         2.4500E+00
             55                 18               5928         3.2000E+00
             55                 19               3931         4.0500E+00
             55                 20               2411         5.0000E+00
             55                 21               1124         6.0500E+00
             55                 22                535         7.2000E+00
             55                 23                521         8.4500E+00
             55                 24                418         9.8000E+00
             55                 25                221         1.1250E+01
             55                 26                143         1.2800E+01
             55                 27                 51         1.4450E+01
             55                 28                  2         1.6200E+01
             56                  5                  1         1.3000E+00
             56                  6                 16         8.5000E-01
             56                  7                176         5.0000E-01
             56                  8               1357         2.5000E-01
             56                  9               5651         1.0000E-01
             56                 10              14480         5.0000E-02
             56                 11              27096         1.0000E-01
             56                 12              38131         2.5000E-01
             56                 13              41650         5.0000E-01
             56                 14              35754         8.5000E-01
             56                 15              24915         1.3000E+00
             56                 16              14322         1.8500E+00
             56                 17               7355         2.5000E+00
             56                 18               3942         3.2500E+00
             56                 19               2029         4.1000E+00
             56                 20               1078         5.0500E+00
             56                 21                497         6.1000E+00
             56                 22                274         7.2500E+00
             56                 23                127         8.5000E+00
             56                 24                 93         9.8500E+00
             56                 25                 18         1.1300E+01
             56                 26                 63         1.2850E+01
             56                 27                  8         1.4500E+01
             56                 28                  4         1.6250E+01
             57                  5                  1         1.4500E+00
             57                  6                 32         1.0000E+00
             57                  7                204         6.5000E-01
             57                  8               1215         4.0000E-01
             57                  9               4350         2.5000E-01
             57                 10              10550         2.0000E-01
             57                 11              19255         2.5000E-01
             57                 12              26233         4.0000E-01
             57                 13              27416         6.5000E-01
             57                 14              23205         1.0000E+00
             57                 15              15095         1.4500E+00
             57                 16               7841         2.0000E+00
             57                 17               3669         2.6500E+00
             57                 18               1612         3.4000E+00
             57                 19                812         4.2500E+00
             57                 20                289         5.2000E+00
             57                 21                130         6.2500E+00
             57                 22                 65         7.4000E+00
             57                 23                 48         8.6500E+00
             57                 24                  1         1.0000E+01
             58                  6                 30         1.2500E+00
             58                  7                140         9.0000E-01
             58                  8                649         6.5000E-01
             58                  9               2432         5.0000E-01
             58                 10               5649         4.5000E-01
             58                 11               9292         5.0000E-01
             58                 12              12329         6.5000E-01
             58                 13              11922         9.0000E-01
             58                 14               9318         1.2500E+00
             58                 15               5955         1.7000E+00
             58                 16               2541         2.2500E+00
             58                 17                903         2.9000E+00
             58                 18                252         3.6500E+00
             58                 19                 56         4.5000E+00
             58                 20                 13         5.4500E+00
             59                  7                 27         1.2500E+00
             59                  8                215         1.0000E+00
             59                  9                876         8.5000E-01
             59                 10               1881         8.0000E-01
             59                 11               2834         8.5000E-01
             59                 12               3331         1.0000E+00
             59                 13               3460         1.2500E+00
             59                 14               2383         1.6000E+00
             59                 15               1191         2.0500E+00
             59                 16                363         2.6000E+00
             59                 17                 86         3.2500E+00
             59                 18                 23         4.0000E+00
             59                 19                  2         4.8500E+00
             60                  7                  5         1.7000E+00
             60                  8                 34         1.4500E+00
             60                  9                169         1.3000E+00
             60                 10                342         1.2500E+00
             60                 11                472         1.3000E+00
             60                 12                568         1.4500E+00
             60                 13                470         1.7000E+00
             60                 14                227         2.0500E+00
             60                 15                 57         2.5000E+00
             60                 16                 13         3.0500E+00
             60                 17                  6         3.7000E+00
             60                 18                  1         4.4500E+00
