  #Crystal Size      Water Content              Count               Bias
             55                 46                  1         5.0000E-02
             56                 42                  1         5.0000E-01
             56                 43                  3         2.5000E-01
             56                 44                  3         1.0000E-01
             56                 45                  5         5.0000E-02
             56                 46                  4         1.0000E-01
             57                 41                  4         1.0000E+00
             57                 42                 11         6.5000E-01
             57                 43                  2         4.0000E-01
             57                 44                 13         2.5000E-01
             57                 45                 50         2.0000E-01
             57                 46                 25         2.5000E-01
             57                 47                 22         4.0000E-01
             57                 48                 11         6.5000E-01
             57                 49                  6         1.0000E+00
             57                 50                 12         1.4500E+00
             57                 52                  3         2.6500E+00
             58                 38                  1         2.9000E+00
             58                 39                  1         2.2500E+00
             58                 40                  5         1.7000E+00
             58                 41                 18         1.2500E+00
             58                 42                 62         9.0000E-01
             58                 43                 28         6.5000E-01
             58                 44                 80         5.0000E-01
             58                 45                134         4.5000E-01
             58                 46                102         5.0000E-01
             58                 47                 87         6.5000E-01
             58                 48                 59         9.0000E-01
             58                 49                 37         1.2500E+00
             58                 50                 19         1.7000E+00
             58                 52                  3         2.9000E+00
             58                 53                  5         3.6500E+00
             58                 54                  6         4.5000E+00
             59                 38                  3         3.2500E+00
             59                 39                 26         2.6000E+00
             59                 40                 34         2.0500E+00
             59                 41                 87         1.6000E+00
             59                 42                117         1.2500E+00
             59                 43                249         1.0000E+00
             59                 44                341         8.5000E-01
             59                 45                463         8.0000E-01
             59                 46                381         8.5000E-01
             59                 47                378         1.0000E+00
             59                 48                214         1.2500E+00
             59                 49                109         1.6000E+00
             59                 50                 78         2.0500E+00
             59                 51                 42         2.6000E+00
             59                 52                 10         3.2500E+00
             59                 53                  8         4.0000E+00
             59                 54                  2         4.8500E+00
             60                 38                  6         3.7000E+00
             60                 39                 55         3.0500E+00
             60                 40                157         2.5000E+00
             60                 41                314         2.0500E+00
             60                 42                497         1.7000E+00
             60                 43                874         1.4500E+00
             60                 44               1342         1.3000E+00
             60                 45               1652         1.2500E+00
             60                 46               1322         1.3000E+00
             60                 47               1109         1.4500E+00
             60                 48                838         1.7000E+00
             60                 49                378         2.0500E+00
             60                 50                290         2.5000E+00
             60                 51                151         3.0500E+00
             60                 52                 49         3.7000E+00
             60                 53                 16         4.4500E+00
             60                 54                 15         5.3000E+00
             61                 37                 19         5.0000E+00
             61                 38                 49         4.2500E+00
             61                 39                185         3.6000E+00
             61                 40                519         3.0500E+00
             61                 41               1111         2.6000E+00
             61                 42               1839         2.2500E+00
             61                 43               3050         2.0000E+00
             61                 44               4176         1.8500E+00
             61                 45               4924         1.8000E+00
             61                 46               4383         1.8500E+00
             61                 47               3426         2.0000E+00
             61                 48               2412         2.2500E+00
             61                 49               1262         2.6000E+00
             61                 50                835         3.0500E+00
             61                 51                420         3.6000E+00
             61                 52                133         4.2500E+00
             61                 53                 74         5.0000E+00
             61                 54                 20         5.8500E+00
             61                 55                  2         6.8000E+00
             62                 35                  6         7.4500E+00
             62                 36                 13         6.5000E+00
             62                 37                 56         5.6500E+00
             62                 38                120         4.9000E+00
             62                 39                437         4.2500E+00
             62                 40               1276         3.7000E+00
             62                 41               2867         3.2500E+00
             62                 42               4849         2.9000E+00
             62                 43               7903         2.6500E+00
             62                 44              10183         2.5000E+00
             62                 45              12127         2.4500E+00
             62                 46              10629         2.5000E+00
             62                 47               8295         2.6500E+00
             62                 48               5595         2.9000E+00
             62                 49               3350         3.2500E+00
             62                 50               1779         3.7000E+00
             62                 51                933         4.2500E+00
             62                 52                469         4.9000E+00
             62                 53                180         5.6500E+00
             62                 54                 43         6.5000E+00
             62                 55                 16         7.4500E+00
             62                 56                  5         8.5000E+00
             63                 35                  9         8.2000E+00
             63                 36                 39         7.2500E+00
             63                 37                 49         6.4000E+00
             63                 38                306         5.6500E+00
             63                 39                947         5.0000E+00
             63                 40               2551         4.4500E+00
             63                 41               5462         4.0000E+00
             63                 42              10093         3.6500E+00
             63                 43              15776         3.4000E+00
             63                 44              19905         3.2500E+00
             63                 45              22035         3.2000E+00
             63                 46              18893         3.2500E+00
             63                 47              14472         3.4000E+00
             63                 48               9741         3.6500E+00
             63                 49               5632         4.0000E+00
             63                 50               3040         4.4500E+00
             63                 51               1820         5.0000E+00
             63                 52               1026         5.6500E+00
             63                 53                268         6.4000E+00
             63                 54                127         7.2500E+00
             63                 55                 17         8.2000E+00
             63                 56                  5         9.2500E+00
             64                 35                  6         9.0500E+00
             64                 36                  7         8.1000E+00
             64                 37                103         7.2500E+00
             64                 38                353         6.5000E+00
             64                 39               1075         5.8500E+00
             64                 40               3294         5.3000E+00
             64                 41               8368         4.8500E+00
             64                 42              15094         4.5000E+00
             64                 43              22764         4.2500E+00
             64                 44              28947         4.1000E+00
             64                 45              31091         4.0500E+00
             64                 46              26865         4.1000E+00
             64                 47              20359         4.2500E+00
             64                 48              13733         4.5000E+00
             64                 49               7724         4.8500E+00
             64                 50               4558         5.3000E+00
             64                 51               2744         5.8500E+00
             64                 52               1429         6.5000E+00
             64                 53                388         7.2500E+00
             64                 54                226         8.1000E+00
             64                 55                 56         9.0500E+00
             64                 56                 13         1.0100E+01
             65                 35                  1         1.0000E+01
             65                 36                 12         9.0500E+00
             65                 37                102         8.2000E+00
             65                 38                294         7.4500E+00
             65                 39               1189         6.8000E+00
             65                 40               3708         6.2500E+00
             65                 41               9217         5.8000E+00
             65                 42              17188         5.4500E+00
             65                 43              26066         5.2000E+00
             65                 44              32367         5.0500E+00
             65                 45              33540         5.0000E+00
             65                 46              29471         5.0500E+00
             65                 47              21537         5.2000E+00
             65                 48              14498         5.4500E+00
             65                 49               8223         5.8000E+00
             65                 50               4707         6.2500E+00
             65                 51               2970         6.8000E+00
             65                 52               1483         7.4500E+00
             65                 53                556         8.2000E+00
             65                 54                185         9.0500E+00
             65                 55                 35         1.0000E+01
             65                 56                 16         1.1050E+01
             65                 57                  2         1.2200E+01
             66                 35                  2         1.1050E+01
             66                 36                 24         1.0100E+01
             66                 37                 42         9.2500E+00
             66                 38                254         8.5000E+00
             66                 39               1066         7.8500E+00
             66                 40               3217         7.3000E+00
             66                 41               7928         6.8500E+00
             66                 42              15214         6.5000E+00
             66                 43              23006         6.2500E+00
             66                 44              27311         6.1000E+00
             66                 45              27963         6.0500E+00
             66                 46              24187         6.1000E+00
             66                 47              17133         6.2500E+00
             66                 48              11173         6.5000E+00
             66                 49               6631         6.8500E+00
             66                 50               4015         7.3000E+00
             66                 51               2113         7.8500E+00
             66                 52               1129         8.5000E+00
             66                 53                512         9.2500E+00
             66                 54                143         1.0100E+01
             66                 55                 42         1.1050E+01
             66                 56                 41         1.2100E+01
             67                 36                  5         1.1250E+01
             67                 37                 33         1.0400E+01
             67                 38                179         9.6500E+00
             67                 39                616         9.0000E+00
             67                 40               1825         8.4500E+00
             67                 41               4890         8.0000E+00
             67                 42               9452         7.6500E+00
             67                 43              15338         7.4000E+00
             67                 44              18474         7.2500E+00
             67                 45              17006         7.2000E+00
             67                 46              15141         7.2500E+00
             67                 47              10548         7.4000E+00
             67                 48               6574         7.6500E+00
             67                 49               3819         8.0000E+00
             67                 50               2474         8.4500E+00
             67                 51               1358         9.0000E+00
             67                 52                670         9.6500E+00
             67                 53                269         1.0400E+01
             67                 54                 84         1.1250E+01
             67                 55                 42         1.2200E+01
             67                 56                 17         1.3250E+01
             68                 37                  1         1.1650E+01
             68                 38                 70         1.0900E+01
             68                 39                293         1.0250E+01
             68                 40               1002         9.7000E+00
             68                 41               2346         9.2500E+00
             68                 42               4827         8.9000E+00
             68                 43               7085         8.6500E+00
             68                 44               9037         8.5000E+00
             68                 45               9067         8.4500E+00
             68                 46               7210         8.5000E+00
             68                 47               4971         8.6500E+00
             68                 48               3066         8.9000E+00
             68                 49               1658         9.2500E+00
             68                 50               1050         9.7000E+00
             68                 51                518         1.0250E+01
             68                 52                259         1.0900E+01
             68                 53                 66         1.1650E+01
             68                 54                 17         1.2500E+01
             68                 55                  8         1.3450E+01
             69                 38                 44         1.2250E+01
             69                 39                129         1.1600E+01
             69                 40                428         1.1050E+01
             69                 41                840         1.0600E+01
             69                 42               1867         1.0250E+01
             69                 43               2571         1.0000E+01
             69                 44               3289         9.8500E+00
             69                 45               3328         9.8000E+00
             69                 46               2698         9.8500E+00
             69                 47               1432         1.0000E+01
             69                 48                841         1.0250E+01
             69                 49                509         1.0600E+01
             69                 50                323         1.1050E+01
             69                 51                162         1.1600E+01
             69                 52                 49         1.2250E+01
             69                 53                  6         1.3000E+01
             69                 54                  1         1.3850E+01
             70                 38                 39         1.3700E+01
             70                 39                 30         1.3050E+01
             70                 40                 93         1.2500E+01
             70                 41                230         1.2050E+01
             70                 42                531         1.1700E+01
             70                 43                773         1.1450E+01
             70                 44                792         1.1300E+01
             70                 45                806         1.1250E+01
             70                 46                751         1.1300E+01
             70                 47                449         1.1450E+01
             70                 48                231         1.1700E+01
             70                 49                112         1.2050E+01
             70                 50                 60         1.2500E+01
             70                 51                 11         1.3050E+01
             70                 52                  4         1.3700E+01
             70                 53                  3         1.4450E+01
             71                 39                  1         1.4600E+01
             71                 40                 11         1.4050E+01
             71                 41                 49         1.3600E+01
             71                 42                 87         1.3250E+01
             71                 43                 88         1.3000E+01
             71                 44                131         1.2850E+01
             71                 45                156         1.2800E+01
             71                 46                128         1.2850E+01
             71                 47                100         1.3000E+01
             71                 48                 37         1.3250E+01
             71                 49                 22         1.3600E+01
             71                 50                  4         1.4050E+01
             71                 51                  2         1.4600E+01
             72                 42                  1         1.4900E+01
             72                 43                 15         1.4650E+01
             72                 44                  8         1.4500E+01
             72                 45                 23         1.4450E+01
             72                 46                  6         1.4500E+01
             72                 47                  5         1.4650E+01
             73                 43                  3         1.6400E+01
             73                 44                  1         1.6250E+01
             73                 46                  2         1.6250E+01
