  #Crystal Size      Water Content              Count               Bias
             60                 44                  1         1.3000E+00
             60                 46                  2         1.3000E+00
             60                 47                  3         1.4500E+00
             60                 49                  1         2.0500E+00
             61                 40                  1         2.0500E+00
             61                 41                  1         1.6000E+00
             61                 43                  4         1.0000E+00
             61                 44                  4         8.5000E-01
             61                 45                 15         8.0000E-01
             61                 46                 16         8.5000E-01
             61                 47                 12         1.0000E+00
             61                 48                 14         1.2500E+00
             61                 49                 10         1.6000E+00
             61                 50                  5         2.0500E+00
             61                 51                  4         2.6000E+00
             62                 40                  3         1.7000E+00
             62                 41                 12         1.2500E+00
             62                 42                 31         9.0000E-01
             62                 43                 53         6.5000E-01
             62                 44                 53         5.0000E-01
             62                 45                105         4.5000E-01
             62                 46                128         5.0000E-01
             62                 47                143         6.5000E-01
             62                 48                122         9.0000E-01
             62                 49                 44         1.2500E+00
             62                 50                 37         1.7000E+00
             62                 51                 29         2.2500E+00
             62                 52                  4         2.9000E+00
             62                 53                  3         3.6500E+00
             63                 40                  4         1.4500E+00
             63                 41                 48         1.0000E+00
             63                 42                116         6.5000E-01
             63                 43                282         4.0000E-01
             63                 44                381         2.5000E-01
             63                 45                557         2.0000E-01
             63                 46                666         2.5000E-01
             63                 47                754         4.0000E-01
             63                 48                509         6.5000E-01
             63                 49                332         1.0000E+00
             63                 50                192         1.4500E+00
             63                 51                 75         2.0000E+00
             63                 52                 64         2.6500E+00
             63                 53                 19         3.4000E+00
             63                 54                 11         4.2500E+00
             63                 55                  5         5.2000E+00
             64                 38                  2         2.5000E+00
             64                 39                  3         1.8500E+00
             64                 40                 36         1.3000E+00
             64                 41                138         8.5000E-01
             64                 42                403         5.0000E-01
             64                 43                989         2.5000E-01
             64                 44               1535         1.0000E-01
             64                 45               2256         5.0000E-02
             64                 46               2742         1.0000E-01
             64                 47               2548         2.5000E-01
             64                 48               2218         5.0000E-01
             64                 49               1478         8.5000E-01
             64                 50                828         1.3000E+00
             64                 51                424         1.8500E+00
             64                 52                183         2.5000E+00
             64                 53                 73         3.2500E+00
             64                 54                 42         4.1000E+00
             64                 55                 14         5.0500E+00
             64                 56                  4         6.1000E+00
             65                 37                  3         3.2000E+00
             65                 38                  6         2.4500E+00
             65                 39                 21         1.8000E+00
             65                 40                120         1.2500E+00
             65                 41                429         8.0000E-01
             65                 42               1019         4.5000E-01
             65                 43               2444         2.0000E-01
             65                 44               4256         5.0000E-02
             65                 45               6435         0.0000E+00
             65                 46               7415         5.0000E-02
             65                 47               7144         2.0000E-01
             65                 48               6002         4.5000E-01
             65                 49               4521         8.0000E-01
             65                 50               2593         1.2500E+00
             65                 51               1319         1.8000E+00
             65                 52                592         2.4500E+00
             65                 53                215         3.2000E+00
             65                 54                 70         4.0500E+00
             65                 55                 49         5.0000E+00
             65                 56                  2         6.0500E+00
             66                 36                  3         4.1000E+00
             66                 37                 12         3.2500E+00
             66                 38                 21         2.5000E+00
             66                 39                 62         1.8500E+00
             66                 40                402         1.3000E+00
             66                 41               1009         8.5000E-01
             66                 42               2370         5.0000E-01
             66                 43               4806         2.5000E-01
             66                 44               8542         1.0000E-01
             66                 45              13054         5.0000E-02
             66                 46              14899         1.0000E-01
             66                 47              15365         2.5000E-01
             66                 48              13607         5.0000E-01
             66                 49              10076         8.5000E-01
             66                 50               5644         1.3000E+00
             66                 51               2886         1.8500E+00
             66                 52               1401         2.5000E+00
             66                 53                429         3.2500E+00
             66                 54                167         4.1000E+00
             66                 55                 49         5.0500E+00
             66                 56                  6         6.1000E+00
             67                 37                 24         3.4000E+00
             67                 38                 84         2.6500E+00
             67                 39                221         2.0000E+00
             67                 40                717         1.4500E+00
             67                 41               1872         1.0000E+00
             67                 42               3941         6.5000E-01
             67                 43               7602         4.0000E-01
             67                 44              12811         2.5000E-01
             67                 45              19721         2.0000E-01
             67                 46              23707         2.5000E-01
             67                 47              23441         4.0000E-01
             67                 48              21292         6.5000E-01
             67                 49              15602         1.0000E+00
             67                 50               9103         1.4500E+00
             67                 51               4660         2.0000E+00
             67                 52               2489         2.6500E+00
             67                 53                752         3.4000E+00
             67                 54                274         4.2500E+00
             67                 55                 72         5.2000E+00
             67                 56                 25         6.2500E+00
             67                 57                  2         7.4000E+00
             68                 34                  1         6.5000E+00
             68                 36                  3         4.5000E+00
             68                 37                 92         3.6500E+00
             68                 38                272         2.9000E+00
             68                 39                647         2.2500E+00
             68                 40               1653         1.7000E+00
             68                 41               3709         1.2500E+00
             68                 42               6346         9.0000E-01
             68                 43              10816         6.5000E-01
             68                 44              16908         5.0000E-01
             68                 45              23631         4.5000E-01
             68                 46              26875         5.0000E-01
             68                 47              27425         6.5000E-01
             68                 48              24234         9.0000E-01
             68                 49              17735         1.2500E+00
             68                 50               9964         1.7000E+00
             68                 51               5045         2.2500E+00
             68                 52               2432         2.9000E+00
             68                 53                952         3.6500E+00
             68                 54                249         4.5000E+00
             68                 55                 92         5.4500E+00
             68                 56                 25         6.5000E+00
             69                 34                  1         6.8500E+00
             69                 35                 26         5.8000E+00
             69                 36                 44         4.8500E+00
             69                 37                148         4.0000E+00
             69                 38                569         3.2500E+00
             69                 39               1269         2.6000E+00
             69                 40               2744         2.0500E+00
             69                 41               5592         1.6000E+00
             69                 42               9245         1.2500E+00
             69                 43              13895         1.0000E+00
             69                 44              18526         8.5000E-01
             69                 45              22695         8.0000E-01
             69                 46              24974         8.5000E-01
             69                 47              23851         1.0000E+00
             69                 48              20262         1.2500E+00
             69                 49              14774         1.6000E+00
             69                 50               8441         2.0500E+00
             69                 51               4112         2.6000E+00
             69                 52               1714         3.2500E+00
             69                 53                544         4.0000E+00
             69                 54                283         4.8500E+00
             69                 55                 74         5.8000E+00
             69                 56                 10         6.8500E+00
             69                 57                  1         8.0000E+00
             70                 34                  8         7.3000E+00
             70                 35                 21         6.2500E+00
             70                 36                 48         5.3000E+00
             70                 37                213         4.4500E+00
             70                 38                799         3.7000E+00
             70                 39               1732         3.0500E+00
             70                 40               3407         2.5000E+00
             70                 41               6713         2.0500E+00
             70                 42              11409         1.7000E+00
             70                 43              15411         1.4500E+00
             70                 44              18135         1.3000E+00
             70                 45              19906         1.2500E+00
             70                 46              18786         1.3000E+00
             70                 47              16847         1.4500E+00
             70                 48              12772         1.7000E+00
             70                 49               9031         2.0500E+00
             70                 50               5168         2.5000E+00
             70                 51               2335         3.0500E+00
             70                 52                941         3.7000E+00
             70                 53                275         4.4500E+00
             70                 54                 88         5.3000E+00
             70                 55                 16         6.2500E+00
             71                 34                  1         7.8500E+00
             71                 35                  7         6.8000E+00
             71                 36                 39         5.8500E+00
             71                 37                259         5.0000E+00
             71                 38                787         4.2500E+00
             71                 39               1541         3.6000E+00
             71                 40               3090         3.0500E+00
             71                 41               5683         2.6000E+00
             71                 42               9425         2.2500E+00
             71                 43              13328         2.0000E+00
             71                 44              16095         1.8500E+00
             71                 45              16150         1.8000E+00
             71                 46              13406         1.8500E+00
             71                 47              11076         2.0000E+00
             71                 48               7842         2.2500E+00
             71                 49               4692         2.6000E+00
             71                 50               2359         3.0500E+00
             71                 51                890         3.6000E+00
             71                 52                397         4.2500E+00
             71                 53                 69         5.0000E+00
             71                 54                  1         5.8500E+00
             72                 36                 25         6.5000E+00
             72                 37                126         5.6500E+00
             72                 38                415         4.9000E+00
             72                 39               1140         4.2500E+00
             72                 40               1957         3.7000E+00
             72                 41               3601         3.2500E+00
             72                 42               5335         2.9000E+00
             72                 43               8012         2.6500E+00
             72                 44               9678         2.5000E+00
             72                 45               9321         2.4500E+00
             72                 46               7370         2.5000E+00
             72                 47               5673         2.6500E+00
             72                 48               3770         2.9000E+00
             72                 49               1902         3.2500E+00
             72                 50                903         3.7000E+00
             72                 51                311         4.2500E+00
             72                 52                122         4.9000E+00
             72                 53                 14         5.6500E+00
             73                 36                  1         7.2500E+00
             73                 37                 28         6.4000E+00
             73                 38                114         5.6500E+00
             73                 39                383         5.0000E+00
             73                 40                698         4.4500E+00
             73                 41               1410         4.0000E+00
             73                 42               2129         3.6500E+00
             73                 43               3349         3.4000E+00
             73                 44               3979         3.2500E+00
             73                 45               3905         3.2000E+00
             73                 46               2860         3.2500E+00
             73                 47               1856         3.4000E+00
             73                 48               1073         3.6500E+00
             73                 49                586         4.0000E+00
             73                 50                235         4.4500E+00
             73                 51                 58         5.0000E+00
             73                 52                 14         5.6500E+00
             73                 53                  1         6.4000E+00
             74                 38                 20         6.5000E+00
             74                 39                 75         5.8500E+00
             74                 40                121         5.3000E+00
             74                 41                314         4.8500E+00
             74                 42                421         4.5000E+00
             74                 43                595         4.2500E+00
             74                 44                787         4.1000E+00
             74                 45                696         4.0500E+00
             74                 46                582         4.1000E+00
             74                 47                339         4.2500E+00
             74                 48                209         4.5000E+00
             74                 49                127         4.8500E+00
             74                 50                 44         5.3000E+00
             74                 51                 10         5.8500E+00
             75                 39                  7         6.8000E+00
             75                 40                  5         6.2500E+00
             75                 41                 19         5.8000E+00
             75                 42                 40         5.4500E+00
             75                 43                 63         5.2000E+00
             75                 44                115         5.0500E+00
             75                 45                 92         5.0000E+00
             75                 46                 83         5.0500E+00
             75                 47                 47         5.2000E+00
             75                 48                 16         5.4500E+00
             75                 49                 20         5.8000E+00
             75                 50                  6         6.2500E+00
             76                 42                  3         6.5000E+00
             76                 43                  3         6.2500E+00
             76                 45                  6         6.0500E+00
             76                 46                  4         6.1000E+00
             76                 47                  3         6.2500E+00
             76                 48                  8         6.5000E+00
