  #Crystal Size      Water Content              Count               Bias
             60                 48                  3         5.4500E+00
             61                 45                  1         4.0500E+00
             61                 46                  4         4.1000E+00
             61                 47                  4         4.2500E+00
             61                 48                  2         4.5000E+00
             61                 49                  1         4.8500E+00
             62                 38                  1         5.6500E+00
             62                 43                  5         3.4000E+00
             62                 44                 10         3.2500E+00
             62                 45                  7         3.2000E+00
             62                 46                 22         3.2500E+00
             62                 47                  8         3.4000E+00
             62                 48                 18         3.6500E+00
             62                 49                 11         4.0000E+00
             62                 51                  6         5.0000E+00
             63                 36                  1         6.5000E+00
             63                 38                  1         4.9000E+00
             63                 39                  1         4.2500E+00
             63                 40                 13         3.7000E+00
             63                 41                 11         3.2500E+00
             63                 42                 13         2.9000E+00
             63                 43                 38         2.6500E+00
             63                 44                 53         2.5000E+00
             63                 45                 60         2.4500E+00
             63                 46                 78         2.5000E+00
             63                 47                 78         2.6500E+00
             63                 48                 71         2.9000E+00
             63                 49                 58         3.2500E+00
             63                 50                 41         3.7000E+00
             63                 51                 12         4.2500E+00
             63                 52                  7         4.9000E+00
             64                 36                  2         5.8500E+00
             64                 37                  5         5.0000E+00
             64                 38                  6         4.2500E+00
             64                 39                  9         3.6000E+00
             64                 40                 36         3.0500E+00
             64                 41                 52         2.6000E+00
             64                 42                 76         2.2500E+00
             64                 43                164         2.0000E+00
             64                 44                233         1.8500E+00
             64                 45                283         1.8000E+00
             64                 46                345         1.8500E+00
             64                 47                330         2.0000E+00
             64                 48                292         2.2500E+00
             64                 49                204         2.6000E+00
             64                 50                141         3.0500E+00
             64                 51                 34         3.6000E+00
             64                 52                 15         4.2500E+00
             64                 53                  4         5.0000E+00
             65                 36                  5         5.3000E+00
             65                 37                 12         4.4500E+00
             65                 38                 37         3.7000E+00
             65                 39                129         3.0500E+00
             65                 40                186         2.5000E+00
             65                 41                311         2.0500E+00
             65                 42                531         1.7000E+00
             65                 43                788         1.4500E+00
             65                 44               1070         1.3000E+00
             65                 45               1370         1.2500E+00
             65                 46               1490         1.3000E+00
             65                 47               1235         1.4500E+00
             65                 48               1076         1.7000E+00
             65                 49                812         2.0500E+00
             65                 50                515         2.5000E+00
             65                 51                183         3.0500E+00
             65                 52                 83         3.7000E+00
             65                 53                 24         4.4500E+00
             65                 54                  3         5.3000E+00
             65                 55                  7         6.2500E+00
             65                 56                 11         7.3000E+00
             66                 36                 12         4.8500E+00
             66                 37                 34         4.0000E+00
             66                 38                132         3.2500E+00
             66                 39                370         2.6000E+00
             66                 40                689         2.0500E+00
             66                 41               1349         1.6000E+00
             66                 42               2056         1.2500E+00
             66                 43               2680         1.0000E+00
             66                 44               3329         8.5000E-01
             66                 45               4375         8.0000E-01
             66                 46               4496         8.5000E-01
             66                 47               4178         1.0000E+00
             66                 48               3138         1.2500E+00
             66                 49               2194         1.6000E+00
             66                 50               1450         2.0500E+00
             66                 51                698         2.6000E+00
             66                 52                234         3.2500E+00
             66                 53                 97         4.0000E+00
             66                 54                 19         4.8500E+00
             66                 55                 36         5.8000E+00
             66                 56                  6         6.8500E+00
             66                 57                  1         8.0000E+00
             66                 58                  1         9.2500E+00
             67                 35                  2         5.4500E+00
             67                 36                 40         4.5000E+00
             67                 37                 87         3.6500E+00
             67                 38                309         2.9000E+00
             67                 39               1073         2.2500E+00
             67                 40               2049         1.7000E+00
             67                 41               3898         1.2500E+00
             67                 42               5596         9.0000E-01
             67                 43               7173         6.5000E-01
             67                 44               8498         5.0000E-01
             67                 45               9987         4.5000E-01
             67                 46              10630         5.0000E-01
             67                 47               9826         6.5000E-01
             67                 48               7622         9.0000E-01
             67                 49               4966         1.2500E+00
             67                 50               2958         1.7000E+00
             67                 51               1581         2.2500E+00
             67                 52                616         2.9000E+00
             67                 53                190         3.6500E+00
             67                 54                 51         4.5000E+00
             67                 55                 40         5.4500E+00
             67                 56                 11         6.5000E+00
             67                 57                 11         7.6500E+00
             67                 58                  3         8.9000E+00
             68                 35                  9         5.2000E+00
             68                 36                 80         4.2500E+00
             68                 37                195         3.4000E+00
             68                 38                748         2.6500E+00
             68                 39               2188         2.0000E+00
             68                 40               4445         1.4500E+00
             68                 41               7912         1.0000E+00
             68                 42              11048         6.5000E-01
             68                 43              14052         4.0000E-01
             68                 44              16273         2.5000E-01
             68                 45              18282         2.0000E-01
             68                 46              19052         2.5000E-01
             68                 47              17408         4.0000E-01
             68                 48              13507         6.5000E-01
             68                 49               8732         1.0000E+00
             68                 50               5424         1.4500E+00
             68                 51               2626         2.0000E+00
             68                 52               1111         2.6500E+00
             68                 53                328         3.4000E+00
             68                 54                 97         4.2500E+00
             68                 55                 33         5.2000E+00
             68                 56                 19         6.2500E+00
             68                 57                 17         7.4000E+00
             68                 58                  7         8.6500E+00
             69                 35                 13         5.0500E+00
             69                 36                132         4.1000E+00
             69                 37                367         3.2500E+00
             69                 38               1308         2.5000E+00
             69                 39               3403         1.8500E+00
             69                 40               6971         1.3000E+00
             69                 41              12128         8.5000E-01
             69                 42              17086         5.0000E-01
             69                 43              20636         2.5000E-01
             69                 44              23340         1.0000E-01
             69                 45              25928         5.0000E-02
             69                 46              25756         1.0000E-01
             69                 47              23540         2.5000E-01
             69                 48              17686         5.0000E-01
             69                 49              11685         8.5000E-01
             69                 50               6699         1.3000E+00
             69                 51               3498         1.8500E+00
             69                 52               1496         2.5000E+00
             69                 53                402         3.2500E+00
             69                 54                147         4.1000E+00
             69                 55                 31         5.0500E+00
             69                 56                 14         6.1000E+00
             69                 57                 22         7.2500E+00
             70                 35                  3         5.0000E+00
             70                 36                150         4.0500E+00
             70                 37                684         3.2000E+00
             70                 38               1692         2.4500E+00
             70                 39               4166         1.8000E+00
             70                 40               8163         1.2500E+00
             70                 41              13661         8.0000E-01
             70                 42              19293         4.5000E-01
             70                 43              22252         2.0000E-01
             70                 44              25319         5.0000E-02
             70                 45              27170         0.0000E+00
             70                 46              26732         5.0000E-02
             70                 47              23993         2.0000E-01
             70                 48              17983         4.5000E-01
             70                 49              11928         8.0000E-01
             70                 50               6699         1.2500E+00
             70                 51               3453         1.8000E+00
             70                 52               1505         2.4500E+00
             70                 53                446         3.2000E+00
             70                 54                195         4.0500E+00
             70                 55                 38         5.0000E+00
             70                 56                 17         6.0500E+00
             70                 57                 20         7.2000E+00
             70                 58                  1         8.4500E+00
             71                 35                  6         5.0500E+00
             71                 36                137         4.1000E+00
             71                 37                655         3.2500E+00
             71                 38               1767         2.5000E+00
             71                 39               3832         1.8500E+00
             71                 40               7122         1.3000E+00
             71                 41              11665         8.5000E-01
             71                 42              16097         5.0000E-01
             71                 43              18501         2.5000E-01
             71                 44              20508         1.0000E-01
             71                 45              21401         5.0000E-02
             71                 46              19781         1.0000E-01
             71                 47              16885         2.5000E-01
             71                 48              12988         5.0000E-01
             71                 49               8652         8.5000E-01
             71                 50               4880         1.3000E+00
             71                 51               2544         1.8500E+00
             71                 52               1069         2.5000E+00
             71                 53                355         3.2500E+00
             71                 54                109         4.1000E+00
             71                 55                 62         5.0500E+00
             71                 56                 10         6.1000E+00
             71                 57                  2         7.2500E+00
             72                 35                  1         5.2000E+00
             72                 36                104         4.2500E+00
             72                 37                489         3.4000E+00
             72                 38               1330         2.6500E+00
             72                 39               2779         2.0000E+00
             72                 40               4931         1.4500E+00
             72                 41               7544         1.0000E+00
             72                 42               9751         6.5000E-01
             72                 43              11295         4.0000E-01
             72                 44              11360         2.5000E-01
             72                 45              11632         2.0000E-01
             72                 46              10130         2.5000E-01
             72                 47               8181         4.0000E-01
             72                 48               6577         6.5000E-01
             72                 49               4526         1.0000E+00
             72                 50               2491         1.4500E+00
             72                 51               1301         2.0000E+00
             72                 52                538         2.6500E+00
             72                 53                167         3.4000E+00
             72                 54                 73         4.2500E+00
             72                 55                 17         5.2000E+00
             72                 56                  5         6.2500E+00
             73                 35                  2         5.4500E+00
             73                 36                 88         4.5000E+00
             73                 37                252         3.6500E+00
             73                 38                605         2.9000E+00
             73                 39               1352         2.2500E+00
             73                 40               2481         1.7000E+00
             73                 41               3614         1.2500E+00
             73                 42               4353         9.0000E-01
             73                 43               4755         6.5000E-01
             73                 44               4603         5.0000E-01
             73                 45               4390         4.5000E-01
             73                 46               3677         5.0000E-01
             73                 47               2849         6.5000E-01
             73                 48               2305         9.0000E-01
             73                 49               1650         1.2500E+00
             73                 50                989         1.7000E+00
             73                 51                434         2.2500E+00
             73                 52                205         2.9000E+00
             73                 53                 47         3.6500E+00
             73                 54                 26         4.5000E+00
             73                 55                  1         5.4500E+00
             74                 36                 27         4.8500E+00
             74                 37                 83         4.0000E+00
             74                 38                199         3.2500E+00
             74                 39                461         2.6000E+00
             74                 40                899         2.0500E+00
             74                 41               1209         1.6000E+00
             74                 42               1261         1.2500E+00
             74                 43               1423         1.0000E+00
             74                 44               1259         8.5000E-01
             74                 45               1151         8.0000E-01
             74                 46               1005         8.5000E-01
             74                 47                754         1.0000E+00
             74                 48                620         1.2500E+00
             74                 49                359         1.6000E+00
             74                 50                177         2.0500E+00
             74                 51                101         2.6000E+00
             74                 52                 63         3.2500E+00
             74                 53                 24         4.0000E+00
             74                 54                 12         4.8500E+00
             75                 36                  6         5.3000E+00
             75                 37                 24         4.4500E+00
             75                 38                 85         3.7000E+00
             75                 39                115         3.0500E+00
             75                 40                219         2.5000E+00
             75                 41                344         2.0500E+00
             75                 42                357         1.7000E+00
             75                 43                356         1.4500E+00
             75                 44                259         1.3000E+00
             75                 45                179         1.2500E+00
             75                 46                273         1.3000E+00
             75                 47                126         1.4500E+00
             75                 48                112         1.7000E+00
             75                 49                 79         2.0500E+00
             75                 50                 28         2.5000E+00
             75                 51                 13         3.0500E+00
             76                 36                  3         5.8500E+00
             76                 37                 15         5.0000E+00
             76                 38                 12         4.2500E+00
             76                 39                 22         3.6000E+00
             76                 40                 36         3.0500E+00
             76                 41                 56         2.6000E+00
             76                 42                 84         2.2500E+00
             76                 43                 63         2.0000E+00
             76                 44                 36         1.8500E+00
             76                 45                 10         1.8000E+00
             76                 46                 19         1.8500E+00
             76                 47                 14         2.0000E+00
             76                 48                 21         2.2500E+00
             76                 49                  6         2.6000E+00
             76                 50                  2         3.0500E+00
             77                 39                  1         4.2500E+00
             77                 40                  1         3.7000E+00
             77                 41                  4         3.2500E+00
             77                 42                  7         2.9000E+00
             77                 43                  4         2.6500E+00
             77                 44                  4         2.5000E+00
             77                 45                  4         2.4500E+00
             78                 42                  2         3.6500E+00
             78                 43                  1         3.4000E+00
