  #Crystal Size      Water Content              Count               Bias
             67                 53                  1         1.6650E+01
             68                 53                  3         1.4900E+01
             69                 48                  3         1.3000E+01
             69                 49                  3         1.2850E+01
             69                 50                 28         1.2800E+01
             69                 51                  2         1.2850E+01
             69                 52                  4         1.3000E+01
             70                 45                  7         1.2500E+01
             70                 46                 13         1.2050E+01
             70                 47                 12         1.1700E+01
             70                 48                 24         1.1450E+01
             70                 49                 23         1.1300E+01
             70                 50                 42         1.1250E+01
             70                 51                 19         1.1300E+01
             70                 52                 27         1.1450E+01
             70                 53                 13         1.1700E+01
             70                 54                 21         1.2050E+01
             70                 55                  2         1.2500E+01
             70                 57                  3         1.3700E+01
             71                 43                 12         1.2250E+01
             71                 44                 10         1.1600E+01
             71                 45                 17         1.1050E+01
             71                 46                 54         1.0600E+01
             71                 47                 96         1.0250E+01
             71                 48                184         1.0000E+01
             71                 49                177         9.8500E+00
             71                 50                176         9.8000E+00
             71                 51                209         9.8500E+00
             71                 52                134         1.0000E+01
             71                 53                126         1.0250E+01
             71                 54                 85         1.0600E+01
             71                 55                 37         1.1050E+01
             71                 56                 24         1.1600E+01
             71                 57                  4         1.2250E+01
             71                 58                  8         1.3000E+01
             72                 39                 10         1.4500E+01
             72                 40                 14         1.3450E+01
             72                 41                 11         1.2500E+01
             72                 42                 24         1.1650E+01
             72                 43                 29         1.0900E+01
             72                 44                 57         1.0250E+01
             72                 45                138         9.7000E+00
             72                 46                306         9.2500E+00
             72                 47                628         8.9000E+00
             72                 48                917         8.6500E+00
             72                 49                992         8.5000E+00
             72                 50               1178         8.4500E+00
             72                 51               1098         8.5000E+00
             72                 52                973         8.6500E+00
             72                 53                699         8.9000E+00
             72                 54                366         9.2500E+00
             72                 55                318         9.7000E+00
             72                 56                145         1.0250E+01
             72                 57                 38         1.0900E+01
             72                 58                 12         1.1650E+01
             72                 59                  5         1.2500E+01
             73                 39                 27         1.3250E+01
             73                 40                 35         1.2200E+01
             73                 41                109         1.1250E+01
             73                 42                 64         1.0400E+01
             73                 43                123         9.6500E+00
             73                 44                306         9.0000E+00
             73                 45                741         8.4500E+00
             73                 46               1791         8.0000E+00
             73                 47               2807         7.6500E+00
             73                 48               3974         7.4000E+00
             73                 49               4676         7.2500E+00
             73                 50               5221         7.2000E+00
             73                 51               5080         7.2500E+00
             73                 52               4047         7.4000E+00
             73                 53               2623         7.6500E+00
             73                 54               1669         8.0000E+00
             73                 55               1046         8.4500E+00
             73                 56                494         9.0000E+00
             73                 57                210         9.6500E+00
             73                 58                 83         1.0400E+01
             73                 59                 46         1.1250E+01
             73                 60                  5         1.2200E+01
             73                 61                  2         1.3250E+01
             74                 36                  4         1.5850E+01
             74                 37                  4         1.4500E+01
             74                 38                 19         1.3250E+01
             74                 39                101         1.2100E+01
             74                 40                172         1.1050E+01
             74                 41                236         1.0100E+01
             74                 42                362         9.2500E+00
             74                 43                540         8.5000E+00
             74                 44               1238         7.8500E+00
             74                 45               2722         7.3000E+00
             74                 46               5267         6.8500E+00
             74                 47               8395         6.5000E+00
             74                 48              11729         6.2500E+00
             74                 49              14225         6.1000E+00
             74                 50              15517         6.0500E+00
             74                 51              15043         6.1000E+00
             74                 52              11908         6.2500E+00
             74                 53               8143         6.5000E+00
             74                 54               4918         6.8500E+00
             74                 55               3344         7.3000E+00
             74                 56               1728         7.8500E+00
             74                 57                722         8.5000E+00
             74                 58                359         9.2500E+00
             74                 59                 62         1.0100E+01
             74                 60                 12         1.1050E+01
             75                 35                  5         1.6250E+01
             75                 36                 18         1.4800E+01
             75                 37                  9         1.3450E+01
             75                 38                 82         1.2200E+01
             75                 39                226         1.1050E+01
             75                 40                546         1.0000E+01
             75                 41                885         9.0500E+00
             75                 42               1209         8.2000E+00
             75                 43               1644         7.4500E+00
             75                 44               2906         6.8000E+00
             75                 45               6113         6.2500E+00
             75                 46              10959         5.8000E+00
             75                 47              17081         5.4500E+00
             75                 48              23761         5.2000E+00
             75                 49              29422         5.0500E+00
             75                 50              31644         5.0000E+00
             75                 51              29258         5.0500E+00
             75                 52              22659         5.2000E+00
             75                 53              15761         5.4500E+00
             75                 54              11113         5.8000E+00
             75                 55               6502         6.2500E+00
             75                 56               3172         6.8000E+00
             75                 57               1529         7.4500E+00
             75                 58                635         8.2000E+00
             75                 59                185         9.0500E+00
             75                 60                 56         1.0000E+01
             76                 35                  2         1.5300E+01
             76                 36                 29         1.3850E+01
             76                 37                 68         1.2500E+01
             76                 38                208         1.1250E+01
             76                 39                459         1.0100E+01
             76                 40                841         9.0500E+00
             76                 41               1970         8.1000E+00
             76                 42               2704         7.2500E+00
             76                 43               2961         6.5000E+00
             76                 44               4241         5.8500E+00
             76                 45               7750         5.3000E+00
             76                 46              13305         4.8500E+00
             76                 47              21984         4.5000E+00
             76                 48              31155         4.2500E+00
             76                 49              39781         4.1000E+00
             76                 50              42525         4.0500E+00
             76                 51              38963         4.1000E+00
             76                 52              29605         4.2500E+00
             76                 53              21947         4.5000E+00
             76                 54              13738         4.8500E+00
             76                 55               7981         5.3000E+00
             76                 56               4107         5.8500E+00
             76                 57               1995         6.5000E+00
             76                 58                692         7.2500E+00
             76                 59                251         8.1000E+00
             76                 60                 81         9.0500E+00
             76                 61                  1         1.0100E+01
             77                 36                 20         1.3000E+01
             77                 37                 15         1.1650E+01
             77                 38                118         1.0400E+01
             77                 39                308         9.2500E+00
             77                 40               1071         8.2000E+00
             77                 41               2230         7.2500E+00
             77                 42               2503         6.4000E+00
             77                 43               2470         5.6500E+00
             77                 44               3087         5.0000E+00
             77                 45               5457         4.4500E+00
             77                 46               9905         4.0000E+00
             77                 47              16583         3.6500E+00
             77                 48              24795         3.4000E+00
             77                 49              31934         3.2500E+00
             77                 50              35795         3.2000E+00
             77                 51              32944         3.2500E+00
             77                 52              24915         3.4000E+00
             77                 53              17632         3.6500E+00
             77                 54              10839         4.0000E+00
             77                 55               5786         4.4500E+00
             77                 56               2825         5.0000E+00
             77                 57               1517         5.6500E+00
             77                 58                557         6.4000E+00
             77                 59                201         7.2500E+00
             77                 60                 68         8.2000E+00
             78                 37                  6         1.0900E+01
             78                 38                 42         9.6500E+00
             78                 39                181         8.5000E+00
             78                 40                436         7.4500E+00
             78                 41                771         6.5000E+00
             78                 42                602         5.6500E+00
             78                 43                662         4.9000E+00
             78                 44                958         4.2500E+00
             78                 45               1391         3.7000E+00
             78                 46               3150         3.2500E+00
             78                 47               5854         2.9000E+00
             78                 48               9759         2.6500E+00
             78                 49              12681         2.5000E+00
             78                 50              15025         2.4500E+00
             78                 51              15291         2.5000E+00
             78                 52              11361         2.6500E+00
             78                 53               7617         2.9000E+00
             78                 54               4399         3.2500E+00
             78                 55               2377         3.7000E+00
             78                 56               1479         4.2500E+00
             78                 57                721         4.9000E+00
             78                 58                196         5.6500E+00
             78                 59                 10         6.5000E+00
             79                 39                 12         7.8500E+00
             79                 40                 10         6.8000E+00
             79                 41                 42         5.8500E+00
             79                 42                 76         5.0000E+00
             79                 43                 35         4.2500E+00
             79                 44                 62         3.6000E+00
             79                 45                149         3.0500E+00
             79                 46                375         2.6000E+00
             79                 47                615         2.2500E+00
             79                 48               1366         2.0000E+00
             79                 49               1833         1.8500E+00
             79                 50               1996         1.8000E+00
             79                 51               2088         1.8500E+00
             79                 52               1585         2.0000E+00
             79                 53               1096         2.2500E+00
             79                 54                756         2.6000E+00
             79                 55                380         3.0500E+00
             79                 56                215         3.6000E+00
             79                 57                 62         4.2500E+00
             79                 58                 12         5.0000E+00
             80                 46                  2         2.0500E+00
             80                 47                 12         1.7000E+00
             80                 48                 69         1.4500E+00
             80                 49                 64         1.3000E+00
             80                 50                105         1.2500E+00
             80                 51                 53         1.3000E+00
             80                 52                 66         1.4500E+00
             80                 53                 38         1.7000E+00
             80                 54                 32         2.0500E+00
             80                 55                 10         2.5000E+00
             80                 56                  5         3.0500E+00
             80                 57                  1         3.7000E+00
