  #Crystal Size      Water Content              Count               Bias
             67                 44                  3         5.0000E+00
             67                 45                  1         4.4500E+00
             67                 46                  4         4.0000E+00
             67                 47                  3         3.6500E+00
             67                 48                  4         3.4000E+00
             67                 49                  7         3.2500E+00
             67                 50                  3         3.2000E+00
             67                 51                  1         3.2500E+00
             67                 52                  1         3.4000E+00
             67                 54                  1         4.0000E+00
             68                 43                  5         4.9000E+00
             68                 44                  9         4.2500E+00
             68                 45                  6         3.7000E+00
             68                 46                 11         3.2500E+00
             68                 47                 35         2.9000E+00
             68                 48                 25         2.6500E+00
             68                 49                 24         2.5000E+00
             68                 50                 25         2.4500E+00
             68                 51                 25         2.5000E+00
             68                 52                  8         2.6500E+00
             68                 53                  6         2.9000E+00
             68                 54                  8         3.2500E+00
             69                 41                  2         5.8500E+00
             69                 42                 16         5.0000E+00
             69                 43                 55         4.2500E+00
             69                 44                 66         3.6000E+00
             69                 45                 94         3.0500E+00
             69                 46                 85         2.6000E+00
             69                 47                129         2.2500E+00
             69                 48                205         2.0000E+00
             69                 49                260         1.8500E+00
             69                 50                272         1.8000E+00
             69                 51                196         1.8500E+00
             69                 52                132         2.0000E+00
             69                 53                 59         2.2500E+00
             69                 54                 28         2.6000E+00
             69                 55                 16         3.0500E+00
             70                 39                  1         7.3000E+00
             70                 40                 11         6.2500E+00
             70                 41                 21         5.3000E+00
             70                 42                 44         4.4500E+00
             70                 43                135         3.7000E+00
             70                 44                289         3.0500E+00
             70                 45                358         2.5000E+00
             70                 46                626         2.0500E+00
             70                 47                946         1.7000E+00
             70                 48               1148         1.4500E+00
             70                 49               1295         1.3000E+00
             70                 50               1322         1.2500E+00
             70                 51               1088         1.3000E+00
             70                 52                696         1.4500E+00
             70                 53                369         1.7000E+00
             70                 54                175         2.0500E+00
             70                 55                 71         2.5000E+00
             70                 56                 24         3.0500E+00
             70                 57                 17         3.7000E+00
             71                 39                  2         6.8500E+00
             71                 40                 19         5.8000E+00
             71                 41                 86         4.8500E+00
             71                 42                226         4.0000E+00
             71                 43                363         3.2500E+00
             71                 44                842         2.6000E+00
             71                 45               1585         2.0500E+00
             71                 46               2489         1.6000E+00
             71                 47               3610         1.2500E+00
             71                 48               4428         1.0000E+00
             71                 49               4667         8.5000E-01
             71                 50               4480         8.0000E-01
             71                 51               3885         8.5000E-01
             71                 52               2443         1.0000E+00
             71                 53               1182         1.2500E+00
             71                 54                649         1.6000E+00
             71                 55                261         2.0500E+00
             71                 56                 80         2.6000E+00
             71                 57                 38         3.2500E+00
             71                 58                  6         4.0000E+00
             72                 38                  9         7.6500E+00
             72                 39                  5         6.5000E+00
             72                 40                 53         5.4500E+00
             72                 41                153         4.5000E+00
             72                 42                433         3.6500E+00
             72                 43               1023         2.9000E+00
             72                 44               2329         2.2500E+00
             72                 45               4354         1.7000E+00
             72                 46               6994         1.2500E+00
             72                 47               9431         9.0000E-01
             72                 48              11735         6.5000E-01
             72                 49              12788         5.0000E-01
             72                 50              12268         4.5000E-01
             72                 51               9697         5.0000E-01
             72                 52               6621         6.5000E-01
             72                 53               3894         9.0000E-01
             72                 54               1717         1.2500E+00
             72                 55                689         1.7000E+00
             72                 56                189         2.2500E+00
             72                 57                 71         2.9000E+00
             72                 58                 20         3.6500E+00
             73                 37                  1         8.6500E+00
             73                 38                 14         7.4000E+00
             73                 39                 42         6.2500E+00
             73                 40                101         5.2000E+00
             73                 41                291         4.2500E+00
             73                 42                726         3.4000E+00
             73                 43               1816         2.6500E+00
             73                 44               4382         2.0000E+00
             73                 45               8103         1.4500E+00
             73                 46              13643         1.0000E+00
             73                 47              18738         6.5000E-01
             73                 48              23365         4.0000E-01
             73                 49              24688         2.5000E-01
             73                 50              23157         2.0000E-01
             73                 51              18975         2.5000E-01
             73                 52              12801         4.0000E-01
             73                 53               7554         6.5000E-01
             73                 54               3578         1.0000E+00
             73                 55               1369         1.4500E+00
             73                 56                454         2.0000E+00
             73                 57                103         2.6500E+00
             73                 58                 28         3.4000E+00
             73                 59                  5         4.2500E+00
             74                 37                  6         8.5000E+00
             74                 38                 19         7.2500E+00
             74                 39                 37         6.1000E+00
             74                 40                170         5.0500E+00
             74                 41                394         4.1000E+00
             74                 42                942         3.2500E+00
             74                 43               2713         2.5000E+00
             74                 44               5917         1.8500E+00
             74                 45              11374         1.3000E+00
             74                 46              18469         8.5000E-01
             74                 47              25277         5.0000E-01
             74                 48              32770         2.5000E-01
             74                 49              35315         1.0000E-01
             74                 50              33099         5.0000E-02
             74                 51              26431         1.0000E-01
             74                 52              18300         2.5000E-01
             74                 53              10258         5.0000E-01
             74                 54               5066         8.5000E-01
             74                 55               2103         1.3000E+00
             74                 56                738         1.8500E+00
             74                 57                273         2.5000E+00
             74                 58                 29         3.2500E+00
             74                 59                  3         4.1000E+00
             75                 37                  5         8.4500E+00
             75                 38                  9         7.2000E+00
             75                 39                 32         6.0500E+00
             75                 40                 97         5.0000E+00
             75                 41                392         4.0500E+00
             75                 42                956         3.2000E+00
             75                 43               2531         2.4500E+00
             75                 44               6123         1.8000E+00
             75                 45              11204         1.2500E+00
             75                 46              18348         8.0000E-01
             75                 47              26314         4.5000E-01
             75                 48              32655         2.0000E-01
             75                 49              35614         5.0000E-02
             75                 50              32738         0.0000E+00
             75                 51              25952         5.0000E-02
             75                 52              17520         2.0000E-01
             75                 53              10056         4.5000E-01
             75                 54               5439         8.0000E-01
             75                 55               2373         1.2500E+00
             75                 56                730         1.8000E+00
             75                 57                272         2.4500E+00
             75                 58                 76         3.2000E+00
             75                 59                  3         4.0500E+00
             76                 38                  2         7.2500E+00
             76                 39                 20         6.1000E+00
             76                 40                 59         5.0500E+00
             76                 41                257         4.1000E+00
             76                 42                704         3.2500E+00
             76                 43               1763         2.5000E+00
             76                 44               4232         1.8500E+00
             76                 45               7605         1.3000E+00
             76                 46              12539         8.5000E-01
             76                 47              17675         5.0000E-01
             76                 48              21618         2.5000E-01
             76                 49              24329         1.0000E-01
             76                 50              23199         5.0000E-02
             76                 51              17998         1.0000E-01
             76                 52              12131         2.5000E-01
             76                 53               6995         5.0000E-01
             76                 54               3568         8.5000E-01
             76                 55               1806         1.3000E+00
             76                 56                658         1.8500E+00
             76                 57                206         2.5000E+00
             76                 58                 54         3.2500E+00
             76                 59                  2         4.1000E+00
             76                 60                  1         5.0500E+00
             77                 39                  3         6.2500E+00
             77                 40                 19         5.2000E+00
             77                 41                101         4.2500E+00
             77                 42                327         3.4000E+00
             77                 43                837         2.6500E+00
             77                 44               1734         2.0000E+00
             77                 45               3378         1.4500E+00
             77                 46               5674         1.0000E+00
             77                 47               7622         6.5000E-01
             77                 48               9543         4.0000E-01
             77                 49              10524         2.5000E-01
             77                 50              10364         2.0000E-01
             77                 51               8555         2.5000E-01
             77                 52               5623         4.0000E-01
             77                 53               3140         6.5000E-01
             77                 54               1750         1.0000E+00
             77                 55                963         1.4500E+00
             77                 56                450         2.0000E+00
             77                 57                117         2.6500E+00
             77                 58                 27         3.4000E+00
             77                 59                 10         4.2500E+00
             77                 60                  9         5.2000E+00
             78                 40                  1         5.4500E+00
             78                 41                 17         4.5000E+00
             78                 42                 88         3.6500E+00
             78                 43                222         2.9000E+00
             78                 44                552         2.2500E+00
             78                 45                990         1.7000E+00
             78                 46               1474         1.2500E+00
             78                 47               1999         9.0000E-01
             78                 48               2634         6.5000E-01
             78                 49               3043         5.0000E-01
             78                 50               2834         4.5000E-01
             78                 51               2476         5.0000E-01
             78                 52               1574         6.5000E-01
             78                 53                889         9.0000E-01
             78                 54                448         1.2500E+00
             78                 55                255         1.7000E+00
             78                 56                126         2.2500E+00
             78                 57                 47         2.9000E+00
             78                 58                 35         3.6500E+00
             78                 59                  4         4.5000E+00
             79                 41                  3         4.8500E+00
             79                 42                 16         4.0000E+00
             79                 43                 35         3.2500E+00
             79                 44                 88         2.6000E+00
             79                 45                150         2.0500E+00
             79                 46                209         1.6000E+00
             79                 47                284         1.2500E+00
             79                 48                333         1.0000E+00
             79                 49                364         8.5000E-01
             79                 50                365         8.0000E-01
             79                 51                327         8.5000E-01
             79                 52                269         1.0000E+00
             79                 53                133         1.2500E+00
             79                 54                 42         1.6000E+00
             79                 55                 12         2.0500E+00
             79                 56                 13         2.6000E+00
             79                 57                  2         3.2500E+00
             79                 58                  1         4.0000E+00
             80                 42                  3         4.4500E+00
             80                 43                  2         3.7000E+00
             80                 44                  1         3.0500E+00
             80                 45                  7         2.5000E+00
             80                 46                 11         2.0500E+00
             80                 47                 12         1.7000E+00
             80                 48                 15         1.4500E+00
             80                 49                 13         1.3000E+00
             80                 50                 20         1.2500E+00
             80                 51                  8         1.3000E+00
             80                 52                  5         1.4500E+00
             80                 53                  2         1.7000E+00
