  #Crystal Size      Water Content              Count               Bias
             53                 48                  3         2.6500E+00
             53                 52                  1         2.6500E+00
             53                 53                  2         2.9000E+00
             54                 45                  1         3.0500E+00
             54                 47                  1         2.2500E+00
             54                 48                  1         2.0000E+00
             54                 50                  1         1.8000E+00
             54                 51                  5         1.8500E+00
             54                 52                 14         2.0000E+00
             54                 53                  3         2.2500E+00
             54                 54                  1         2.6000E+00
             55                 46                  4         2.0500E+00
             55                 47                  1         1.7000E+00
             55                 48                 13         1.4500E+00
             55                 49                 11         1.3000E+00
             55                 50                  9         1.2500E+00
             55                 51                 31         1.3000E+00
             55                 52                 15         1.4500E+00
             55                 53                 12         1.7000E+00
             55                 54                 14         2.0500E+00
             55                 55                  2         2.5000E+00
             55                 56                  1         3.0500E+00
             56                 41                  1         4.8500E+00
             56                 43                  4         3.2500E+00
             56                 44                  9         2.6000E+00
             56                 45                 26         2.0500E+00
             56                 46                 25         1.6000E+00
             56                 47                 37         1.2500E+00
             56                 48                 72         1.0000E+00
             56                 49                 97         8.5000E-01
             56                 50                 83         8.0000E-01
             56                 51                111         8.5000E-01
             56                 52                100         1.0000E+00
             56                 53                 50         1.2500E+00
             56                 54                 38         1.6000E+00
             56                 55                 17         2.0500E+00
             56                 56                  2         2.6000E+00
             56                 57                  3         3.2500E+00
             57                 41                  2         4.5000E+00
             57                 42                  7         3.6500E+00
             57                 43                 27         2.9000E+00
             57                 44                 74         2.2500E+00
             57                 45                150         1.7000E+00
             57                 46                193         1.2500E+00
             57                 47                220         9.0000E-01
             57                 48                317         6.5000E-01
             57                 49                398         5.0000E-01
             57                 50                374         4.5000E-01
             57                 51                400         5.0000E-01
             57                 52                371         6.5000E-01
             57                 53                217         9.0000E-01
             57                 54                160         1.2500E+00
             57                 55                 87         1.7000E+00
             57                 56                 23         2.2500E+00
             57                 57                  3         2.9000E+00
             57                 58                  3         3.6500E+00
             58                 41                  4         4.2500E+00
             58                 42                 45         3.4000E+00
             58                 43                120         2.6500E+00
             58                 44                279         2.0000E+00
             58                 45                586         1.4500E+00
             58                 46                681         1.0000E+00
             58                 47                842         6.5000E-01
             58                 48               1281         4.0000E-01
             58                 49               1575         2.5000E-01
             58                 50               1688         2.0000E-01
             58                 51               1618         2.5000E-01
             58                 52               1335         4.0000E-01
             58                 53               1000         6.5000E-01
             58                 54                539         1.0000E+00
             58                 55                315         1.4500E+00
             58                 56                133         2.0000E+00
             58                 57                 47         2.6500E+00
             58                 58                  6         3.4000E+00
             58                 59                  1         4.2500E+00
             59                 40                  1         5.0500E+00
             59                 41                 10         4.1000E+00
             59                 42                 94         3.2500E+00
             59                 43                310         2.5000E+00
             59                 44                902         1.8500E+00
             59                 45               1427         1.3000E+00
             59                 46               1653         8.5000E-01
             59                 47               2297         5.0000E-01
             59                 48               3467         2.5000E-01
             59                 49               4328         1.0000E-01
             59                 50               4936         5.0000E-02
             59                 51               4926         1.0000E-01
             59                 52               4376         2.5000E-01
             59                 53               2850         5.0000E-01
             59                 54               1859         8.5000E-01
             59                 55                899         1.3000E+00
             59                 56                437         1.8500E+00
             59                 57                168         2.5000E+00
             59                 58                 46         3.2500E+00
             59                 59                  7         4.1000E+00
             59                 62                  1         7.2500E+00
             60                 40                  5         5.0000E+00
             60                 41                 27         4.0500E+00
             60                 42                107         3.2000E+00
             60                 43                562         2.4500E+00
             60                 44               1495         1.8000E+00
             60                 45               2665         1.2500E+00
             60                 46               3354         8.0000E-01
             60                 47               5085         4.5000E-01
             60                 48               7124         2.0000E-01
             60                 49               9805         5.0000E-02
             60                 50              11585         0.0000E+00
             60                 51              11641         5.0000E-02
             60                 52              10287         2.0000E-01
             60                 53               7159         4.5000E-01
             60                 54               4351         8.0000E-01
             60                 55               2209         1.2500E+00
             60                 56               1047         1.8000E+00
             60                 57                490         2.4500E+00
             60                 58                 92         3.2000E+00
             60                 59                 45         4.0500E+00
             60                 62                  1         7.2000E+00
             60                 63                  1         8.4500E+00
             61                 41                 28         4.1000E+00
             61                 42                187         3.2500E+00
             61                 43                742         2.5000E+00
             61                 44               1929         1.8500E+00
             61                 45               3681         1.3000E+00
             61                 46               4926         8.5000E-01
             61                 47               8006         5.0000E-01
             61                 48              11924         2.5000E-01
             61                 49              16626         1.0000E-01
             61                 50              20577         5.0000E-02
             61                 51              21372         1.0000E-01
             61                 52              18894         2.5000E-01
             61                 53              13526         5.0000E-01
             61                 54               7706         8.5000E-01
             61                 55               4091         1.3000E+00
             61                 56               1941         1.8500E+00
             61                 57                857         2.5000E+00
             61                 58                314         3.2500E+00
             61                 59                 85         4.1000E+00
             61                 60                  7         5.0500E+00
             61                 61                  8         6.1000E+00
             61                 62                  5         7.2500E+00
             61                 63                  2         8.5000E+00
             62                 41                 22         4.2500E+00
             62                 42                204         3.4000E+00
             62                 43                703         2.6500E+00
             62                 44               2062         2.0000E+00
             62                 45               3882         1.4500E+00
             62                 46               6142         1.0000E+00
             62                 47              10024         6.5000E-01
             62                 48              15692         4.0000E-01
             62                 49              22342         2.5000E-01
             62                 50              27680         2.0000E-01
             62                 51              29780         2.5000E-01
             62                 52              26335         4.0000E-01
             62                 53              19252         6.5000E-01
             62                 54              11741         1.0000E+00
             62                 55               5810         1.4500E+00
             62                 56               2819         2.0000E+00
             62                 57               1122         2.6500E+00
             62                 58                324         3.4000E+00
             62                 59                 97         4.2500E+00
             62                 60                 29         5.2000E+00
             62                 61                 20         6.2500E+00
             62                 62                 19         7.4000E+00
             62                 63                  4         8.6500E+00
             63                 41                 18         4.5000E+00
             63                 42                124         3.6500E+00
             63                 43                492         2.9000E+00
             63                 44               1599         2.2500E+00
             63                 45               3329         1.7000E+00
             63                 46               5686         1.2500E+00
             63                 47              10064         9.0000E-01
             63                 48              16298         6.5000E-01
             63                 49              23247         5.0000E-01
             63                 50              29393         4.5000E-01
             63                 51              31359         5.0000E-01
             63                 52              28490         6.5000E-01
             63                 53              21993         9.0000E-01
             63                 54              14138         1.2500E+00
             63                 55               6886         1.7000E+00
             63                 56               3318         2.2500E+00
             63                 57               1509         2.9000E+00
             63                 58                463         3.6500E+00
             63                 59                 97         4.5000E+00
             63                 60                 40         5.4500E+00
             63                 61                 43         6.5000E+00
             63                 62                  5         7.6500E+00
             64                 41                  9         4.8500E+00
             64                 42                 33         4.0000E+00
             64                 43                311         3.2500E+00
             64                 44                976         2.6000E+00
             64                 45               2186         2.0500E+00
             64                 46               3973         1.6000E+00
             64                 47               7818         1.2500E+00
             64                 48              12893         1.0000E+00
             64                 49              19417         8.5000E-01
             64                 50              24653         8.0000E-01
             64                 51              26742         8.5000E-01
             64                 52              24791         1.0000E+00
             64                 53              18964         1.2500E+00
             64                 54              12020         1.6000E+00
             64                 55               6072         2.0500E+00
             64                 56               2844         2.6000E+00
             64                 57                941         3.2500E+00
             64                 58                404         4.0000E+00
             64                 59                 57         4.8500E+00
             64                 60                 30         5.8000E+00
             64                 61                 11         6.8500E+00
             64                 62                  5         8.0000E+00
             65                 41                  1         5.3000E+00
             65                 42                 21         4.4500E+00
             65                 43                124         3.7000E+00
             65                 44                474         3.0500E+00
             65                 45               1286         2.5000E+00
             65                 46               2540         2.0500E+00
             65                 47               4702         1.7000E+00
             65                 48               8460         1.4500E+00
             65                 49              12563         1.3000E+00
             65                 50              16397         1.2500E+00
             65                 51              17289         1.3000E+00
             65                 52              16353         1.4500E+00
             65                 53              12501         1.7000E+00
             65                 54               7809         2.0500E+00
             65                 55               3722         2.5000E+00
             65                 56               1819         3.0500E+00
             65                 57                674         3.7000E+00
             65                 58                180         4.4500E+00
             65                 59                 39         5.3000E+00
             65                 60                 25         6.2500E+00
             66                 42                  5         5.0000E+00
             66                 43                 20         4.2500E+00
             66                 44                256         3.6000E+00
             66                 45                585         3.0500E+00
             66                 46               1242         2.6000E+00
             66                 47               2127         2.2500E+00
             66                 48               3842         2.0000E+00
             66                 49               5949         1.8500E+00
             66                 50               7855         1.8000E+00
             66                 51               8505         1.8500E+00
             66                 52               8284         2.0000E+00
             66                 53               6269         2.2500E+00
             66                 54               3523         2.6000E+00
             66                 55               1880         3.0500E+00
             66                 56                817         3.6000E+00
             66                 57                302         4.2500E+00
             66                 58                 64         5.0000E+00
             66                 59                 12         5.8500E+00
             66                 60                  3         6.8000E+00
             67                 43                  4         4.9000E+00
             67                 44                 75         4.2500E+00
             67                 45                179         3.7000E+00
             67                 46                463         3.2500E+00
             67                 47                803         2.9000E+00
             67                 48               1303         2.6500E+00
             67                 49               2019         2.5000E+00
             67                 50               2815         2.4500E+00
             67                 51               3213         2.5000E+00
             67                 52               2994         2.6500E+00
             67                 53               2292         2.9000E+00
             67                 54               1331         3.2500E+00
             67                 55                661         3.7000E+00
             67                 56                305         4.2500E+00
             67                 57                 78         4.9000E+00
             67                 58                  5         5.6500E+00
             67                 60                  1         7.4500E+00
             68                 43                  3         5.6500E+00
             68                 44                 23         5.0000E+00
             68                 45                 65         4.4500E+00
             68                 46                101         4.0000E+00
             68                 47                245         3.6500E+00
             68                 48                315         3.4000E+00
             68                 49                515         3.2500E+00
             68                 50                717         3.2000E+00
             68                 51                943         3.2500E+00
             68                 52                707         3.4000E+00
             68                 53                524         3.6500E+00
             68                 54                307         4.0000E+00
             68                 55                161         4.4500E+00
             68                 56                 87         5.0000E+00
             68                 57                 16         5.6500E+00
             68                 58                  7         6.4000E+00
             69                 43                  1         6.5000E+00
             69                 44                  5         5.8500E+00
             69                 45                 26         5.3000E+00
             69                 46                 38         4.8500E+00
             69                 47                  8         4.5000E+00
             69                 48                 47         4.2500E+00
             69                 49                 67         4.1000E+00
             69                 50                119         4.0500E+00
             69                 51                157         4.1000E+00
             69                 52                122         4.2500E+00
             69                 53                 76         4.5000E+00
             69                 54                 60         4.8500E+00
             69                 55                 42         5.3000E+00
             69                 56                 12         5.8500E+00
             69                 57                  7         6.5000E+00
             70                 44                  1         6.8000E+00
             70                 45                  2         6.2500E+00
             70                 46                  6         5.8000E+00
             70                 49                  4         5.0500E+00
             70                 50                  6         5.0000E+00
             70                 51                  8         5.0500E+00
             70                 52                 18         5.2000E+00
             70                 53                  2         5.4500E+00
             70                 54                  6         5.8000E+00
             70                 55                  8         6.2500E+00
             70                 56                  3         6.8000E+00
