  #Crystal Size      Water Content              Count               Bias
             54                 48                  1         2.5000E-01
             54                 49                  2         1.0000E-01
             54                 54                  4         8.5000E-01
             54                 55                  2         1.3000E+00
             55                 48                  4         2.0000E-01
             55                 49                  2         5.0000E-02
             55                 50                  1         0.0000E+00
             55                 51                  1         5.0000E-02
             55                 52                  1         2.0000E-01
             55                 53                 11         4.5000E-01
             55                 54                  3         8.0000E-01
             55                 55                  9         1.2500E+00
             55                 56                  1         1.8000E+00
             55                 57                  1         2.4500E+00
             55                 59                  1         4.0500E+00
             56                 47                 14         5.0000E-01
             56                 48                 12         2.5000E-01
             56                 49                  6         1.0000E-01
             56                 50                 14         5.0000E-02
             56                 51                 17         1.0000E-01
             56                 52                  7         2.5000E-01
             56                 53                 16         5.0000E-01
             56                 54                 35         8.5000E-01
             56                 55                 28         1.3000E+00
             56                 56                 22         1.8500E+00
             56                 57                 16         2.5000E+00
             56                 58                  4         3.2500E+00
             56                 59                  1         4.1000E+00
             57                 42                  4         3.4000E+00
             57                 44                  3         2.0000E+00
             57                 45                 13         1.4500E+00
             57                 46                  3         1.0000E+00
             57                 47                 37         6.5000E-01
             57                 48                 52         4.0000E-01
             57                 49                 49         2.5000E-01
             57                 50                 70         2.0000E-01
             57                 51                111         2.5000E-01
             57                 52                 94         4.0000E-01
             57                 53                 83         6.5000E-01
             57                 54                128         1.0000E+00
             57                 55                 81         1.4500E+00
             57                 56                 46         2.0000E+00
             57                 57                 36         2.6500E+00
             57                 58                  9         3.4000E+00
             57                 59                 12         4.2500E+00
             57                 60                  2         5.2000E+00
             58                 42                  9         3.6500E+00
             58                 43                  2         2.9000E+00
             58                 44                 24         2.2500E+00
             58                 45                 42         1.7000E+00
             58                 46                 68         1.2500E+00
             58                 47                168         9.0000E-01
             58                 48                278         6.5000E-01
             58                 49                268         5.0000E-01
             58                 50                367         4.5000E-01
             58                 51                350         5.0000E-01
             58                 52                325         6.5000E-01
             58                 53                372         9.0000E-01
             58                 54                394         1.2500E+00
             58                 55                193         1.7000E+00
             58                 56                157         2.2500E+00
             58                 57                149         2.9000E+00
             58                 58                 73         3.6500E+00
             58                 59                 36         4.5000E+00
             58                 60                 17         5.4500E+00
             58                 61                 13         6.5000E+00
             58                 62                  3         7.6500E+00
             59                 41                  3         4.8500E+00
             59                 42                 22         4.0000E+00
             59                 43                 46         3.2500E+00
             59                 44                129         2.6000E+00
             59                 45                181         2.0500E+00
             59                 46                247         1.6000E+00
             59                 47                430         1.2500E+00
             59                 48                793         1.0000E+00
             59                 49                975         8.5000E-01
             59                 50               1251         8.0000E-01
             59                 51               1201         8.5000E-01
             59                 52               1091         1.0000E+00
             59                 53               1196         1.2500E+00
             59                 54               1037         1.6000E+00
             59                 55                734         2.0500E+00
             59                 56                494         2.6000E+00
             59                 57                265         3.2500E+00
             59                 58                142         4.0000E+00
             59                 59                 83         4.8500E+00
             59                 60                 55         5.8000E+00
             59                 61                 40         6.8500E+00
             59                 62                  1         8.0000E+00
             60                 42                 55         4.4500E+00
             60                 43                223         3.7000E+00
             60                 44                451         3.0500E+00
             60                 45                594         2.5000E+00
             60                 46               1024         2.0500E+00
             60                 47               1447         1.7000E+00
             60                 48               1883         1.4500E+00
             60                 49               2748         1.3000E+00
             60                 50               3457         1.2500E+00
             60                 51               3444         1.3000E+00
             60                 52               3371         1.4500E+00
             60                 53               2986         1.7000E+00
             60                 54               2635         2.0500E+00
             60                 55               1572         2.5000E+00
             60                 56                941         3.0500E+00
             60                 57                484         3.7000E+00
             60                 58                272         4.4500E+00
             60                 59                 98         5.3000E+00
             60                 60                 98         6.2500E+00
             60                 61                 44         7.3000E+00
             60                 62                  4         8.4500E+00
             61                 39                  5         7.8500E+00
             61                 40                  9         6.8000E+00
             61                 41                 35         5.8500E+00
             61                 42                163         5.0000E+00
             61                 43                515         4.2500E+00
             61                 44               1021         3.6000E+00
             61                 45               1736         3.0500E+00
             61                 46               2440         2.6000E+00
             61                 47               3436         2.2500E+00
             61                 48               4555         2.0000E+00
             61                 49               6478         1.8500E+00
             61                 50               7460         1.8000E+00
             61                 51               7363         1.8500E+00
             61                 52               7165         2.0000E+00
             61                 53               6123         2.2500E+00
             61                 54               4775         2.6000E+00
             61                 55               3241         3.0500E+00
             61                 56               1600         3.6000E+00
             61                 57                796         4.2500E+00
             61                 58                453         5.0000E+00
             61                 59                109         5.8500E+00
             61                 60                137         6.8000E+00
             61                 61                 57         7.8500E+00
             61                 62                  1         9.0000E+00
             62                 40                 27         7.4500E+00
             62                 41                106         6.5000E+00
             62                 42                436         5.6500E+00
             62                 43               1171         4.9000E+00
             62                 44               2316         4.2500E+00
             62                 45               3888         3.7000E+00
             62                 46               5420         3.2500E+00
             62                 47               7060         2.9000E+00
             62                 48              10016         2.6500E+00
             62                 49              12373         2.5000E+00
             62                 50              13183         2.4500E+00
             62                 51              13037         2.5000E+00
             62                 52              12144         2.6500E+00
             62                 53              10047         2.9000E+00
             62                 54               7977         3.2500E+00
             62                 55               5237         3.7000E+00
             62                 56               2516         4.2500E+00
             62                 57                987         4.9000E+00
             62                 58                486         5.6500E+00
             62                 59                156         6.5000E+00
             62                 60                147         7.4500E+00
             62                 61                 62         8.5000E+00
             62                 62                  1         9.6500E+00
             63                 39                 17         9.2500E+00
             63                 40                 75         8.2000E+00
             63                 41                281         7.2500E+00
             63                 42                791         6.4000E+00
             63                 43               1832         5.6500E+00
             63                 44               4066         5.0000E+00
             63                 45               6765         4.4500E+00
             63                 46               9522         4.0000E+00
             63                 47              12344         3.6500E+00
             63                 48              15354         3.4000E+00
             63                 49              19077         3.2500E+00
             63                 50              19384         3.2000E+00
             63                 51              18527         3.2500E+00
             63                 52              17565         3.4000E+00
             63                 53              14011         3.6500E+00
             63                 54              10187         4.0000E+00
             63                 55               6477         4.4500E+00
             63                 56               3354         5.0000E+00
             63                 57               1517         5.6500E+00
             63                 58                621         6.4000E+00
             63                 59                213         7.2500E+00
             63                 60                113         8.2000E+00
             63                 61                 42         9.2500E+00
             64                 39                 16         1.0100E+01
             64                 40                100         9.0500E+00
             64                 41                462         8.1000E+00
             64                 42               1061         7.2500E+00
             64                 43               2516         6.5000E+00
             64                 44               4920         5.8500E+00
             64                 45               8957         5.3000E+00
             64                 46              12130         4.8500E+00
             64                 47              15301         4.5000E+00
             64                 48              19556         4.2500E+00
             64                 49              22117         4.1000E+00
             64                 50              22747         4.0500E+00
             64                 51              21300         4.1000E+00
             64                 52              18803         4.2500E+00
             64                 53              15222         4.5000E+00
             64                 54              11035         4.8500E+00
             64                 55               6874         5.3000E+00
             64                 56               3753         5.8500E+00
             64                 57               1634         6.5000E+00
             64                 58                613         7.2500E+00
             64                 59                151         8.1000E+00
             64                 60                 65         9.0500E+00
             64                 61                  5         1.0100E+01
             65                 39                 11         1.1050E+01
             65                 40                 99         1.0000E+01
             65                 41                374         9.0500E+00
             65                 42               1053         8.2000E+00
             65                 43               2760         7.4500E+00
             65                 44               5588         6.8000E+00
             65                 45               9241         6.2500E+00
             65                 46              12485         5.8000E+00
             65                 47              15408         5.4500E+00
             65                 48              18493         5.2000E+00
             65                 49              21577         5.0500E+00
             65                 50              21595         5.0000E+00
             65                 51              19569         5.0500E+00
             65                 52              16148         5.2000E+00
             65                 53              13248         5.4500E+00
             65                 54              10113         5.8000E+00
             65                 55               6321         6.2500E+00
             65                 56               3142         6.8000E+00
             65                 57               1245         7.4500E+00
             65                 58                466         8.2000E+00
             65                 59                 52         9.0500E+00
             65                 60                 10         1.0000E+01
             65                 61                 28         1.1050E+01
             66                 39                  2         1.2100E+01
             66                 40                 46         1.1050E+01
             66                 41                322         1.0100E+01
             66                 42                963         9.2500E+00
             66                 43               2312         8.5000E+00
             66                 44               4855         7.8500E+00
             66                 45               7247         7.3000E+00
             66                 46               9859         6.8500E+00
             66                 47              11840         6.5000E+00
             66                 48              14657         6.2500E+00
             66                 49              16229         6.1000E+00
             66                 50              16298         6.0500E+00
             66                 51              14001         6.1000E+00
             66                 52              11089         6.2500E+00
             66                 53               8429         6.5000E+00
             66                 54               6232         6.8500E+00
             66                 55               4038         7.3000E+00
             66                 56               2173         7.8500E+00
             66                 57                796         8.5000E+00
             66                 58                193         9.2500E+00
             66                 59                 66         1.0100E+01
             66                 60                 19         1.1050E+01
             66                 61                  3         1.2100E+01
             67                 39                  1         1.3250E+01
             67                 40                 45         1.2200E+01
             67                 41                225         1.1250E+01
             67                 42                668         1.0400E+01
             67                 43               1642         9.6500E+00
             67                 44               2832         9.0000E+00
             67                 45               4570         8.4500E+00
             67                 46               6116         8.0000E+00
             67                 47               7517         7.6500E+00
             67                 48               9666         7.4000E+00
             67                 49               9974         7.2500E+00
             67                 50               9457         7.2000E+00
             67                 51               7537         7.2500E+00
             67                 52               5518         7.4000E+00
             67                 53               3822         7.6500E+00
             67                 54               2823         8.0000E+00
             67                 55               1601         8.4500E+00
             67                 56                774         9.0000E+00
             67                 57                411         9.6500E+00
             67                 58                 85         1.0400E+01
             67                 59                 39         1.1250E+01
             67                 60                  2         1.2200E+01
             67                 61                  1         1.3250E+01
             68                 39                  2         1.4500E+01
             68                 40                 31         1.3450E+01
             68                 41                 97         1.2500E+01
             68                 42                303         1.1650E+01
             68                 43                949         1.0900E+01
             68                 44               1519         1.0250E+01
             68                 45               2257         9.7000E+00
             68                 46               2791         9.2500E+00
             68                 47               3686         8.9000E+00
             68                 48               4206         8.6500E+00
             68                 49               4704         8.5000E+00
             68                 50               4509         8.4500E+00
             68                 51               3277         8.5000E+00
             68                 52               2092         8.6500E+00
             68                 53               1446         8.9000E+00
             68                 54               1043         9.2500E+00
             68                 55                516         9.7000E+00
             68                 56                153         1.0250E+01
             68                 57                 57         1.0900E+01
             68                 58                 40         1.1650E+01
             68                 59                  1         1.2500E+01
             69                 40                  4         1.4800E+01
             69                 41                 42         1.3850E+01
             69                 42                136         1.3000E+01
             69                 43                289         1.2250E+01
             69                 44                609         1.1600E+01
             69                 45                880         1.1050E+01
             69                 46               1310         1.0600E+01
             69                 47               1532         1.0250E+01
             69                 48               1722         1.0000E+01
             69                 49               1768         9.8500E+00
             69                 50               1774         9.8000E+00
             69                 51               1260         9.8500E+00
             69                 52                693         1.0000E+01
             69                 53                408         1.0250E+01
             69                 54                310         1.0600E+01
             69                 55                124         1.1050E+01
             69                 56                 21         1.1600E+01
             69                 57                  7         1.2250E+01
             69                 58                  1         1.3000E+01
             70                 41                  4         1.5300E+01
             70                 42                 78         1.4450E+01
             70                 43                 95         1.3700E+01
             70                 44                106         1.3050E+01
             70                 45                244         1.2500E+01
             70                 46                435         1.2050E+01
             70                 47                447         1.1700E+01
             70                 48                417         1.1450E+01
             70                 49                496         1.1300E+01
             70                 50                461         1.1250E+01
             70                 51                497         1.1300E+01
             70                 52                231         1.1450E+01
             70                 53                 87         1.1700E+01
             70                 54                 85         1.2050E+01
             70                 55                  9         1.2500E+01
             70                 56                  5         1.3050E+01
             71                 42                  7         1.6000E+01
             71                 43                 17         1.5250E+01
             71                 44                 54         1.4600E+01
             71                 45                140         1.4050E+01
             71                 46                119         1.3600E+01
             71                 47                 76         1.3250E+01
             71                 48                 61         1.3000E+01
             71                 49                120         1.2850E+01
             71                 50                148         1.2800E+01
             71                 51                140         1.2850E+01
             71                 52                 62         1.3000E+01
             71                 53                 16         1.3250E+01
             71                 54                 11         1.3600E+01
             72                 43                  3         1.6900E+01
             72                 44                  7         1.6250E+01
             72                 45                 24         1.5700E+01
             72                 46                 26         1.5250E+01
             72                 47                 21         1.4900E+01
             72                 48                  8         1.4650E+01
             72                 49                 20         1.4500E+01
             72                 50                  7         1.4450E+01
             72                 51                 14         1.4500E+01
             72                 52                  5         1.4650E+01
             73                 46                 18         1.7000E+01
             73                 47                  1         1.6650E+01
             73                 48                  2         1.6400E+01
             73                 49                 14         1.6250E+01
             74                 48                  6         1.8250E+01
             74                 49                  3         1.8100E+01
