  #Crystal Size      Water Content              Count               Bias
             68                 35                  2         8.4500E+00
             68                 36                  7         9.0000E+00
             69                 31                  1         6.1000E+00
             69                 32                  3         6.2500E+00
             69                 33                  2         6.5000E+00
             69                 34                 29         6.8500E+00
             69                 35                 28         7.3000E+00
             69                 36                  5         7.8500E+00
             69                 38                  8         9.2500E+00
             69                 39                  8         1.0100E+01
             70                 30                  5         5.0000E+00
             70                 31                 22         5.0500E+00
             70                 32                 13         5.2000E+00
             70                 33                 16         5.4500E+00
             70                 34                 80         5.8000E+00
             70                 35                 84         6.2500E+00
             70                 36                 75         6.8000E+00
             70                 37                 22         7.4500E+00
             70                 38                 19         8.2000E+00
             70                 39                 19         9.0500E+00
             70                 40                  1         1.0000E+01
             70                 42                  4         1.2200E+01
             71                 29                  1         4.1000E+00
             71                 30                 18         4.0500E+00
             71                 31                 39         4.1000E+00
             71                 32                103         4.2500E+00
             71                 33                179         4.5000E+00
             71                 34                224         4.8500E+00
             71                 35                241         5.3000E+00
             71                 36                226         5.8500E+00
             71                 37                 95         6.5000E+00
             71                 38                 84         7.2500E+00
             71                 39                 53         8.1000E+00
             71                 40                 13         9.0500E+00
             71                 41                  5         1.0100E+01
             71                 42                  3         1.1250E+01
             72                 29                  9         3.2500E+00
             72                 30                 69         3.2000E+00
             72                 31                214         3.2500E+00
             72                 32                395         3.4000E+00
             72                 33                753         3.6500E+00
             72                 34                943         4.0000E+00
             72                 35               1115         4.4500E+00
             72                 36                909         5.0000E+00
             72                 37                412         5.6500E+00
             72                 38                339         6.4000E+00
             72                 39                247         7.2500E+00
             72                 40                106         8.2000E+00
             72                 41                 32         9.2500E+00
             72                 42                 28         1.0400E+01
             72                 43                  2         1.1650E+01
             73                 28                  1         2.6500E+00
             73                 29                 41         2.5000E+00
             73                 30                216         2.4500E+00
             73                 31                616         2.5000E+00
             73                 32               1483         2.6500E+00
             73                 33               2710         2.9000E+00
             73                 34               3745         3.2500E+00
             73                 35               3844         3.7000E+00
             73                 36               3179         4.2500E+00
             73                 37               1981         4.9000E+00
             73                 38               1294         5.6500E+00
             73                 39                718         6.5000E+00
             73                 40                374         7.4500E+00
             73                 41                121         8.5000E+00
             73                 42                 81         9.6500E+00
             73                 43                 15         1.0900E+01
             73                 44                  1         1.2250E+01
             74                 27                 16         2.2500E+00
             74                 28                 24         2.0000E+00
             74                 29                 94         1.8500E+00
             74                 30                483         1.8000E+00
             74                 31               1627         1.8500E+00
             74                 32               3735         2.0000E+00
             74                 33               7706         2.2500E+00
             74                 34              10462         2.6000E+00
             74                 35              11286         3.0500E+00
             74                 36               9932         3.6000E+00
             74                 37               6528         4.2500E+00
             74                 38               4174         5.0000E+00
             74                 39               2228         5.8500E+00
             74                 40               1179         6.8000E+00
             74                 41                362         7.8500E+00
             74                 42                 94         9.0000E+00
             74                 43                 46         1.0250E+01
             74                 44                  6         1.1600E+01
             75                 26                  2         2.0500E+00
             75                 27                  8         1.7000E+00
             75                 28                 65         1.4500E+00
             75                 29                265         1.3000E+00
             75                 30               1253         1.2500E+00
             75                 31               3464         1.3000E+00
             75                 32               8366         1.4500E+00
             75                 33              16027         1.7000E+00
             75                 34              23213         2.0500E+00
             75                 35              25034         2.5000E+00
             75                 36              22652         3.0500E+00
             75                 37              16296         3.7000E+00
             75                 38              10407         4.4500E+00
             75                 39               5368         5.3000E+00
             75                 40               2894         6.2500E+00
             75                 41                928         7.3000E+00
             75                 42                255         8.4500E+00
             75                 43                 95         9.7000E+00
             75                 44                 35         1.1050E+01
             76                 26                  1         1.6000E+00
             76                 27                 31         1.2500E+00
             76                 28                134         1.0000E+00
             76                 29                641         8.5000E-01
             76                 30               2247         8.0000E-01
             76                 31               6184         8.5000E-01
             76                 32              13965         1.0000E+00
             76                 33              25415         1.2500E+00
             76                 34              36289         1.6000E+00
             76                 35              39917         2.0500E+00
             76                 36              36173         2.6000E+00
             76                 37              27552         3.2500E+00
             76                 38              17454         4.0000E+00
             76                 39               9220         4.8500E+00
             76                 40               4284         5.8000E+00
             76                 41               1562         6.8500E+00
             76                 42                573         8.0000E+00
             76                 43                168         9.2500E+00
             76                 44                 49         1.0600E+01
             76                 45                  5         1.2050E+01
             77                 26                 11         1.2500E+00
             77                 27                 19         9.0000E-01
             77                 28                196         6.5000E-01
             77                 29               1025         5.0000E-01
             77                 30               3445         4.5000E-01
             77                 31               8306         5.0000E-01
             77                 32              17543         6.5000E-01
             77                 33              29931         9.0000E-01
             77                 34              40725         1.2500E+00
             77                 35              43988         1.7000E+00
             77                 36              39988         2.2500E+00
             77                 37              30091         2.9000E+00
             77                 38              19449         3.6500E+00
             77                 39              10884         4.5000E+00
             77                 40               4659         5.4500E+00
             77                 41               1669         6.5000E+00
             77                 42                610         7.6500E+00
             77                 43                216         8.9000E+00
             77                 44                 68         1.0250E+01
             77                 45                  5         1.1700E+01
             78                 26                  1         1.0000E+00
             78                 27                 21         6.5000E-01
             78                 28                237         4.0000E-01
             78                 29               1067         2.5000E-01
             78                 30               3226         2.0000E-01
             78                 31               7909         2.5000E-01
             78                 32              14810         4.0000E-01
             78                 33              24071         6.5000E-01
             78                 34              30390         1.0000E+00
             78                 35              31233         1.4500E+00
             78                 36              28940         2.0000E+00
             78                 37              21283         2.6500E+00
             78                 38              14512         3.4000E+00
             78                 39               7720         4.2500E+00
             78                 40               3438         5.2000E+00
             78                 41               1315         6.2500E+00
             78                 42                433         7.4000E+00
             78                 43                105         8.6500E+00
             78                 44                 24         1.0000E+01
             78                 45                  6         1.1450E+01
             79                 27                  2         5.0000E-01
             79                 28                164         2.5000E-01
             79                 29                852         1.0000E-01
             79                 30               2218         5.0000E-02
             79                 31               4640         1.0000E-01
             79                 32               7996         2.5000E-01
             79                 33              11313         5.0000E-01
             79                 34              13638         8.5000E-01
             79                 35              13435         1.3000E+00
             79                 36              12222         1.8500E+00
             79                 37               9008         2.5000E+00
             79                 38               5892         3.2500E+00
             79                 39               3034         4.1000E+00
             79                 40               1307         5.0500E+00
             79                 41                340         6.1000E+00
             79                 42                150         7.2500E+00
             79                 43                 19         8.5000E+00
             80                 27                  1         4.5000E-01
             80                 28                 79         2.0000E-01
             80                 29                380         5.0000E-02
             80                 30                909         0.0000E+00
             80                 31               1705         5.0000E-02
             80                 32               2877         2.0000E-01
             80                 33               3080         4.5000E-01
             80                 34               3458         8.0000E-01
             80                 35               2966         1.2500E+00
             80                 36               2463         1.8000E+00
             80                 37               1650         2.4500E+00
             80                 38                978         3.2000E+00
             80                 39                540         4.0500E+00
             80                 40                197         5.0000E+00
             80                 41                 62         6.0500E+00
             80                 42                  4         7.2000E+00
             81                 28                  4         2.5000E-01
             81                 29                 51         1.0000E-01
             81                 30                154         5.0000E-02
             81                 31                314         1.0000E-01
             81                 32                496         2.5000E-01
             81                 33                413         5.0000E-01
             81                 34                411         8.5000E-01
             81                 35                281         1.3000E+00
             81                 36                176         1.8500E+00
             81                 37                100         2.5000E+00
             81                 38                 71         3.2500E+00
             81                 39                 48         4.1000E+00
             81                 40                 22         5.0500E+00
             81                 41                  4         6.1000E+00
             81                 42                  2         7.2500E+00
             82                 29                  1         2.5000E-01
             82                 30                  6         2.0000E-01
             82                 31                 23         2.5000E-01
             82                 32                 35         4.0000E-01
             82                 33                 12         6.5000E-01
             82                 34                  1         1.0000E+00
             82                 35                 15         1.4500E+00
             82                 36                  4         2.0000E+00
             82                 37                  3         2.6500E+00
             82                 38                  2         3.4000E+00
