  #Crystal Size      Water Content              Count               Bias
             55                 49                  3         3.0500E+00
             55                 50                  1         2.5000E+00
             55                 51                  4         2.0500E+00
             55                 52                  4         1.7000E+00
             55                 53                  4         1.4500E+00
             55                 54                  7         1.3000E+00
             56                 48                  2         3.2500E+00
             56                 49                 10         2.6000E+00
             56                 50                 20         2.0500E+00
             56                 51                 37         1.6000E+00
             56                 52                 18         1.2500E+00
             56                 53                 29         1.0000E+00
             56                 54                 32         8.5000E-01
             56                 55                 16         8.0000E-01
             56                 56                 19         8.5000E-01
             56                 57                  2         1.0000E+00
             56                 58                  6         1.2500E+00
             56                 59                  4         1.6000E+00
             57                 45                  1         5.4500E+00
             57                 46                  1         4.5000E+00
             57                 47                  9         3.6500E+00
             57                 48                 13         2.9000E+00
             57                 49                 47         2.2500E+00
             57                 50                153         1.7000E+00
             57                 51                185         1.2500E+00
             57                 52                218         9.0000E-01
             57                 53                113         6.5000E-01
             57                 54                112         5.0000E-01
             57                 55                 74         4.5000E-01
             57                 56                 42         5.0000E-01
             57                 57                 24         6.5000E-01
             57                 58                 31         9.0000E-01
             57                 59                  4         1.2500E+00
             57                 60                  1         1.7000E+00
             58                 44                  1         6.2500E+00
             58                 45                 14         5.2000E+00
             58                 46                 26         4.2500E+00
             58                 47                 30         3.4000E+00
             58                 48                145         2.6500E+00
             58                 49                313         2.0000E+00
             58                 50                456         1.4500E+00
             58                 51                665         1.0000E+00
             58                 52                591         6.5000E-01
             58                 53                584         4.0000E-01
             58                 54                445         2.5000E-01
             58                 55                367         2.0000E-01
             58                 56                243         2.5000E-01
             58                 57                132         4.0000E-01
             58                 58                 40         6.5000E-01
             58                 59                 24         1.0000E+00
             58                 60                  9         1.4500E+00
             58                 62                  6         2.6500E+00
             59                 44                  2         6.1000E+00
             59                 45                 23         5.0500E+00
             59                 46                109         4.1000E+00
             59                 47                150         3.2500E+00
             59                 48                361         2.5000E+00
             59                 49                817         1.8500E+00
             59                 50               1781         1.3000E+00
             59                 51               2269         8.5000E-01
             59                 52               2307         5.0000E-01
             59                 53               1907         2.5000E-01
             59                 54               1572         1.0000E-01
             59                 55               1202         5.0000E-02
             59                 56                836         1.0000E-01
             59                 57                464         2.5000E-01
             59                 58                226         5.0000E-01
             59                 59                 74         8.5000E-01
             59                 60                 43         1.3000E+00
             59                 61                 12         1.8500E+00
             59                 62                  2         2.5000E+00
             60                 44                  8         6.0500E+00
             60                 45                 56         5.0000E+00
             60                 46                212         4.0500E+00
             60                 47                365         3.2000E+00
             60                 48                951         2.4500E+00
             60                 49               2355         1.8000E+00
             60                 50               4258         1.2500E+00
             60                 51               5733         8.0000E-01
             60                 52               5993         4.5000E-01
             60                 53               5503         2.0000E-01
             60                 54               4345         5.0000E-02
             60                 55               3201         0.0000E+00
             60                 56               2076         5.0000E-02
             60                 57               1160         2.0000E-01
             60                 58                525         4.5000E-01
             60                 59                134         8.0000E-01
             60                 60                 57         1.2500E+00
             60                 61                 19         1.8000E+00
             60                 62                 18         2.4500E+00
             61                 44                 11         6.1000E+00
             61                 45                 96         5.0500E+00
             61                 46                385         4.1000E+00
             61                 47                868         3.2500E+00
             61                 48               2248         2.5000E+00
             61                 49               4876         1.8500E+00
             61                 50               8959         1.3000E+00
             61                 51              11922         8.5000E-01
             61                 52              12893         5.0000E-01
             61                 53              11873         2.5000E-01
             61                 54               9937         1.0000E-01
             61                 55               6978         5.0000E-02
             61                 56               4259         1.0000E-01
             61                 57               2336         2.5000E-01
             61                 58               1123         5.0000E-01
             61                 59                298         8.5000E-01
             61                 60                 71         1.3000E+00
             61                 61                 23         1.8500E+00
             61                 62                  6         2.5000E+00
             62                 44                 30         6.2500E+00
             62                 45                164         5.2000E+00
             62                 46                554         4.2500E+00
             62                 47               1614         3.4000E+00
             62                 48               4149         2.6500E+00
             62                 49               8434         2.0000E+00
             62                 50              14963         1.4500E+00
             62                 51              20483         1.0000E+00
             62                 52              22745         6.5000E-01
             62                 53              21145         4.0000E-01
             62                 54              17219         2.5000E-01
             62                 55              12295         2.0000E-01
             62                 56               7005         2.5000E-01
             62                 57               3600         4.0000E-01
             62                 58               1754         6.5000E-01
             62                 59                542         1.0000E+00
             62                 60                203         1.4500E+00
             62                 61                 46         2.0000E+00
             62                 62                  4         2.6500E+00
             62                 63                  5         3.4000E+00
             63                 44                 24         6.5000E+00
             63                 45                216         5.4500E+00
             63                 46                928         4.5000E+00
             63                 47               2331         3.6500E+00
             63                 48               6281         2.9000E+00
             63                 49              12438         2.2500E+00
             63                 50              20377         1.7000E+00
             63                 51              27227         1.2500E+00
             63                 52              30608         9.0000E-01
             63                 53              29228         6.5000E-01
             63                 54              23851         5.0000E-01
             63                 55              16992         4.5000E-01
             63                 56               9434         5.0000E-01
             63                 57               5023         6.5000E-01
             63                 58               2592         9.0000E-01
             63                 59                829         1.2500E+00
             63                 60                235         1.7000E+00
             63                 61                 57         2.2500E+00
             63                 62                  7         2.9000E+00
             64                 44                 22         6.8500E+00
             64                 45                188         5.8000E+00
             64                 46                981         4.8500E+00
             64                 47               2806         4.0000E+00
             64                 48               7245         3.2500E+00
             64                 49              13353         2.6000E+00
             64                 50              21700         2.0500E+00
             64                 51              29130         1.6000E+00
             64                 52              32672         1.2500E+00
             64                 53              31646         1.0000E+00
             64                 54              25560         8.5000E-01
             64                 55              17495         8.0000E-01
             64                 56               9832         8.5000E-01
             64                 57               5344         1.0000E+00
             64                 58               2568         1.2500E+00
             64                 59               1008         1.6000E+00
             64                 60                197         2.0500E+00
             64                 61                 26         2.6000E+00
             64                 62                  3         3.2500E+00
             65                 44                 24         7.3000E+00
             65                 45                175         6.2500E+00
             65                 46                718         5.3000E+00
             65                 47               2323         4.4500E+00
             65                 48               6097         3.7000E+00
             65                 49              11658         3.0500E+00
             65                 50              18456         2.5000E+00
             65                 51              24689         2.0500E+00
             65                 52              27459         1.7000E+00
             65                 53              24888         1.4500E+00
             65                 54              19620         1.3000E+00
             65                 55              12831         1.2500E+00
             65                 56               7907         1.3000E+00
             65                 57               4248         1.4500E+00
             65                 58               2037         1.7000E+00
             65                 59                746         2.0500E+00
             65                 60                182         2.5000E+00
             65                 61                 27         3.0500E+00
             65                 62                  2         3.7000E+00
             66                 44                 20         7.8500E+00
             66                 45                123         6.8000E+00
             66                 46                438         5.8500E+00
             66                 47               1459         5.0000E+00
             66                 48               3738         4.2500E+00
             66                 49               7561         3.6000E+00
             66                 50              11725         3.0500E+00
             66                 51              15173         2.6000E+00
             66                 52              17316         2.2500E+00
             66                 53              16047         2.0000E+00
             66                 54              12396         1.8500E+00
             66                 55               8004         1.8000E+00
             66                 56               4553         1.8500E+00
             66                 57               2673         2.0000E+00
             66                 58               1188         2.2500E+00
             66                 59                475         2.6000E+00
             66                 60                148         3.0500E+00
             66                 61                 12         3.6000E+00
             66                 62                  1         4.2500E+00
             67                 44                  6         8.5000E+00
             67                 45                 31         7.4500E+00
             67                 46                246         6.5000E+00
             67                 47                793         5.6500E+00
             67                 48               1931         4.9000E+00
             67                 49               3809         4.2500E+00
             67                 50               5478         3.7000E+00
             67                 51               7355         3.2500E+00
             67                 52               8478         2.9000E+00
             67                 53               7543         2.6500E+00
             67                 54               5945         2.5000E+00
             67                 55               3508         2.4500E+00
             67                 56               1984         2.5000E+00
             67                 57               1099         2.6500E+00
             67                 58                430         2.9000E+00
             67                 59                164         3.2500E+00
             67                 60                 47         3.7000E+00
             67                 61                  4         4.2500E+00
             68                 44                  5         9.2500E+00
             68                 45                 18         8.2000E+00
             68                 46                 75         7.2500E+00
             68                 47                280         6.4000E+00
             68                 48                792         5.6500E+00
             68                 49               1231         5.0000E+00
             68                 50               1775         4.4500E+00
             68                 51               2556         4.0000E+00
             68                 52               2998         3.6500E+00
             68                 53               2632         3.4000E+00
             68                 54               1868         3.2500E+00
             68                 55               1118         3.2000E+00
             68                 56                638         3.2500E+00
             68                 57                317         3.4000E+00
             68                 58                 86         3.6500E+00
             68                 59                 44         4.0000E+00
             68                 60                  5         4.4500E+00
             69                 45                  2         9.0500E+00
             69                 46                  4         8.1000E+00
             69                 47                 44         7.2500E+00
             69                 48                179         6.5000E+00
             69                 49                390         5.8500E+00
             69                 50                439         5.3000E+00
             69                 51                549         4.8500E+00
             69                 52                752         4.5000E+00
             69                 53                636         4.2500E+00
             69                 54                400         4.1000E+00
             69                 55                194         4.0500E+00
             69                 56                106         4.1000E+00
             69                 57                 54         4.2500E+00
             69                 58                  9         4.5000E+00
             69                 59                 35         4.8500E+00
             70                 47                  4         8.2000E+00
             70                 48                 27         7.4500E+00
             70                 49                 78         6.8000E+00
             70                 50                 68         6.2500E+00
             70                 51                155         5.8000E+00
             70                 52                111         5.4500E+00
             70                 53                124         5.2000E+00
             70                 54                 72         5.0500E+00
             70                 55                 22         5.0000E+00
             70                 56                 20         5.0500E+00
             70                 57                  9         5.2000E+00
             70                 58                  2         5.4500E+00
             71                 48                  1         8.5000E+00
             71                 49                  3         7.8500E+00
             71                 50                  6         7.3000E+00
             71                 51                  9         6.8500E+00
             71                 52                 14         6.5000E+00
             71                 53                 11         6.2500E+00
             71                 54                  8         6.1000E+00
             71                 55                  1         6.0500E+00
             71                 57                  1         6.2500E+00
             72                 51                  1         8.0000E+00
             72                 54                  1         7.2500E+00
