  #Crystal Size      Water Content              Count               Bias
             57                 51                  1         4.0000E+00
             57                 53                  1         3.4000E+00
             58                 47                  1         5.6500E+00
             58                 48                  1         4.9000E+00
             58                 50                  3         3.7000E+00
             58                 51                  4         3.2500E+00
             58                 52                  8         2.9000E+00
             58                 53                 14         2.6500E+00
             58                 54                 12         2.5000E+00
             58                 55                  1         2.4500E+00
             58                 57                  1         2.6500E+00
             59                 46                  1         5.8500E+00
             59                 47                  5         5.0000E+00
             59                 48                  3         4.2500E+00
             59                 49                 18         3.6000E+00
             59                 50                 51         3.0500E+00
             59                 51                 53         2.6000E+00
             59                 52                 71         2.2500E+00
             59                 53                 55         2.0000E+00
             59                 54                 38         1.8500E+00
             59                 55                 18         1.8000E+00
             59                 56                 12         1.8500E+00
             59                 57                  6         2.0000E+00
             59                 58                  3         2.2500E+00
             60                 45                  2         6.2500E+00
             60                 46                  8         5.3000E+00
             60                 47                 12         4.4500E+00
             60                 48                 24         3.7000E+00
             60                 49                 91         3.0500E+00
             60                 50                167         2.5000E+00
             60                 51                219         2.0500E+00
             60                 52                179         1.7000E+00
             60                 53                235         1.4500E+00
             60                 54                186         1.3000E+00
             60                 55                131         1.2500E+00
             60                 56                 57         1.3000E+00
             60                 57                 38         1.4500E+00
             60                 58                 19         1.7000E+00
             60                 59                  1         2.0500E+00
             61                 45                  5         5.8000E+00
             61                 46                 41         4.8500E+00
             61                 47                 53         4.0000E+00
             61                 48                122         3.2500E+00
             61                 49                256         2.6000E+00
             61                 50                510         2.0500E+00
             61                 51                745         1.6000E+00
             61                 52                786         1.2500E+00
             61                 53                813         1.0000E+00
             61                 54                633         8.5000E-01
             61                 55                486         8.0000E-01
             61                 56                296         8.5000E-01
             61                 57                170         1.0000E+00
             61                 58                 94         1.2500E+00
             61                 59                 15         1.6000E+00
             61                 60                  1         2.0500E+00
             62                 45                  7         5.4500E+00
             62                 46                 33         4.5000E+00
             62                 47                129         3.6500E+00
             62                 48                379         2.9000E+00
             62                 49                694         2.2500E+00
             62                 50               1409         1.7000E+00
             62                 51               1976         1.2500E+00
             62                 52               2205         9.0000E-01
             62                 53               2074         6.5000E-01
             62                 54               1884         5.0000E-01
             62                 55               1400         4.5000E-01
             62                 56                773         5.0000E-01
             62                 57                478         6.5000E-01
             62                 58                190         9.0000E-01
             62                 59                 64         1.2500E+00
             62                 60                  2         1.7000E+00
             63                 45                  7         5.2000E+00
             63                 46                 64         4.2500E+00
             63                 47                258         3.4000E+00
             63                 48                731         2.6500E+00
             63                 49               1678         2.0000E+00
             63                 50               2822         1.4500E+00
             63                 51               4277         1.0000E+00
             63                 52               5170         6.5000E-01
             63                 53               4831         4.0000E-01
             63                 54               4429         2.5000E-01
             63                 55               3160         2.0000E-01
             63                 56               2085         2.5000E-01
             63                 57                971         4.0000E-01
             63                 58                456         6.5000E-01
             63                 59                113         1.0000E+00
             63                 60                 18         1.4500E+00
             64                 45                 34         5.0500E+00
             64                 46                146         4.1000E+00
             64                 47                412         3.2500E+00
             64                 48               1204         2.5000E+00
             64                 49               2698         1.8500E+00
             64                 50               5308         1.3000E+00
             64                 51               7775         8.5000E-01
             64                 52               9190         5.0000E-01
             64                 53               9513         2.5000E-01
             64                 54               7860         1.0000E-01
             64                 55               5439         5.0000E-02
             64                 56               3483         1.0000E-01
             64                 57               1776         2.5000E-01
             64                 58                673         5.0000E-01
             64                 59                214         8.5000E-01
             64                 60                 22         1.3000E+00
             64                 61                  4         1.8500E+00
             65                 42                  1         8.4500E+00
             65                 43                  5         7.2000E+00
             65                 44                 18         6.0500E+00
             65                 45                 81         5.0000E+00
             65                 46                300         4.0500E+00
             65                 47                755         3.2000E+00
             65                 48               1923         2.4500E+00
             65                 49               4143         1.8000E+00
             65                 50               7472         1.2500E+00
             65                 51              11737         8.0000E-01
             65                 52              14191         4.5000E-01
             65                 53              13779         2.0000E-01
             65                 54              11236         5.0000E-02
             65                 55               8071         0.0000E+00
             65                 56               4577         5.0000E-02
             65                 57               2708         2.0000E-01
             65                 58                942         4.5000E-01
             65                 59                310         8.0000E-01
             65                 60                 47         1.2500E+00
             65                 61                  6         1.8000E+00
             65                 62                  3         2.4500E+00
             66                 40                  2         1.1300E+01
             66                 41                  1         9.8500E+00
             66                 42                 11         8.5000E+00
             66                 43                 57         7.2500E+00
             66                 44                117         6.1000E+00
             66                 45                264         5.0500E+00
             66                 46                611         4.1000E+00
             66                 47               1238         3.2500E+00
             66                 48               2821         2.5000E+00
             66                 49               5339         1.8500E+00
             66                 50               9785         1.3000E+00
             66                 51              15012         8.5000E-01
             66                 52              17711         5.0000E-01
             66                 53              17032         2.5000E-01
             66                 54              12932         1.0000E-01
             66                 55               9407         5.0000E-02
             66                 56               5495         1.0000E-01
             66                 57               2935         2.5000E-01
             66                 58               1134         5.0000E-01
             66                 59                321         8.5000E-01
             66                 60                 80         1.3000E+00
             66                 61                 16         1.8500E+00
             66                 62                  3         2.5000E+00
             66                 63                  1         3.2500E+00
             67                 40                  2         1.1450E+01
             67                 41                 13         1.0000E+01
             67                 42                 59         8.6500E+00
             67                 43                196         7.4000E+00
             67                 44                446         6.2500E+00
             67                 45                827         5.2000E+00
             67                 46               1216         4.2500E+00
             67                 47               2003         3.4000E+00
             67                 48               3786         2.6500E+00
             67                 49               6606         2.0000E+00
             67                 50              11360         1.4500E+00
             67                 51              16405         1.0000E+00
             67                 52              19408         6.5000E-01
             67                 53              17777         4.0000E-01
             67                 54              14046         2.5000E-01
             67                 55               9842         2.0000E-01
             67                 56               5596         2.5000E-01
             67                 57               2635         4.0000E-01
             67                 58                986         6.5000E-01
             67                 59                311         1.0000E+00
             67                 60                 92         1.4500E+00
             67                 61                 21         2.0000E+00
             67                 62                  2         2.6500E+00
             67                 63                  1         3.4000E+00
             68                 40                 17         1.1700E+01
             68                 41                110         1.0250E+01
             68                 42                257         8.9000E+00
             68                 43                612         7.6500E+00
             68                 44               1213         6.5000E+00
             68                 45               1636         5.4500E+00
             68                 46               2392         4.5000E+00
             68                 47               3439         3.6500E+00
             68                 48               5397         2.9000E+00
             68                 49               8296         2.2500E+00
             68                 50              12504         1.7000E+00
             68                 51              16860         1.2500E+00
             68                 52              20028         9.0000E-01
             68                 53              18538         6.5000E-01
             68                 54              15230         5.0000E-01
             68                 55              10311         4.5000E-01
             68                 56               5432         5.0000E-01
             68                 57               2618         6.5000E-01
             68                 58               1032         9.0000E-01
             68                 59                291         1.2500E+00
             68                 60                 70         1.7000E+00
             68                 61                  5         2.2500E+00
             68                 62                  3         2.9000E+00
             68                 63                  1         3.6500E+00
             69                 40                 15         1.2050E+01
             69                 41                130         1.0600E+01
             69                 42                410         9.2500E+00
             69                 43                856         8.0000E+00
             69                 44               1773         6.8500E+00
             69                 45               2765         5.8000E+00
             69                 46               3655         4.8500E+00
             69                 47               4683         4.0000E+00
             69                 48               6323         3.2500E+00
             69                 49               9266         2.6000E+00
             69                 50              12953         2.0500E+00
             69                 51              16715         1.6000E+00
             69                 52              19836         1.2500E+00
             69                 53              19028         1.0000E+00
             69                 54              16286         8.5000E-01
             69                 55              11348         8.0000E-01
             69                 56               6236         8.5000E-01
             69                 57               2877         1.0000E+00
             69                 58               1161         1.2500E+00
             69                 59                372         1.6000E+00
             69                 60                101         2.0500E+00
             69                 61                 22         2.6000E+00
             69                 62                  6         3.2500E+00
             70                 39                  2         1.4050E+01
             70                 40                 17         1.2500E+01
             70                 41                134         1.1050E+01
             70                 42                410         9.7000E+00
             70                 43                978         8.4500E+00
             70                 44               1897         7.3000E+00
             70                 45               2973         6.2500E+00
             70                 46               4026         5.3000E+00
             70                 47               5027         4.4500E+00
             70                 48               6233         3.7000E+00
             70                 49               8064         3.0500E+00
             70                 50              11771         2.5000E+00
             70                 51              15277         2.0500E+00
             70                 52              17796         1.7000E+00
             70                 53              18557         1.4500E+00
             70                 54              16426         1.3000E+00
             70                 55              11877         1.2500E+00
             70                 56               6721         1.3000E+00
             70                 57               3430         1.4500E+00
             70                 58               1515         1.7000E+00
             70                 59                458         2.0500E+00
             70                 60                 99         2.5000E+00
             70                 61                 27         3.0500E+00
             70                 62                 16         3.7000E+00
             70                 63                  1         4.4500E+00
             71                 40                 21         1.3050E+01
             71                 41                 75         1.1600E+01
             71                 42                207         1.0250E+01
             71                 43                638         9.0000E+00
             71                 44               1173         7.8500E+00
             71                 45               2028         6.8000E+00
             71                 46               2894         5.8500E+00
             71                 47               3613         5.0000E+00
             71                 48               4393         4.2500E+00
             71                 49               5218         3.6000E+00
             71                 50               7981         3.0500E+00
             71                 51              11047         2.6000E+00
             71                 52              12992         2.2500E+00
             71                 53              14463         2.0000E+00
             71                 54              14073         1.8500E+00
             71                 55              10927         1.8000E+00
             71                 56               6438         1.8500E+00
             71                 57               3080         2.0000E+00
             71                 58               1318         2.2500E+00
             71                 59                399         2.6000E+00
             71                 60                 88         3.0500E+00
             71                 61                 30         3.6000E+00
             71                 62                 10         4.2500E+00
             72                 40                  2         1.3700E+01
             72                 41                 12         1.2250E+01
             72                 42                 76         1.0900E+01
             72                 43                171         9.6500E+00
             72                 44                432         8.5000E+00
             72                 45                962         7.4500E+00
             72                 46               1291         6.5000E+00
             72                 47               1474         5.6500E+00
             72                 48               1690         4.9000E+00
             72                 49               2336         4.2500E+00
             72                 50               3519         3.7000E+00
             72                 51               5781         3.2500E+00
             72                 52               7585         2.9000E+00
             72                 53               9032         2.6500E+00
             72                 54               9006         2.5000E+00
             72                 55               7439         2.4500E+00
             72                 56               4869         2.5000E+00
             72                 57               2321         2.6500E+00
             72                 58                925         2.9000E+00
             72                 59                304         3.2500E+00
             72                 60                 71         3.7000E+00
             72                 61                 20         4.2500E+00
             72                 62                  3         4.9000E+00
             73                 41                  2         1.3000E+01
             73                 42                  5         1.1650E+01
             73                 43                 18         1.0400E+01
             73                 44                 68         9.2500E+00
             73                 45                201         8.2000E+00
             73                 46                350         7.2500E+00
             73                 47                373         6.4000E+00
             73                 48                465         5.6500E+00
             73                 49                841         5.0000E+00
             73                 50               1317         4.4500E+00
             73                 51               2227         4.0000E+00
             73                 52               3500         3.6500E+00
             73                 53               4362         3.4000E+00
             73                 54               4239         3.2500E+00
             73                 55               3460         3.2000E+00
             73                 56               2308         3.2500E+00
             73                 57               1261         3.4000E+00
             73                 58                454         3.6500E+00
             73                 59                139         4.0000E+00
             73                 60                 41         4.4500E+00
             73                 61                 20         5.0000E+00
             74                 43                  1         1.1250E+01
             74                 44                  3         1.0100E+01
             74                 45                  8         9.0500E+00
             74                 46                 24         8.1000E+00
             74                 47                 32         7.2500E+00
             74                 48                 79         6.5000E+00
             74                 49                157         5.8500E+00
             74                 50                351         5.3000E+00
             74                 51                733         4.8500E+00
             74                 52               1059         4.5000E+00
             74                 53               1416         4.2500E+00
             74                 54               1515         4.1000E+00
             74                 55               1208         4.0500E+00
             74                 56                727         4.1000E+00
             74                 57                439         4.2500E+00
             74                 58                172         4.5000E+00
             74                 59                 42         4.8500E+00
             74                 60                 13         5.3000E+00
             74                 61                  7         5.8500E+00
             75                 47                  4         8.2000E+00
             75                 48                 17         7.4500E+00
             75                 49                 32         6.8000E+00
             75                 50                 56         6.2500E+00
             75                 51                130         5.8000E+00
             75                 52                199         5.4500E+00
             75                 53                281         5.2000E+00
             75                 54                305         5.0500E+00
             75                 55                200         5.0000E+00
             75                 56                139         5.0500E+00
             75                 57                 58         5.2000E+00
             75                 58                  9         5.4500E+00
             75                 59                  6         5.8000E+00
             75                 60                  2         6.2500E+00
             75                 61                  1         6.8000E+00
             76                 49                  8         7.8500E+00
             76                 50                 17         7.3000E+00
             76                 51                 14         6.8500E+00
             76                 52                 16         6.5000E+00
             76                 53                 13         6.2500E+00
             76                 54                 15         6.1000E+00
             76                 55                  8         6.0500E+00
             76                 56                  5         6.1000E+00
