       Inf       Inf       Inf       Inf   22.2114   19.8416   16.8528   14.1655   11.6211    7.1087    5.3874    3.8112    2.4283    1.1484   -0.1362   -1.4909   -2.9592   -4.4648   -5.9107   -7.2310   -8.4138   -9.4441  -10.3319  -11.0825  -11.7678  -12.4078  -13.0608  -13.6519  -14.1945  -14.6705  -15.0400  -15.5369  -15.9427  -16.8084  -16.2303       Inf
       Inf       Inf       Inf   22.1509   18.9114   17.2187   15.1292   13.2050   11.3234    7.5835    5.9964    4.3697    2.9312    1.6085    0.3792   -0.9305   -2.3581   -3.8127   -5.2256   -6.5237   -7.6841   -8.7031   -9.5665  -10.3213  -11.0106  -11.6827  -12.3433  -12.9368  -13.3668  -13.6932  -14.0311  -14.1951  -14.5361  -14.6012  -16.5840       Inf
       Inf       Inf   24.7978   21.0822   18.3099   16.7365   14.9417   13.4436   11.9603    8.5806    7.0016    5.4032    3.9844    2.7108    1.5340    0.3023   -1.0883   -2.5554   -3.9253   -5.1925   -6.3069   -7.2796   -8.1271   -8.8540   -9.4439   -9.9806  -10.4583  -10.8419  -11.1117  -11.4013  -11.6888  -11.7464  -10.9928  -14.3476       Inf       Inf
       Inf       Inf   23.9492   20.5713   17.9375   15.7764   14.5505   13.2339   12.0264    9.0096    7.4449    5.7988    4.3668    3.0848    1.8814    0.5998   -0.8252   -2.2511   -3.5572   -4.7490   -5.8471   -6.8279   -7.7184   -8.4881   -9.0545   -9.4805   -9.8518  -10.1162  -10.2588  -10.5129  -11.2827  -10.5506  -10.1382       Inf       Inf       Inf
       Inf   27.1846   23.0673   20.2052   17.6620   15.6060   14.2871   13.0437   12.0224    9.3796    7.9466    6.3313    4.9446    3.6926    2.4374    1.0546   -0.3937   -1.7772   -3.0432   -4.1810   -5.2688   -6.2992   -7.2178   -8.0165   -8.6219   -9.0895   -9.4595   -9.7129   -9.8755   -9.9872  -10.4456  -10.2961   -9.4882       Inf       Inf       Inf
       Inf   26.7927   23.1643   20.3823   17.8484   15.7908   14.2274   13.1690   12.3096    9.7129    8.3752    6.8223    5.4745    4.3049    2.9908    1.5561    0.1392   -1.1908   -2.3703   -3.4535   -4.5153   -5.6075   -6.5748   -7.4030   -8.0935   -8.6125   -9.0815   -9.4616   -9.8588  -10.0911  -10.4139  -11.3702  -12.2524  -13.8086  -13.1436       Inf
       Inf   26.9839   23.4278   20.8300   18.2979   16.2517   14.6285   13.5044   12.5295    9.8967    8.6781    7.2518    6.0179    4.9243    3.6451    2.1642    0.7797   -0.4661   -1.6010   -2.7106   -3.7788   -4.8778   -5.8877   -6.7792   -7.5317   -8.2026   -8.8133   -9.3458   -9.8830  -10.4086  -10.8024  -11.5168  -12.3800  -14.4490  -12.6936       Inf
       Inf   27.4400   23.9385   21.2299   19.1981   17.1346   15.4088   13.9858   12.8775    9.8980    8.7891    7.5038    6.4289    5.3583    4.0460    2.5703    1.2454    0.0483   -1.0375   -2.1314   -3.2242   -4.2802   -5.3054   -6.2807   -7.0968   -7.9740   -8.6215   -9.3539   -9.9240  -10.4047  -10.8738  -11.4593  -12.2971  -13.8276  -14.1354       Inf
       Inf   26.4169   23.9551   21.6747   19.8342   17.8947   15.9956   14.1860   12.5757    9.6348    8.4009    7.3992    6.3869    5.3568    4.1367    2.6972    1.4078    0.2792   -0.7746   -1.7834   -2.8511   -3.9016   -4.9412   -5.9566   -6.9221   -7.7669   -8.5625   -9.1992   -9.8843  -10.4022  -10.6954  -11.3113  -11.6258  -11.7531  -12.3813       Inf
       Inf   27.0224   23.4998   21.3115   20.1206   18.0818   16.0473   13.9311   12.0995    9.0266    7.9998    6.9050    5.9706    5.0221    3.9811    2.7325    1.5142    0.4223   -0.5538   -1.5223   -2.5548   -3.6107   -4.7047   -5.7874   -6.7810   -7.6536   -8.4972   -9.2153   -9.7705  -10.3028  -10.4887  -10.6312  -10.1374  -10.2813       Inf       Inf
       Inf   25.2374   24.2129   22.6164   19.9374   17.7389   15.3348   13.2403   11.5195    8.4653    7.5484    6.5181    5.5794    4.7272    3.8091    2.7751    1.7018    0.6305   -0.3191   -1.2876   -2.3430   -3.4089   -4.4961   -5.5626   -6.5860   -7.4936   -8.2924   -9.0108   -9.5244   -9.9370  -10.1252  -10.2919  -10.5117  -11.4274       Inf       Inf
       Inf   26.0224   25.4955   22.7453   19.9097   17.1987   14.6962   12.5951   10.8489    7.9205    7.0394    6.0553    5.2073    4.3879    3.5180    2.5796    1.6235    0.7034   -0.2514   -1.1975   -2.2626   -3.3109   -4.3346   -5.3490   -6.3525   -7.2385   -8.1452   -8.7616   -9.2684   -9.6249   -9.9232   -9.9667  -10.5900  -10.4858       Inf       Inf
       Inf   25.1900   24.2859   22.8182   19.6061   16.8435   14.1547   12.0367   10.2810    7.4130    6.5868    5.6301    4.8196    3.9883    3.2142    2.3016    1.3678    0.4799   -0.3603   -1.2486   -2.2412   -3.2556   -4.2066   -5.1198   -5.9992   -6.8671   -7.6264   -8.2549   -8.8938   -9.0597   -9.2830  -10.0195  -10.7549  -11.1120   -9.5932       Inf
       Inf   25.5387   24.3832   23.6136   19.3836   16.3399   13.6354   11.5528    9.8271    6.8672    6.1795    5.2678    4.4470    3.6305    2.7844    1.9856    1.0890    0.2755   -0.5016   -1.2997   -2.2123   -3.1563   -4.0432   -4.8264   -5.5504   -6.3212   -6.9595   -7.5370   -7.9326   -8.3225   -8.9037   -9.2224  -10.1045  -11.1660  -11.4226  -11.3932
       Inf   25.3818   23.9387   22.8062   18.7558   15.7016   13.1814   11.1301    9.4367    6.4853    5.8034    4.8944    4.0334    3.2147    2.4257    1.6067    0.8142    0.2079   -0.4981   -1.2810   -2.1101   -2.9897   -3.8188   -4.5327   -5.1440   -5.7478   -6.2985   -6.7944   -7.1316   -7.9703   -8.5131   -9.5479   -9.9016  -11.2505  -10.9849       Inf
       Inf       Inf       Inf   21.8839   17.9943   15.1617   12.7791   10.7987    9.0815    6.1073    5.2392    4.2022    3.2343    2.7293    2.0308    1.1796    0.6335    0.0989   -0.4619   -1.1247   -1.9165   -2.6795   -3.4359   -4.0896   -4.6802   -5.2548   -5.7542   -6.2443   -6.6252   -6.9961   -8.4278   -8.4884   -9.4863   -9.6781       Inf       Inf
       Inf   26.0396   22.8646   19.9126   17.0197   14.4536   12.2100   10.2696    8.5891    5.6446    4.7796    3.7574    2.8454    2.1134    1.7075    1.0767    0.6577    0.2496   -0.2230   -0.7904   -1.4571   -2.1605   -2.8103   -3.4569   -4.0661   -4.7020   -5.2342   -5.6720   -6.0674   -6.4652   -7.0093   -8.1850   -8.1657       Inf   -9.1932       Inf
       Inf   22.9992   20.3597   17.6816   15.5757   13.1648   11.1222    9.3562    7.8297    5.1400    4.3627    3.4125    2.5890    1.9366    1.4312    1.0302    0.6730    0.3195   -0.0708   -0.5298   -1.0569   -1.6088   -2.1250   -2.6521   -3.2231   -3.8026   -4.3764   -4.8195   -5.3171   -5.8536   -6.1716   -7.1714   -7.5997       Inf       Inf       Inf
       Inf   23.4424   19.1018   16.1635   14.0973   11.8358    9.9246    8.3200    6.9774    4.5803    4.0018    3.1785    2.4748    1.9060    1.4504    1.0656    0.6783    0.2774   -0.1108   -0.5039   -0.9462   -1.4177   -1.8861   -2.2844   -2.7460   -3.2024   -3.6686   -4.2528   -4.7882   -5.6307   -6.0018   -6.4007   -7.6654   -7.6964       Inf       Inf
       Inf   21.4883   17.9887   15.0906   12.8183   10.6862    8.9036    7.4333    6.2295    4.0612    3.6882    3.0235    2.4339    1.9472    1.5121    1.1004    0.6676    0.2485   -0.1281   -0.4989   -0.9091   -1.3320   -1.7690   -2.1969   -2.5853   -3.0334   -3.4577   -4.0153   -4.7581   -5.6311   -6.2006   -6.7663   -8.0490       Inf       Inf       Inf
       Inf   20.4778   16.9216   14.1964   11.8616    9.8044    8.1252    6.7678    5.6543    3.6293    3.4067    2.8635    2.3867    1.9512    1.5454    1.1528    0.7475    0.3821    0.0730   -0.2264   -0.5676   -0.9601   -1.3866   -1.8116   -2.2363   -2.6445   -3.2375   -3.9264   -4.6585   -5.5850   -6.2017   -7.3585   -8.2573   -6.4964       Inf       Inf
   22.9158   19.4328   16.3246   13.5477   11.1652    9.1913    7.6168    6.3193    5.2688    3.3347    3.1871    2.7216    2.3052    1.9392    1.6170    1.3171    1.0518    0.8244    0.6411    0.4546    0.1686   -0.2084   -0.6091   -1.0281   -1.4339   -1.9387   -2.5048   -3.2674   -3.9812   -5.0428   -6.2258   -6.5627   -7.3883   -7.9435       Inf       Inf
   23.3926   19.3844   15.9438   13.1795   10.8690    8.9460    7.3754    6.1163    5.1112    3.2366    3.1472    2.7097    2.3394    2.0526    1.8475    1.7200    1.6714    1.6766    1.7258    1.6992    1.4862    1.1461    0.7720    0.3345   -0.1357   -0.4408   -1.1303   -1.6250   -2.4786   -3.4848   -4.7988   -5.4864   -5.4559       Inf       Inf       Inf
   23.3483   19.3055   15.9402   13.1478   10.8867    9.0147    7.4941    6.2676    5.2964    3.4968    3.4516    3.0408    2.7161    2.5006    2.3955    2.4157    2.5683    2.8389    3.2288    3.7158    4.1613    4.3893    4.8033    5.4997    6.2614    4.9354       Inf       Inf       Inf       Inf       Inf       Inf       Inf       Inf       Inf       Inf
       Inf   20.4123   16.4825   13.7371   11.5023    9.7076    8.2331    7.0665    6.1550    4.4494    4.4409    4.0628    3.7794    3.6269    3.6299    3.8136    4.0716    4.5106    5.0870    5.8362    6.4260    6.6430    8.1644       Inf       Inf       Inf       Inf       Inf       Inf       Inf       Inf       Inf       Inf       Inf       Inf       Inf
