  #Crystal Size      Water Content              Count               Bias
             12                  3                  2         8.6500E+00
             12                  4                  1         8.5000E+00
             12                  5                  4         8.4500E+00
             12                  6                  9         8.5000E+00
             12                  7                  8         8.6500E+00
             12                  8                  5         8.9000E+00
             12                  9                 55         9.2500E+00
             12                 10                 23         9.7000E+00
             12                 11                  5         1.0250E+01
             12                 12                  4         1.0900E+01
             13                  2                  5         7.6500E+00
             13                  3                  9         7.4000E+00
             13                  4                 37         7.2500E+00
             13                  5                 43         7.2000E+00
             13                  6                 88         7.2500E+00
             13                  7                 67         7.4000E+00
             13                  8                100         7.6500E+00
             13                  9                192         8.0000E+00
             13                 10                214         8.4500E+00
             13                 11                116         9.0000E+00
             13                 12                 68         9.6500E+00
             13                 13                 58         1.0400E+01
             13                 14                 21         1.1250E+01
             13                 15                  9         1.2200E+01
             14                  0                  4         7.3000E+00
             14                  1                  6         6.8500E+00
             14                  2                 16         6.5000E+00
             14                  3                 91         6.2500E+00
             14                  4                184         6.1000E+00
             14                  5                264         6.0500E+00
             14                  6                350         6.1000E+00
             14                  7                544         6.2500E+00
             14                  8                601         6.5000E+00
             14                  9                726         6.8500E+00
             14                 10                930         7.3000E+00
             14                 11                689         7.8500E+00
             14                 12                503         8.5000E+00
             14                 13                373         9.2500E+00
             14                 14                201         1.0100E+01
             14                 15                 52         1.1050E+01
             14                 16                 13         1.2100E+01
             14                 17                  4         1.3250E+01
             15                  0                  2         6.2500E+00
             15                  1                 17         5.8000E+00
             15                  2                148         5.4500E+00
             15                  3                329         5.2000E+00
             15                  4                670         5.0500E+00
             15                  5                870         5.0000E+00
             15                  6               1656         5.0500E+00
             15                  7               2471         5.2000E+00
             15                  8               3032         5.4500E+00
             15                  9               3309         5.8000E+00
             15                 10               3173         6.2500E+00
             15                 11               2636         6.8000E+00
             15                 12               2308         7.4500E+00
             15                 13               1619         8.2000E+00
             15                 14                880         9.0500E+00
             15                 15                245         1.0000E+01
             15                 16                119         1.1050E+01
             15                 17                 43         1.2200E+01
             15                 18                  7         1.3450E+01
             15                 19                 20         1.4800E+01
             15                 20                  3         1.6250E+01
             16                  0                  5         5.3000E+00
             16                  1                 36         4.8500E+00
             16                  2                195         4.5000E+00
             16                  3                668         4.2500E+00
             16                  4               1826         4.1000E+00
             16                  5               3307         4.0500E+00
             16                  6               6028         4.1000E+00
             16                  7               7946         4.2500E+00
             16                  8               9936         4.5000E+00
             16                  9              10971         4.8500E+00
             16                 10              10005         5.3000E+00
             16                 11               8649         5.8500E+00
             16                 12               7669         6.5000E+00
             16                 13               5632         7.2500E+00
             16                 14               3095         8.1000E+00
             16                 15               1543         9.0500E+00
             16                 16                573         1.0100E+01
             16                 17                282         1.1250E+01
             16                 18                 94         1.2500E+01
             16                 19                 43         1.3850E+01
             16                 20                 24         1.5300E+01
             16                 21                  8         1.6850E+01
             16                 22                  2         1.8500E+01
             17                  0                 82         4.4500E+00
             17                  1                239         4.0000E+00
             17                  2               1075         3.6500E+00
             17                  3               2854         3.4000E+00
             17                  4               5755         3.2500E+00
             17                  5               9917         3.2000E+00
             17                  6              15719         3.2500E+00
             17                  7              21123         3.4000E+00
             17                  8              26094         3.6500E+00
             17                  9              26895         4.0000E+00
             17                 10              26508         4.4500E+00
             17                 11              23658         5.0000E+00
             17                 12              19747         5.6500E+00
             17                 13              15245         6.4000E+00
             17                 14               9643         7.2500E+00
             17                 15               5096         8.2000E+00
             17                 16               2366         9.2500E+00
             17                 17               1199         1.0400E+01
             17                 18                462         1.1650E+01
             17                 19                280         1.3000E+01
             17                 20                168         1.4450E+01
             17                 21                 13         1.6000E+01
             17                 22                  6         1.7650E+01
             17                 23                  2         1.9400E+01
             18                  0                231         3.7000E+00
             18                  1                809         3.2500E+00
             18                  2               2622         2.9000E+00
             18                  3               6574         2.6500E+00
             18                  4              13269         2.5000E+00
             18                  5              23727         2.4500E+00
             18                  6              36501         2.5000E+00
             18                  7              47816         2.6500E+00
             18                  8              57060         2.9000E+00
             18                  9              58496         3.2500E+00
             18                 10              56205         3.7000E+00
             18                 11              51766         4.2500E+00
             18                 12              43245         4.9000E+00
             18                 13              33533         5.6500E+00
             18                 14              21963         6.5000E+00
             18                 15              12747         7.4500E+00
             18                 16               6937         8.5000E+00
             18                 17               3380         9.6500E+00
             18                 18               1686         1.0900E+01
             18                 19                760         1.2250E+01
             18                 20                569         1.3700E+01
             18                 21                147         1.5250E+01
             18                 22                 77         1.6900E+01
             18                 23                  7         1.8650E+01
             18                 24                  3         2.0500E+01
             19                 -1                  5         3.6000E+00
             19                  0                523         3.0500E+00
             19                  1               1565         2.6000E+00
             19                  2               5037         2.2500E+00
             19                  3              13083         2.0000E+00
             19                  4              26750         1.8500E+00
             19                  5              48365         1.8000E+00
             19                  6              72816         1.8500E+00
             19                  7              95858         2.0000E+00
             19                  8             106125         2.2500E+00
             19                  9             107097         2.6000E+00
             19                 10             101279         3.0500E+00
             19                 11              92003         3.6000E+00
             19                 12              76428         4.2500E+00
             19                 13              58794         5.0000E+00
             19                 14              39844         5.8500E+00
             19                 15              22704         6.8000E+00
             19                 16              12557         7.8500E+00
             19                 17               6631         9.0000E+00
             19                 18               3516         1.0250E+01
             19                 19               1842         1.1600E+01
             19                 20               1029         1.3050E+01
             19                 21                393         1.4600E+01
             19                 22                152         1.6250E+01
             19                 23                 52         1.8000E+01
             20                 -3                  3         4.4500E+00
             20                 -2                 17         3.7000E+00
             20                 -1                 56         3.0500E+00
             20                  0                949         2.5000E+00
             20                  1               2533         2.0500E+00
             20                  2               8289         1.7000E+00
             20                  3              21299         1.4500E+00
             20                  4              44979         1.3000E+00
             20                  5              79720         1.2500E+00
             20                  6             117072         1.3000E+00
             20                  7             144905         1.4500E+00
             20                  8             154076         1.7000E+00
             20                  9             144921         2.0500E+00
             20                 10             128971         2.5000E+00
             20                 11             110664         3.0500E+00
             20                 12              89725         3.7000E+00
             20                 13              67022         4.4500E+00
             20                 14              44871         5.3000E+00
             20                 15              26524         6.2500E+00
             20                 16              14370         7.3000E+00
             20                 17               8572         8.4500E+00
             20                 18               5113         9.7000E+00
             20                 19               2801         1.1050E+01
             20                 20               1641         1.2500E+01
             20                 21                649         1.4050E+01
             20                 22                260         1.5700E+01
             20                 23                111         1.7450E+01
             20                 24                  3         1.9300E+01
             21                 -3                 15         4.0000E+00
             21                 -2                 77         3.2500E+00
             21                 -1                171         2.6000E+00
             21                  0               1582         2.0500E+00
             21                  1               3642         1.6000E+00
             21                  2              10687         1.2500E+00
             21                  3              28538         1.0000E+00
             21                  4              58015         8.5000E-01
             21                  5              94921         8.0000E-01
             21                  6             131399         8.5000E-01
             21                  7             149098         1.0000E+00
             21                  8             143548         1.2500E+00
             21                  9             124716         1.6000E+00
             21                 10             101200         2.0500E+00
             21                 11              81899         2.6000E+00
             21                 12              64990         3.2500E+00
             21                 13              47208         4.0000E+00
             21                 14              31184         4.8500E+00
             21                 15              18064         5.8000E+00
             21                 16              10483         6.8500E+00
             21                 17               5869         8.0000E+00
             21                 18               3618         9.2500E+00
             21                 19               1947         1.0600E+01
             21                 20               1337         1.2050E+01
             21                 21                684         1.3600E+01
             21                 22                184         1.5250E+01
             21                 23                 73         1.7000E+01
             21                 24                 20         1.8850E+01
             22                 -3                 36         3.6500E+00
             22                 -2                156         2.9000E+00
             22                 -1                380         2.2500E+00
             22                  0               2184         1.7000E+00
             22                  1               3947         1.2500E+00
             22                  2              11232         9.0000E-01
             22                  3              27862         6.5000E-01
             22                  4              53152         5.0000E-01
             22                  5              81399         4.5000E-01
             22                  6              99211         5.0000E-01
             22                  7              95196         6.5000E-01
             22                  8              76800         9.0000E-01
             22                  9              55358         1.2500E+00
             22                 10              38206         1.7000E+00
             22                 11              28948         2.2500E+00
             22                 12              22179         2.9000E+00
             22                 13              15496         3.6500E+00
             22                 14              10127         4.5000E+00
             22                 15               6319         5.4500E+00
             22                 16               3062         6.5000E+00
             22                 17               1929         7.6500E+00
             22                 18                919         8.9000E+00
             22                 19                552         1.0250E+01
             22                 20                295         1.1700E+01
             22                 21                233         1.3250E+01
             22                 22                 89         1.4900E+01
             22                 23                 15         1.6650E+01
             23                 -4                  1         4.2500E+00
             23                 -3                 38         3.4000E+00
             23                 -2                165         2.6500E+00
             23                 -1                439         2.0000E+00
             23                  0               1794         1.4500E+00
             23                  1               2728         1.0000E+00
             23                  2               8638         6.5000E-01
             23                  3              19642         4.0000E-01
             23                  4              34857         2.5000E-01
             23                  5              49796         2.0000E-01
             23                  6              51383         2.5000E-01
             23                  7              40218         4.0000E-01
             23                  8              24592         6.5000E-01
             23                  9              11838         1.0000E+00
             23                 10               4816         1.4500E+00
             23                 11               1824         2.0000E+00
             23                 12                757         2.6500E+00
             23                 13                248         3.4000E+00
             23                 14                 67         4.2500E+00
             23                 15                 11         5.2000E+00
             24                 -3                 38         3.2500E+00
             24                 -2                 62         2.5000E+00
             24                 -1                163         1.8500E+00
             24                  0                791         1.3000E+00
             24                  1               1453         8.5000E-01
             24                  2               3516         5.0000E-01
             24                  3               7500         2.5000E-01
             24                  4              12710         1.0000E-01
             24                  5              16100         5.0000E-02
             24                  6              15177         1.0000E-01
             24                  7              11211         2.5000E-01
             24                  8               5944         5.0000E-01
             24                  9               2444         8.5000E-01
             24                 10                614         1.3000E+00
             24                 11                223         1.8500E+00
             24                 12                111         2.5000E+00
             24                 13                 12         3.2500E+00
