  #Crystal Size      Water Content              Count               Bias
              3                 12                  3         9.6500E+00
              3                 13                  3         1.0400E+01
              3                 16                  1         1.3250E+01
              4                 10                  7         7.3000E+00
              4                 11                 12         7.8500E+00
              4                 12                 13         8.5000E+00
              4                 13                 31         9.2500E+00
              4                 14                 14         1.0100E+01
              4                 15                 17         1.1050E+01
              4                 16                 22         1.2100E+01
              4                 17                 24         1.3250E+01
              4                 18                 11         1.4500E+01
              4                 19                  8         1.5850E+01
              4                 20                  8         1.7300E+01
              5                  7                  1         5.2000E+00
              5                  9                 11         5.8000E+00
              5                 10                 28         6.2500E+00
              5                 11                 61         6.8000E+00
              5                 12                100         7.4500E+00
              5                 13                186         8.2000E+00
              5                 14                175         9.0500E+00
              5                 15                165         1.0000E+01
              5                 16                167         1.1050E+01
              5                 17                228         1.2200E+01
              5                 18                150         1.3450E+01
              5                 19                102         1.4800E+01
              5                 20                 31         1.6250E+01
              5                 21                 13         1.7800E+01
              6                  4                  1         4.1000E+00
              6                  7                  4         4.2500E+00
              6                  8                  9         4.5000E+00
              6                  9                 34         4.8500E+00
              6                 10                128         5.3000E+00
              6                 11                316         5.8500E+00
              6                 12                811         6.5000E+00
              6                 13               1076         7.2500E+00
              6                 14               1164         8.1000E+00
              6                 15               1129         9.0500E+00
              6                 16               1169         1.0100E+01
              6                 17                922         1.1250E+01
              6                 18                894         1.2500E+01
              6                 19                548         1.3850E+01
              6                 20                132         1.5300E+01
              6                 21                 39         1.6850E+01
              6                 22                  1         1.8500E+01
              7                  3                  2         3.4000E+00
              7                  5                  7         3.2000E+00
              7                  6                  8         3.2500E+00
              7                  7                 49         3.4000E+00
              7                  8                 50         3.6500E+00
              7                  9                198         4.0000E+00
              7                 10                721         4.4500E+00
              7                 11               1794         5.0000E+00
              7                 12               3194         5.6500E+00
              7                 13               4718         6.4000E+00
              7                 14               5098         7.2500E+00
              7                 15               4491         8.2000E+00
              7                 16               3784         9.2500E+00
              7                 17               2343         1.0400E+01
              7                 18               1082         1.1650E+01
              7                 19                570         1.3000E+01
              7                 20                130         1.4450E+01
              7                 21                  5         1.6000E+01
              7                 22                  1         1.7650E+01
              8                  4                  7         2.5000E+00
              8                  5                 13         2.4500E+00
              8                  6                 41         2.5000E+00
              8                  7                129         2.6500E+00
              8                  8                206         2.9000E+00
              8                  9                625         3.2500E+00
              8                 10               2305         3.7000E+00
              8                 11               6125         4.2500E+00
              8                 12              11489         4.9000E+00
              8                 13              14537         5.6500E+00
              8                 14              15438         6.5000E+00
              8                 15              13271         7.4500E+00
              8                 16              10101         8.5000E+00
              8                 17               6423         9.6500E+00
              8                 18               3097         1.0900E+01
              8                 19               1153         1.2250E+01
              8                 20                183         1.3700E+01
              8                 21                 30         1.5250E+01
              8                 22                 12         1.6900E+01
              9                  3                  1         2.0000E+00
              9                  4                  8         1.8500E+00
              9                  5                 28         1.8000E+00
              9                  6                173         1.8500E+00
              9                  7                344         2.0000E+00
              9                  8                954         2.2500E+00
              9                  9               2033         2.6000E+00
              9                 10               6472         3.0500E+00
              9                 11              16307         3.6000E+00
              9                 12              29050         4.2500E+00
              9                 13              37413         5.0000E+00
              9                 14              38000         5.8500E+00
              9                 15              32799         6.8000E+00
              9                 16              21536         7.8500E+00
              9                 17              12352         9.0000E+00
              9                 18               5687         1.0250E+01
              9                 19               2043         1.1600E+01
              9                 20                674         1.3050E+01
              9                 21                116         1.4600E+01
              9                 22                 37         1.6250E+01
              9                 23                  7         1.8000E+01
             10                  2                  1         1.7000E+00
             10                  3                 14         1.4500E+00
             10                  4                 31         1.3000E+00
             10                  5                112         1.2500E+00
             10                  6                371         1.3000E+00
             10                  7               1116         1.4500E+00
             10                  8               2715         1.7000E+00
             10                  9               5955         2.0500E+00
             10                 10              14050         2.5000E+00
             10                 11              30368         3.0500E+00
             10                 12              49568         3.7000E+00
             10                 13              60177         4.4500E+00
             10                 14              56342         5.3000E+00
             10                 15              43214         6.2500E+00
             10                 16              26864         7.3000E+00
             10                 17              15004         8.4500E+00
             10                 18               7050         9.7000E+00
             10                 19               2220         1.1050E+01
             10                 20                546         1.2500E+01
             10                 21                191         1.4050E+01
             10                 22                 47         1.5700E+01
             10                 23                 11         1.7450E+01
             10                 24                  9         1.9300E+01
             11                  3                 16         1.0000E+00
             11                  4                135         8.5000E-01
             11                  5                378         8.0000E-01
             11                  6               1146         8.5000E-01
             11                  7               2794         1.0000E+00
             11                  8               6101         1.2500E+00
             11                  9              13045         1.6000E+00
             11                 10              26815         2.0500E+00
             11                 11              52977         2.6000E+00
             11                 12              78620         3.2500E+00
             11                 13              92572         4.0000E+00
             11                 14              83597         4.8500E+00
             11                 15              60351         5.8000E+00
             11                 16              32743         6.8500E+00
             11                 17              17522         8.0000E+00
             11                 18               7570         9.2500E+00
             11                 19               2377         1.0600E+01
             11                 20                717         1.2050E+01
             11                 21                203         1.3600E+01
             11                 22                 71         1.5250E+01
             11                 23                 29         1.7000E+01
             11                 24                  5         1.8850E+01
             12                  0                  5         1.7000E+00
             12                  1                 17         1.2500E+00
             12                  2                 26         9.0000E-01
             12                  3                 70         6.5000E-01
             12                  4                211         5.0000E-01
             12                  5                610         4.5000E-01
             12                  6               1533         5.0000E-01
             12                  7               4172         6.5000E-01
             12                  8               9395         9.0000E-01
             12                  9              21772         1.2500E+00
             12                 10              45245         1.7000E+00
             12                 11              81650         2.2500E+00
             12                 12             117038         2.9000E+00
             12                 13             131468         3.6500E+00
             12                 14             115293         4.5000E+00
             12                 15              78656         5.4500E+00
             12                 16              44383         6.5000E+00
             12                 17              21120         7.6500E+00
             12                 18               8643         8.9000E+00
             12                 19               2892         1.0250E+01
             12                 20                510         1.1700E+01
             12                 21                150         1.3250E+01
             12                 22                102         1.4900E+01
             12                 23                 78         1.6650E+01
             12                 24                 28         1.8500E+01
             12                 25                  1         2.0450E+01
             13                  0                 21         1.4500E+00
             13                  1                 23         1.0000E+00
             13                  2                 77         6.5000E-01
             13                  3                 79         4.0000E-01
             13                  4                195         2.5000E-01
             13                  5                613         2.0000E-01
             13                  6               1400         2.5000E-01
             13                  7               4221         4.0000E-01
             13                  8              10668         6.5000E-01
             13                  9              25797         1.0000E+00
             13                 10              56430         1.4500E+00
             13                 11             100989         2.0000E+00
             13                 12             143031         2.6500E+00
             13                 13             158049         3.4000E+00
             13                 14             133120         4.2500E+00
             13                 15              88247         5.2000E+00
             13                 16              51738         6.2500E+00
             13                 17              24329         7.4000E+00
             13                 18              10012         8.6500E+00
             13                 19               3384         1.0000E+01
             13                 20                826         1.1450E+01
             13                 21                477         1.3000E+01
             13                 22                146         1.4650E+01
             13                 23                 95         1.6400E+01
             13                 24                 44         1.8250E+01
             13                 25                  8         2.0200E+01
             13                 26                  1         2.2250E+01
             14                  0                 17         1.3000E+00
             14                  1                 72         8.5000E-01
             14                  2                185         5.0000E-01
             14                  3                306         2.5000E-01
             14                  4                602         1.0000E-01
             14                  5                961         5.0000E-02
             14                  6               2216         1.0000E-01
             14                  7               5293         2.5000E-01
             14                  8              12588         5.0000E-01
             14                  9              28534         8.5000E-01
             14                 10              59573         1.3000E+00
             14                 11             105065         1.8500E+00
             14                 12             149461         2.5000E+00
             14                 13             164589         3.2500E+00
             14                 14             139122         4.1000E+00
             14                 15              93413         5.0500E+00
             14                 16              55126         6.1000E+00
             14                 17              27739         7.2500E+00
             14                 18              11777         8.5000E+00
             14                 19               4186         9.8500E+00
             14                 20               1565         1.1300E+01
             14                 21                616         1.2850E+01
             14                 22                388         1.4500E+01
             14                 23                 98         1.6250E+01
             14                 24                 55         1.8100E+01
             14                 25                  6         2.0050E+01
             15                  0                 55         1.2500E+00
             15                  1                180         8.0000E-01
             15                  2                353         4.5000E-01
             15                  3                636         2.0000E-01
             15                  4               1213         5.0000E-02
             15                  5               1670         0.0000E+00
             15                  6               2589         5.0000E-02
             15                  7               5441         2.0000E-01
             15                  8              12530         4.5000E-01
             15                  9              27118         8.0000E-01
             15                 10              54929         1.2500E+00
             15                 11              96600         1.8000E+00
             15                 12             129101         2.4500E+00
             15                 13             139429         3.2000E+00
             15                 14             116107         4.0500E+00
             15                 15              81287         5.0000E+00
             15                 16              50216         6.0500E+00
             15                 17              25841         7.2000E+00
             15                 18              11900         8.4500E+00
             15                 19               4560         9.8000E+00
             15                 20               1558         1.1250E+01
             15                 21                688         1.2800E+01
             15                 22                140         1.4450E+01
             15                 23                 63         1.6200E+01
             15                 24                 12         1.8050E+01
             16                  0                 49         1.3000E+00
             16                  1                168         8.5000E-01
             16                  2                329         5.0000E-01
             16                  3                752         2.5000E-01
             16                  4               1460         1.0000E-01
             16                  5               2149         5.0000E-02
             16                  6               2953         1.0000E-01
             16                  7               5414         2.5000E-01
             16                  8              10059         5.0000E-01
             16                  9              19072         8.5000E-01
             16                 10              36523         1.3000E+00
             16                 11              61310         1.8500E+00
             16                 12              79578         2.5000E+00
             16                 13              82022         3.2500E+00
             16                 14              71777         4.1000E+00
             16                 15              53348         5.0500E+00
             16                 16              35995         6.1000E+00
             16                 17              19709         7.2500E+00
             16                 18               8795         8.5000E+00
             16                 19               3404         9.8500E+00
             16                 20               1183         1.1300E+01
             16                 21                449         1.2850E+01
             16                 22                128         1.4500E+01
             16                 23                 16         1.6250E+01
             16                 25                  1         2.0050E+01
             17                  0                 29         1.4500E+00
             17                  1                 42         1.0000E+00
             17                  2                161         6.5000E-01
             17                  3                339         4.0000E-01
             17                  4                928         2.5000E-01
             17                  5               1574         2.0000E-01
             17                  6               2354         2.5000E-01
             17                  7               3758         4.0000E-01
             17                  8               5698         6.5000E-01
             17                  9               9765         1.0000E+00
             17                 10              16197         1.4500E+00
             17                 11              23797         2.0000E+00
             17                 12              28218         2.6500E+00
             17                 13              26915         3.4000E+00
             17                 14              23971         4.2500E+00
             17                 15              19177         5.2000E+00
             17                 16              13744         6.2500E+00
             17                 17               8351         7.4000E+00
             17                 18               3849         8.6500E+00
             17                 19               1623         1.0000E+01
             17                 20                623         1.1450E+01
             17                 21                233         1.3000E+01
             17                 22                 54         1.4650E+01
             17                 23                 14         1.6400E+01
             18                  0                  7         1.7000E+00
             18                  1                 13         1.2500E+00
             18                  2                 21         9.0000E-01
             18                  3                 77         6.5000E-01
             18                  4                248         5.0000E-01
             18                  5                484         4.5000E-01
             18                  6                846         5.0000E-01
             18                  7               1366         6.5000E-01
             18                  8               2237         9.0000E-01
             18                  9               4056         1.2500E+00
             18                 10               5626         1.7000E+00
             18                 11               6673         2.2500E+00
             18                 12               7009         2.9000E+00
             18                 13               5972         3.6500E+00
             18                 14               4648         4.5000E+00
             18                 15               3617         5.4500E+00
             18                 16               2621         6.5000E+00
             18                 17               1696         7.6500E+00
             18                 18               1061         8.9000E+00
             18                 19                468         1.0250E+01
             18                 20                258         1.1700E+01
             18                 21                 93         1.3250E+01
             18                 22                  8         1.4900E+01
             18                 23                 18         1.6650E+01
             19                  4                 14         8.5000E-01
             19                  5                 98         8.0000E-01
             19                  6                146         8.5000E-01
             19                  7                303         1.0000E+00
             19                  8                599         1.2500E+00
             19                  9               1099         1.6000E+00
             19                 10               1460         2.0500E+00
             19                 11               1656         2.6000E+00
             19                 12               1677         3.2500E+00
             19                 13                838         4.0000E+00
             19                 14                405         4.8500E+00
             19                 15                187         5.8000E+00
             19                 16                103         6.8500E+00
             19                 17                 95         8.0000E+00
             19                 18                 26         9.2500E+00
             19                 19                 16         1.0600E+01
             20                  6                  8         1.3000E+00
             20                  7                 37         1.4500E+00
             20                  8                151         1.7000E+00
             20                  9                226         2.0500E+00
             20                 10                346         2.5000E+00
             20                 11                363         3.0500E+00
             20                 12                343         3.7000E+00
             20                 13                135         4.4500E+00
             20                 14                 56         5.3000E+00
             20                 15                 35         6.2500E+00
             20                 16                  2         7.3000E+00
             21                  7                  2         2.0000E+00
             21                  8                 38         2.2500E+00
             21                  9                 71         2.6000E+00
             21                 10                 80         3.0500E+00
             21                 11                 91         3.6000E+00
             21                 12                 49         4.2500E+00
             21                 13                 10         5.0000E+00
             21                 14                  2         5.8500E+00
             21                 15                  2         6.8000E+00
             22                 12                  1         4.9000E+00
