  #Crystal Size      Water Content              Count               Bias
             15                 -2                  5         8.2000E+00
             15                 -1                 18         9.0500E+00
             15                  0                  9         1.0000E+01
             15                  1                  2         1.1050E+01
             16                 -4                  1         5.8500E+00
             16                 -3                  8         6.5000E+00
             16                 -2                 29         7.2500E+00
             16                 -1                 56         8.1000E+00
             16                  0                177         9.0500E+00
             16                  1                 71         1.0100E+01
             16                  2                 44         1.1250E+01
             16                  3                 22         1.2500E+01
             16                  4                 21         1.3850E+01
             16                  5                 10         1.5300E+01
             16                  6                  1         1.6850E+01
             17                 -5                  1         4.4500E+00
             17                 -4                 34         5.0000E+00
             17                 -3                 86         5.6500E+00
             17                 -2                180         6.4000E+00
             17                 -1                325         7.2500E+00
             17                  0               1376         8.2000E+00
             17                  1                679         9.2500E+00
             17                  2                405         1.0400E+01
             17                  3                222         1.1650E+01
             17                  4                 83         1.3000E+01
             17                  5                 42         1.4450E+01
             17                  6                 28         1.6000E+01
             17                  7                  1         1.7650E+01
             18                 -6                  2         3.2500E+00
             18                 -5                 42         3.7000E+00
             18                 -4                224         4.2500E+00
             18                 -3                997         4.9000E+00
             18                 -2               1921         5.6500E+00
             18                 -1               2743         6.5000E+00
             18                  0               9346         7.4500E+00
             18                  1               4583         8.5000E+00
             18                  2               2496         9.6500E+00
             18                  3               1116         1.0900E+01
             18                  4                545         1.2250E+01
             18                  5                209         1.3700E+01
             18                  6                 97         1.5250E+01
             18                  7                 11         1.6900E+01
             18                  8                  8         1.8650E+01
             19                 -7                  1         2.2500E+00
             19                 -6                 40         2.6000E+00
             19                 -5                255         3.0500E+00
             19                 -4               1449         3.6000E+00
             19                 -3               5498         4.2500E+00
             19                 -2              11016         5.0000E+00
             19                 -1              14359         5.8500E+00
             19                  0              43222         6.8000E+00
             19                  1              20008         7.8500E+00
             19                  2              11093         9.0000E+00
             19                  3               4484         1.0250E+01
             19                  4               1935         1.1600E+01
             19                  5                748         1.3050E+01
             19                  6                222         1.4600E+01
             19                  7                102         1.6250E+01
             19                  8                 21         1.8000E+01
             19                  9                  2         1.9850E+01
             20                 -7                 10         1.7000E+00
             20                 -6                183         2.0500E+00
             20                 -5               1294         2.5000E+00
             20                 -4               6724         3.0500E+00
             20                 -3              20804         3.7000E+00
             20                 -2              39519         4.4500E+00
             20                 -1              51319         5.3000E+00
             20                  0             150982         6.2500E+00
             20                  1              62483         7.3000E+00
             20                  2              32108         8.4500E+00
             20                  3              13093         9.7000E+00
             20                  4               5370         1.1050E+01
             20                  5               1830         1.2500E+01
             20                  6                593         1.4050E+01
             20                  7                162         1.5700E+01
             20                  8                 54         1.7450E+01
             20                  9                  4         1.9300E+01
             21                 -7                 36         1.2500E+00
             21                 -6                641         1.6000E+00
             21                 -5               4658         2.0500E+00
             21                 -4              19616         2.6000E+00
             21                 -3              55581         3.2500E+00
             21                 -2              99650         4.0000E+00
             21                 -1             126789         4.8500E+00
             21                  0             353031         5.8000E+00
             21                  1             141657         6.8500E+00
             21                  2              68218         8.0000E+00
             21                  3              26567         9.2500E+00
             21                  4               9036         1.0600E+01
             21                  5               2513         1.2050E+01
             21                  6                617         1.3600E+01
             21                  7                 67         1.5250E+01
             21                  8                 16         1.7000E+01
             21                  9                  2         1.8850E+01
             22                 -7                138         9.0000E-01
             22                 -6               1368         1.2500E+00
             22                 -5               9892         1.7000E+00
             22                 -4              38949         2.2500E+00
             22                 -3             100896         2.9000E+00
             22                 -2             175748         3.6500E+00
             22                 -1             211664         4.5000E+00
             22                  0             559552         5.4500E+00
             22                  1             208813         6.5000E+00
             22                  2              97087         7.6500E+00
             22                  3              36793         8.9000E+00
             22                  4              11656         1.0250E+01
             22                  5               2999         1.1700E+01
             22                  6                540         1.3250E+01
             22                  7                 43         1.4900E+01
             23                 -7                105         6.5000E-01
             23                 -6               1789         1.0000E+00
             23                 -5              11753         1.4500E+00
             23                 -4              46695         2.0000E+00
             23                 -3             112430         2.6500E+00
             23                 -2             191287         3.4000E+00
             23                 -1             223611         4.2500E+00
             23                  0             534940         5.2000E+00
             23                  1             190899         6.2500E+00
             23                  2              85627         7.4000E+00
             23                  3              31224         8.6500E+00
             23                  4              10217         1.0000E+01
             23                  5               2465         1.1450E+01
             23                  6                464         1.3000E+01
             23                  7                 29         1.4650E+01
             23                  8                  1         1.6400E+01
             24                 -8                  3         2.5000E-01
             24                 -7                173         5.0000E-01
             24                 -6               1555         8.5000E-01
             24                 -5               7418         1.3000E+00
             24                 -4              25543         1.8500E+00
             24                 -3              59113         2.5000E+00
             24                 -2              97578         3.2500E+00
             24                 -1             108533         4.1000E+00
             24                  0             232628         5.0500E+00
             24                  1              78712         6.1000E+00
             24                  2              33875         7.2500E+00
             24                  3              12322         8.5000E+00
             24                  4               3723         9.8500E+00
             24                  5                966         1.1300E+01
             24                  6                188         1.2850E+01
             24                  7                 36         1.4500E+01
             24                  8                  2         1.6250E+01
