  #Crystal Size      Water Content              Count               Bias
              0                  4                 20         5.8000E+00
              0                  5                111         6.2500E+00
              0                  6                454         6.8000E+00
              0                  7               1576         7.4500E+00
              0                  8               5526         8.2000E+00
              0                  9              15648         9.0500E+00
              0                 10              31096         1.0000E+01
              0                 11              50878         1.1050E+01
              0                 12              65096         1.2200E+01
              0                 13              63522         1.3450E+01
              0                 14              50364         1.4800E+01
              0                 15              33360         1.6250E+01
              0                 16              18006         1.7800E+01
              0                 17               8182         1.9450E+01
              0                 18               2827         2.1200E+01
              0                 19                752         2.3050E+01
              0                 20                164         2.5000E+01
              0                 21                 37         2.7050E+01
              0                 22                 75         2.9200E+01
              0                 23                  3         3.1450E+01
              1                  3                 24         4.5000E+00
              1                  4                 96         4.8500E+00
              1                  5                392         5.3000E+00
              1                  6               1989         5.8500E+00
              1                  7               6286         6.5000E+00
              1                  8              14594         7.2500E+00
              1                  9              33120         8.1000E+00
              1                 10              64694         9.0500E+00
              1                 11             105665         1.0100E+01
              1                 12             135367         1.1250E+01
              1                 13             134683         1.2500E+01
              1                 14             104935         1.3850E+01
              1                 15              60959         1.5300E+01
              1                 16              27866         1.6850E+01
              1                 17               9785         1.8500E+01
              1                 18               2944         2.0250E+01
              1                 19                598         2.2100E+01
              1                 20                117         2.4050E+01
              1                 21                 27         2.6100E+01
              1                 22                 32         2.8250E+01
              1                 23                  1         3.0500E+01
              2                  3                 13         3.6500E+00
              2                  4                 91         4.0000E+00
              2                  5                617         4.4500E+00
              2                  6               2252         5.0000E+00
              2                  7               6523         5.6500E+00
              2                  8              13219         6.4000E+00
              2                  9              23542         7.2500E+00
              2                 10              39821         8.2000E+00
              2                 11              63526         9.2500E+00
              2                 12              82427         1.0400E+01
              2                 13              85834         1.1650E+01
              2                 14              67282         1.3000E+01
              2                 15              38566         1.4450E+01
              2                 16              17519         1.6000E+01
              2                 17               6147         1.7650E+01
              2                 18               1641         1.9400E+01
              2                 19                237         2.1250E+01
              2                 20                 48         2.3200E+01
              3                  3                 60         2.9000E+00
              3                  4                272         3.2500E+00
              3                  5                784         3.7000E+00
              3                  6               3470         4.2500E+00
              3                  7              10103         4.9000E+00
              3                  8              19719         5.6500E+00
              3                  9              35319         6.5000E+00
              3                 10              59008         7.4500E+00
              3                 11              94254         8.5000E+00
              3                 12             122459         9.6500E+00
              3                 13             125616         1.0900E+01
              3                 14              97394         1.2250E+01
              3                 15              53430         1.3700E+01
              3                 16              22650         1.5250E+01
              3                 17               8071         1.6900E+01
              3                 18               2260         1.8650E+01
              3                 19                513         2.0500E+01
              3                 20                 64         2.2450E+01
              3                 21                  4         2.4500E+01
              4                  3                 28         2.2500E+00
              4                  4                163         2.6000E+00
              4                  5               1036         3.0500E+00
              4                  6               3801         3.6000E+00
              4                  7              11241         4.2500E+00
              4                  8              23662         5.0000E+00
              4                  9              39519         5.8500E+00
              4                 10              66233         6.8000E+00
              4                 11             106664         7.8500E+00
              4                 12             140803         9.0000E+00
              4                 13             143842         1.0250E+01
              4                 14             114350         1.1600E+01
              4                 15              67050         1.3050E+01
              4                 16              29024         1.4600E+01
              4                 17              10292         1.6250E+01
              4                 18               2917         1.8000E+01
              4                 19                437         1.9850E+01
              4                 20                109         2.1800E+01
              4                 21                  1         2.3850E+01
              5                  3                  8         1.7000E+00
              5                  4                126         2.0500E+00
              5                  5                940         2.5000E+00
              5                  6               4565         3.0500E+00
              5                  7               9681         3.7000E+00
              5                  8              20226         4.4500E+00
              5                  9              34527         5.3000E+00
              5                 10              54295         6.2500E+00
              5                 11              80348         7.3000E+00
              5                 12             109996         8.4500E+00
              5                 13             121347         9.7000E+00
              5                 14              97829         1.1050E+01
              5                 15              58285         1.2500E+01
              5                 16              25110         1.4050E+01
              5                 17               9096         1.5700E+01
              5                 18               2505         1.7450E+01
              5                 19                477         1.9300E+01
              5                 20                 87         2.1250E+01
              5                 21                  4         2.3300E+01
              6                  3                 38         1.2500E+00
              6                  4                251         1.6000E+00
              6                  5               1201         2.0500E+00
              6                  6               4445         2.6000E+00
              6                  7               9388         3.2500E+00
              6                  8              16804         4.0000E+00
              6                  9              27305         4.8500E+00
              6                 10              40305         5.8000E+00
              6                 11              58806         6.8500E+00
              6                 12              76965         8.0000E+00
              6                 13              80690         9.2500E+00
              6                 14              65820         1.0600E+01
              6                 15              39451         1.2050E+01
              6                 16              18229         1.3600E+01
              6                 17               6967         1.5250E+01
              6                 18               2086         1.7000E+01
              6                 19                426         1.8850E+01
              6                 20                 59         2.0800E+01
              6                 21                  8         2.2850E+01
              7                  3                 31         9.0000E-01
              7                  4                421         1.2500E+00
              7                  5               1989         1.7000E+00
              7                  6               6099         2.2500E+00
              7                  7              11637         2.9000E+00
              7                  8              18653         3.6500E+00
              7                  9              27962         4.5000E+00
              7                 10              37464         5.4500E+00
              7                 11              47474         6.5000E+00
              7                 12              55552         7.6500E+00
              7                 13              55326         8.9000E+00
              7                 14              46364         1.0250E+01
              7                 15              27251         1.1700E+01
              7                 16              14678         1.3250E+01
              7                 17               6824         1.4900E+01
              7                 18               2408         1.6650E+01
              7                 19                722         1.8500E+01
              7                 20                179         2.0450E+01
              7                 21                 12         2.2500E+01
              8                  3                 27         6.5000E-01
              8                  4                319         1.0000E+00
              8                  5               1710         1.4500E+00
              8                  6               5509         2.0000E+00
              8                  7              12011         2.6500E+00
              8                  8              19169         3.4000E+00
              8                  9              29013         4.2500E+00
              8                 10              37012         5.2000E+00
              8                 11              43781         6.2500E+00
              8                 12              45664         7.4000E+00
              8                 13              41590         8.6500E+00
              8                 14              31987         1.0000E+01
              8                 15              19520         1.1450E+01
              8                 16              10114         1.3000E+01
              8                 17               4679         1.4650E+01
              8                 18               1739         1.6400E+01
              8                 19                601         1.8250E+01
              8                 20                248         2.0200E+01
              8                 21                 41         2.2250E+01
              9                  3                  3         5.0000E-01
              9                  4                149         8.5000E-01
              9                  5                880         1.3000E+00
              9                  6               2715         1.8500E+00
              9                  7               7632         2.5000E+00
              9                  8              13114         3.2500E+00
              9                  9              19683         4.1000E+00
              9                 10              24984         5.0500E+00
              9                 11              28598         6.1000E+00
              9                 12              27027         7.2500E+00
              9                 13              23551         8.5000E+00
              9                 14              17493         9.8500E+00
              9                 15              11508         1.1300E+01
              9                 16               5714         1.2850E+01
              9                 17               2875         1.4500E+01
              9                 18               1032         1.6250E+01
              9                 19                338         1.8100E+01
              9                 20                107         2.0050E+01
              9                 21                 13         2.2100E+01
             10                  4                 45         8.0000E-01
             10                  5                237         1.2500E+00
             10                  6                902         1.8000E+00
             10                  7               2808         2.4500E+00
             10                  8               5569         3.2000E+00
             10                  9               8901         4.0500E+00
             10                 10              11466         5.0000E+00
             10                 11              13196         6.0500E+00
             10                 12              12905         7.2000E+00
             10                 13              10778         8.4500E+00
             10                 14               9670         9.8000E+00
             10                 15               7556         1.1250E+01
             10                 16               4690         1.2800E+01
             10                 17               2084         1.4450E+01
             10                 18                909         1.6200E+01
             10                 19                223         1.8050E+01
             10                 20                135         2.0000E+01
             10                 21                 29         2.2050E+01
             11                  3                  8         5.0000E-01
             11                  4                 17         8.5000E-01
             11                  5                 64         1.3000E+00
             11                  6                197         1.8500E+00
             11                  7                722         2.5000E+00
             11                  8               1697         3.2500E+00
             11                  9               2891         4.1000E+00
             11                 10               3942         5.0500E+00
             11                 11               3985         6.1000E+00
             11                 12               4230         7.2500E+00
             11                 13               4711         8.5000E+00
             11                 14               5614         9.8500E+00
             11                 15               5255         1.1300E+01
             11                 16               3049         1.2850E+01
             11                 17               1352         1.4500E+01
             11                 18                423         1.6250E+01
             11                 19                 81         1.8100E+01
             11                 20                 20         2.0050E+01
             11                 21                  6         2.2100E+01
             11                 22                  2         2.4250E+01
             12                  3                  2         6.5000E-01
             12                  5                 13         1.4500E+00
             12                  6                 22         2.0000E+00
             12                  7                111         2.6500E+00
             12                  8                379         3.4000E+00
             12                  9                617         4.2500E+00
             12                 10                995         5.2000E+00
             12                 11                979         6.2500E+00
             12                 12               1146         7.4000E+00
             12                 13               2012         8.6500E+00
             12                 14               2872         1.0000E+01
             12                 15               2805         1.1450E+01
             12                 16               1797         1.3000E+01
             12                 17                625         1.4650E+01
             12                 18                123         1.6400E+01
             12                 19                 32         1.8250E+01
             13                  6                  2         2.2500E+00
             13                  7                 15         2.9000E+00
             13                  8                 60         3.6500E+00
             13                  9                 89         4.5000E+00
             13                 10                114         5.4500E+00
             13                 11                174         6.5000E+00
             13                 12                337         7.6500E+00
             13                 13                697         8.9000E+00
             13                 14               1089         1.0250E+01
             13                 15               1014         1.1700E+01
             13                 16                646         1.3250E+01
             13                 17                207         1.4900E+01
             13                 18                 40         1.6650E+01
             13                 19                  1         1.8500E+01
             14                  8                  1         4.0000E+00
             14                  9                 10         4.8500E+00
             14                 10                  9         5.8000E+00
             14                 11                  6         6.8500E+00
             14                 12                 29         8.0000E+00
             14                 13                 95         9.2500E+00
             14                 14                278         1.0600E+01
             14                 15                232         1.2050E+01
             14                 16                122         1.3600E+01
             14                 17                 60         1.5250E+01
             14                 18                  6         1.7000E+01
             14                 19                  1         1.8850E+01
             15                 12                 11         8.4500E+00
             15                 13                 14         9.7000E+00
             15                 14                  3         1.1050E+01
             15                 15                 14         1.2500E+01
             15                 16                 25         1.4050E+01
             15                 17                  9         1.5700E+01
             16                 15                  1         1.3050E+01
