  #Crystal Size      Water Content              Count               Bias
              1                 12                  2         1.7000E+01
              2                  8                  5         1.1650E+01
              2                  9                  1         1.2500E+01
              2                 10                  4         1.3450E+01
              2                 11                  7         1.4500E+01
              2                 12                 11         1.5650E+01
              2                 13                  3         1.6900E+01
              2                 14                  2         1.8250E+01
              3                  6                  3         9.0000E+00
              3                  8                  8         1.0400E+01
              3                  9                 17         1.1250E+01
              3                 10                 52         1.2200E+01
              3                 11                 50         1.3250E+01
              3                 12                 12         1.4400E+01
              3                 13                 32         1.5650E+01
              3                 14                  3         1.7000E+01
              3                 15                  5         1.8450E+01
              4                  5                  3         7.3000E+00
              4                  7                 13         8.5000E+00
              4                  8                 30         9.2500E+00
              4                  9                 53         1.0100E+01
              4                 10                128         1.1050E+01
              4                 11                102         1.2100E+01
              4                 12                 43         1.3250E+01
              4                 13                 42         1.4500E+01
              4                 14                  5         1.5850E+01
              4                 15                 10         1.7300E+01
              4                 16                  2         1.8850E+01
              4                 17                  1         2.0500E+01
              5                  4                  3         5.8000E+00
              5                  6                  6         6.8000E+00
              5                  7                 61         7.4500E+00
              5                  8                231         8.2000E+00
              5                  9                310         9.0500E+00
              5                 10                310         1.0000E+01
              5                 11                420         1.1050E+01
              5                 12                346         1.2200E+01
              5                 13                254         1.3450E+01
              5                 14                120         1.4800E+01
              5                 15                 23         1.6250E+01
              5                 16                 13         1.7800E+01
              5                 17                  7         1.9450E+01
              6                  1                  6         4.1000E+00
              6                  2                  3         4.2500E+00
              6                  3                 21         4.5000E+00
              6                  4                 22         4.8500E+00
              6                  5                 27         5.3000E+00
              6                  6                 93         5.8500E+00
              6                  7                244         6.5000E+00
              6                  8                737         7.2500E+00
              6                  9               1226         8.1000E+00
              6                 10               1149         9.0500E+00
              6                 11                983         1.0100E+01
              6                 12                638         1.1250E+01
              6                 13                410         1.2500E+01
              6                 14                244         1.3850E+01
              6                 15                 52         1.5300E+01
              6                 16                 13         1.6850E+01
              6                 17                  2         1.8500E+01
              7                  1                 15         3.2500E+00
              7                  2                 14         3.4000E+00
              7                  3                 59         3.6500E+00
              7                  4                147         4.0000E+00
              7                  5                240         4.4500E+00
              7                  6                552         5.0000E+00
              7                  7               1243         5.6500E+00
              7                  8               2353         6.4000E+00
              7                  9               3149         7.2500E+00
              7                 10               3623         8.2000E+00
              7                 11               2466         9.2500E+00
              7                 12               1618         1.0400E+01
              7                 13                933         1.1650E+01
              7                 14                522         1.3000E+01
              7                 15                251         1.4450E+01
              7                 16                 61         1.6000E+01
              7                 17                  2         1.7650E+01
              8                  0                  4         2.4500E+00
              8                  1                 37         2.5000E+00
              8                  2                105         2.6500E+00
              8                  3                182         2.9000E+00
              8                  4                400         3.2500E+00
              8                  5                979         3.7000E+00
              8                  6               1932         4.2500E+00
              8                  7               4140         4.9000E+00
              8                  8               6810         5.6500E+00
              8                  9               8694         6.5000E+00
              8                 10               9298         7.4500E+00
              8                 11               7333         8.5000E+00
              8                 12               5294         9.6500E+00
              8                 13               2714         1.0900E+01
              8                 14               1450         1.2250E+01
              8                 15                701         1.3700E+01
              8                 16                223         1.5250E+01
              8                 17                 25         1.6900E+01
              8                 18                  2         1.8650E+01
              9                 -1                  1         1.8500E+00
              9                  0                 78         1.8000E+00
              9                  1                141         1.8500E+00
              9                  2                368         2.0000E+00
              9                  3                822         2.2500E+00
              9                  4               1442         2.6000E+00
              9                  5               2507         3.0500E+00
              9                  6               5509         3.6000E+00
              9                  7              10786         4.2500E+00
              9                  8              16948         5.0000E+00
              9                  9              20501         5.8500E+00
              9                 10              20313         6.8000E+00
              9                 11              16455         7.8500E+00
              9                 12               9995         9.0000E+00
              9                 13               5234         1.0250E+01
              9                 14               3051         1.1600E+01
              9                 15               1278         1.3050E+01
              9                 16                413         1.4600E+01
              9                 17                141         1.6250E+01
              9                 18                 23         1.8000E+01
             10                 -1                  6         1.3000E+00
             10                  0                180         1.2500E+00
             10                  1                528         1.3000E+00
             10                  2               1160         1.4500E+00
             10                  3               2145         1.7000E+00
             10                  4               3544         2.0500E+00
             10                  5               6489         2.5000E+00
             10                  6              12515         3.0500E+00
             10                  7              22217         3.7000E+00
             10                  8              31155         4.4500E+00
             10                  9              34483         5.3000E+00
             10                 10              31755         6.2500E+00
             10                 11              23730         7.3000E+00
             10                 12              14043         8.4500E+00
             10                 13               8538         9.7000E+00
             10                 14               4639         1.1050E+01
             10                 15               2387         1.2500E+01
             10                 16                865         1.4050E+01
             10                 17                136         1.5700E+01
             10                 18                  5         1.7450E+01
             11                 -2                 10         1.0000E+00
             11                 -1                 76         8.5000E-01
             11                  0                449         8.0000E-01
             11                  1               1300         8.5000E-01
             11                  2               2858         1.0000E+00
             11                  3               5163         1.2500E+00
             11                  4               8576         1.6000E+00
             11                  5              15058         2.0500E+00
             11                  6              25916         2.6000E+00
             11                  7              39206         3.2500E+00
             11                  8              47287         4.0000E+00
             11                  9              50239         4.8500E+00
             11                 10              41346         5.8000E+00
             11                 11              28475         6.8500E+00
             11                 12              15759         8.0000E+00
             11                 13               8111         9.2500E+00
             11                 14               4546         1.0600E+01
             11                 15               2145         1.2050E+01
             11                 16                761         1.3600E+01
             11                 17                180         1.5250E+01
             11                 18                 19         1.7000E+01
             12                 -2                  8         6.5000E-01
             12                 -1                123         5.0000E-01
             12                  0                979         4.5000E-01
             12                  1               2222         5.0000E-01
             12                  2               4683         6.5000E-01
             12                  3               8676         9.0000E-01
             12                  4              14664         1.2500E+00
             12                  5              25696         1.7000E+00
             12                  6              44911         2.2500E+00
             12                  7              65751         2.9000E+00
             12                  8              74645         3.6500E+00
             12                  9              68455         4.5000E+00
             12                 10              52922         5.4500E+00
             12                 11              34455         6.5000E+00
             12                 12              20096         7.6500E+00
             12                 13              10018         8.9000E+00
             12                 14               5379         1.0250E+01
             12                 15               2624         1.1700E+01
             12                 16                827         1.3250E+01
             12                 17                111         1.4900E+01
             12                 18                 22         1.6650E+01
             12                 20                  2         2.0450E+01
             13                 -2                  7         4.0000E-01
             13                 -1                139         2.5000E-01
             13                  0               1663         2.0000E-01
             13                  1               3370         2.5000E-01
             13                  2               7061         4.0000E-01
             13                  3              13521         6.5000E-01
             13                  4              23768         1.0000E+00
             13                  5              40325         1.4500E+00
             13                  6              66239         2.0000E+00
             13                  7              95150         2.6500E+00
             13                  8             103300         3.4000E+00
             13                  9              92150         4.2500E+00
             13                 10              68399         5.2000E+00
             13                 11              44915         6.2500E+00
             13                 12              26278         7.4000E+00
             13                 13              14399         8.6500E+00
             13                 14               7586         1.0000E+01
             13                 15               3747         1.1450E+01
             13                 16               1431         1.3000E+01
             13                 17                419         1.4650E+01
             13                 18                 81         1.6400E+01
             13                 19                 15         1.8250E+01
             13                 20                  2         2.0200E+01
             14                 -2                 26         2.5000E-01
             14                 -1                167         1.0000E-01
             14                  0               2982         5.0000E-02
             14                  1               6402         1.0000E-01
             14                  2              13800         2.5000E-01
             14                  3              24216         5.0000E-01
             14                  4              38105         8.5000E-01
             14                  5              56701         1.3000E+00
             14                  6              80097         1.8500E+00
             14                  7             102459         2.5000E+00
             14                  8             104782         3.2500E+00
             14                  9              93372         4.1000E+00
             14                 10              72729         5.0500E+00
             14                 11              50045         6.1000E+00
             14                 12              29980         7.2500E+00
             14                 13              15971         8.5000E+00
             14                 14               7829         9.8500E+00
             14                 15               3236         1.1300E+01
             14                 16               1366         1.2850E+01
             14                 17                485         1.4500E+01
             14                 18                140         1.6250E+01
             14                 19                 11         1.8100E+01
             14                 20                 23         2.0050E+01
             15                 -2                 16         2.0000E-01
             15                 -1                230         5.0000E-02
             15                  0               5367         0.0000E+00
             15                  1              12380         5.0000E-02
             15                  2              26363         2.0000E-01
             15                  3              44398         4.5000E-01
             15                  4              63981         8.0000E-01
             15                  5              79840         1.2500E+00
             15                  6              87690         1.8000E+00
             15                  7              91177         2.4500E+00
             15                  8              85095         3.2000E+00
             15                  9              71179         4.0500E+00
             15                 10              53944         5.0000E+00
             15                 11              39460         6.0500E+00
             15                 12              23372         7.2000E+00
             15                 13              11041         8.4500E+00
             15                 14               5014         9.8000E+00
             15                 15               2014         1.1250E+01
             15                 16                487         1.2800E+01
             15                 17                198         1.4450E+01
             15                 18                 62         1.6200E+01
             15                 19                 20         1.8050E+01
             15                 20                  2         2.0000E+01
             16                 -3                  1         5.0000E-01
             16                 -2                 30         2.5000E-01
             16                 -1                229         1.0000E-01
             16                  0               8539         5.0000E-02
             16                  1              20098         1.0000E-01
             16                  2              43155         2.5000E-01
             16                  3              70349         5.0000E-01
             16                  4              89717         8.5000E-01
             16                  5              97102         1.3000E+00
             16                  6              90776         1.8500E+00
             16                  7              75023         2.5000E+00
             16                  8              55304         3.2500E+00
             16                  9              38641         4.1000E+00
             16                 10              26047         5.0500E+00
             16                 11              17304         6.1000E+00
             16                 12               9598         7.2500E+00
             16                 13               4153         8.5000E+00
             16                 14               1733         9.8500E+00
             16                 15                654         1.1300E+01
             16                 16                211         1.2850E+01
             16                 17                 68         1.4500E+01
             16                 18                 16         1.6250E+01
             17                 -2                 31         4.0000E-01
             17                 -1                215         2.5000E-01
             17                  0               9797         2.0000E-01
             17                  1              23902         2.5000E-01
             17                  2              49346         4.0000E-01
             17                  3              77745         6.5000E-01
             17                  4              95554         1.0000E+00
             17                  5              98594         1.4500E+00
             17                  6              81361         2.0000E+00
             17                  7              56594         2.6500E+00
             17                  8              32287         3.4000E+00
             17                  9              17788         4.2500E+00
             17                 10               8948         5.2000E+00
             17                 11               4288         6.2500E+00
             17                 12               2103         7.4000E+00
             17                 13                977         8.6500E+00
             17                 14                341         1.0000E+01
             17                 15                138         1.1450E+01
             17                 16                 23         1.3000E+01
             18                 -2                  6         6.5000E-01
             18                 -1                210         5.0000E-01
             18                  0               8333         4.5000E-01
             18                  1              20396         5.0000E-01
             18                  2              40128         6.5000E-01
             18                  3              58793         9.0000E-01
             18                  4              69934         1.2500E+00
             18                  5              68326         1.7000E+00
             18                  6              54509         2.2500E+00
             18                  7              35380         2.9000E+00
             18                  8              19439         3.6500E+00
             18                  9               8799         4.5000E+00
             18                 10               3567         5.4500E+00
             18                 11               1104         6.5000E+00
             18                 12                376         7.6500E+00
             18                 13                132         8.9000E+00
             18                 14                 30         1.0250E+01
             18                 15                  4         1.1700E+01
             19                 -2                  4         1.0000E+00
             19                 -1                 81         8.5000E-01
             19                  0               3999         8.0000E-01
             19                  1               9920         8.5000E-01
             19                  2              18772         1.0000E+00
             19                  3              27872         1.2500E+00
             19                  4              33513         1.6000E+00
             19                  5              32432         2.0500E+00
             19                  6              26219         2.6000E+00
             19                  7              17250         3.2500E+00
             19                  8               8943         4.0000E+00
             19                  9               3531         4.8500E+00
             19                 10               1273         5.8000E+00
             19                 11                332         6.8500E+00
             19                 12                 68         8.0000E+00
             19                 13                 10         9.2500E+00
             20                 -2                  1         1.4500E+00
             20                 -1                 27         1.3000E+00
             20                  0               1080         1.2500E+00
             20                  1               2637         1.3000E+00
             20                  2               5012         1.4500E+00
             20                  3               8292         1.7000E+00
             20                  4              10321         2.0500E+00
             20                  5              10389         2.5000E+00
             20                  6               8704         3.0500E+00
             20                  7               5497         3.7000E+00
             20                  8               2737         4.4500E+00
             20                  9               1176         5.3000E+00
             20                 10                332         6.2500E+00
             20                 11                 93         7.3000E+00
             20                 12                 20         8.4500E+00
             21                 -1                  6         1.8500E+00
             21                  0                 86         1.8000E+00
             21                  1                353         1.8500E+00
             21                  2                643         2.0000E+00
             21                  3               1253         2.2500E+00
             21                  4               1856         2.6000E+00
             21                  5               1981         3.0500E+00
             21                  6               1701         3.6000E+00
             21                  7               1147         4.2500E+00
             21                  8                505         5.0000E+00
             21                  9                176         5.8500E+00
             21                 10                 48         6.8000E+00
             21                 11                  2         7.8500E+00
             22                  0                  5         2.4500E+00
             22                  1                 68         2.5000E+00
             22                  2                129         2.6500E+00
             22                  3                207         2.9000E+00
             22                  4                310         3.2500E+00
             22                  5                401         3.7000E+00
             22                  6                330         4.2500E+00
             22                  7                213         4.9000E+00
             22                  8                 83         5.6500E+00
             22                  9                 26         6.5000E+00
