  #Crystal Size      Water Content              Count               Bias
              2                  6                  1         1.4500E+01
              2                  7                  2         1.5650E+01
              2                  8                  7         1.6900E+01
              3                  3                  5         1.0400E+01
              3                  5                  9         1.2200E+01
              3                  6                  1         1.3250E+01
              3                  7                 19         1.4400E+01
              3                  8                 16         1.5650E+01
              3                 10                  2         1.8450E+01
              4                  2                  2         8.5000E+00
              4                  3                 11         9.2500E+00
              4                  4                  3         1.0100E+01
              4                  5                 39         1.1050E+01
              4                  6                 28         1.2100E+01
              4                  7                123         1.3250E+01
              4                  8                164         1.4500E+01
              4                  9                 27         1.5850E+01
              4                 10                 10         1.7300E+01
              4                 11                  8         1.8850E+01
              4                 12                  4         2.0500E+01
              4                 13                  9         2.2250E+01
              5                  2                  6         7.4500E+00
              5                  3                 34         8.2000E+00
              5                  4                139         9.0500E+00
              5                  5                165         1.0000E+01
              5                  6                353         1.1050E+01
              5                  7                459         1.2200E+01
              5                  8                372         1.3450E+01
              5                  9                106         1.4800E+01
              5                 10                 51         1.6250E+01
              5                 11                 86         1.7800E+01
              5                 12                 26         1.9450E+01
              5                 13                 37         2.1200E+01
              5                 14                  3         2.3050E+01
              6                  0                  4         5.3000E+00
              6                  1                  7         5.8500E+00
              6                  2                 69         6.5000E+00
              6                  3                168         7.2500E+00
              6                  4                475         8.1000E+00
              6                  5                766         9.0500E+00
              6                  6                982         1.0100E+01
              6                  7               1445         1.1250E+01
              6                  8               1121         1.2500E+01
              6                  9                574         1.3850E+01
              6                 10                410         1.5300E+01
              6                 11                165         1.6850E+01
              6                 12                141         1.8500E+01
              6                 13                 72         2.0250E+01
              6                 14                 39         2.2100E+01
              6                 15                  3         2.4050E+01
              7                  0                  4         4.4500E+00
              7                  1                 24         5.0000E+00
              7                  2                247         5.6500E+00
              7                  3                843         6.4000E+00
              7                  4               1722         7.2500E+00
              7                  5               2622         8.2000E+00
              7                  6               3052         9.2500E+00
              7                  7               2953         1.0400E+01
              7                  8               2632         1.1650E+01
              7                  9               1800         1.3000E+01
              7                 10               1294         1.4450E+01
              7                 11                697         1.6000E+01
              7                 12                494         1.7650E+01
              7                 13                238         1.9400E+01
              7                 14                 94         2.1250E+01
              7                 15                  7         2.3200E+01
              8                  0                 20         3.7000E+00
              8                  1                108         4.2500E+00
              8                  2                485         4.9000E+00
              8                  3               1685         5.6500E+00
              8                  4               4026         6.5000E+00
              8                  5               6055         7.4500E+00
              8                  6               7320         8.5000E+00
              8                  7               6328         9.6500E+00
              8                  8               5258         1.0900E+01
              8                  9               3784         1.2250E+01
              8                 10               2486         1.3700E+01
              8                 11               1594         1.5250E+01
              8                 12                760         1.6900E+01
              8                 13                322         1.8650E+01
              8                 14                 85         2.0500E+01
              8                 15                  6         2.2450E+01
              8                 16                  1         2.4500E+01
              9                  0                  8         3.0500E+00
              9                  1                148         3.6000E+00
              9                  2                861         4.2500E+00
              9                  3               3064         5.0000E+00
              9                  4               6867         5.8500E+00
              9                  5              11124         6.8000E+00
              9                  6              13000         7.8500E+00
              9                  7              11724         9.0000E+00
              9                  8               8819         1.0250E+01
              9                  9               6258         1.1600E+01
              9                 10               3487         1.3050E+01
              9                 11               1549         1.4600E+01
              9                 12                862         1.6250E+01
              9                 13                259         1.8000E+01
              9                 14                117         1.9850E+01
              9                 15                 16         2.1800E+01
             10                  0                 77         2.5000E+00
             10                  1                439         3.0500E+00
             10                  2               1844         3.7000E+00
             10                  3               5349         4.4500E+00
             10                  4              11682         5.3000E+00
             10                  5              17702         6.2500E+00
             10                  6              20248         7.3000E+00
             10                  7              16808         8.4500E+00
             10                  8              11878         9.7000E+00
             10                  9               7275         1.1050E+01
             10                 10               4131         1.2500E+01
             10                 11               2066         1.4050E+01
             10                 12                810         1.5700E+01
             10                 13                200         1.7450E+01
             10                 14                 36         1.9300E+01
             10                 15                  6         2.1250E+01
             11                 -1                  5         1.6000E+00
             11                  0                360         2.0500E+00
             11                  1               1219         2.6000E+00
             11                  2               4332         3.2500E+00
             11                  3               9781         4.0000E+00
             11                  4              18138         4.8500E+00
             11                  5              25320         5.8000E+00
             11                  6              26598         6.8500E+00
             11                  7              21226         8.0000E+00
             11                  8              13815         9.2500E+00
             11                  9               7137         1.0600E+01
             11                 10               3656         1.2050E+01
             11                 11               1543         1.3600E+01
             11                 12                498         1.5250E+01
             11                 13                 79         1.7000E+01
             11                 14                 21         1.8850E+01
             11                 15                  3         2.0800E+01
             11                 16                  1         2.2850E+01
             12                 -3                  1         6.5000E-01
             12                 -2                 22         9.0000E-01
             12                 -1                 32         1.2500E+00
             12                  0               1429         1.7000E+00
             12                  1               4370         2.2500E+00
             12                  2              10112         2.9000E+00
             12                  3              17676         3.6500E+00
             12                  4              26000         4.5000E+00
             12                  5              31285         5.4500E+00
             12                  6              28631         6.5000E+00
             12                  7              20438         7.6500E+00
             12                  8              12201         8.9000E+00
             12                  9               5815         1.0250E+01
             12                 10               2403         1.1700E+01
             12                 11               1110         1.3250E+01
             12                 12                313         1.4900E+01
             12                 13                 71         1.6650E+01
             12                 14                 16         1.8500E+01
             12                 15                  3         2.0450E+01
             13                 -3                  1         4.0000E-01
             13                 -2                 20         6.5000E-01
             13                 -1                157         1.0000E+00
             13                  0               4718         1.4500E+00
             13                  1              11310         2.0000E+00
             13                  2              23407         2.6500E+00
             13                  3              33618         3.4000E+00
             13                  4              39134         4.2500E+00
             13                  5              35151         5.2000E+00
             13                  6              27295         6.2500E+00
             13                  7              16639         7.4000E+00
             13                  8               8244         8.6500E+00
             13                  9               3339         1.0000E+01
             13                 10               1043         1.1450E+01
             13                 11                350         1.3000E+01
             13                 12                 52         1.4650E+01
             13                 13                 25         1.6400E+01
             13                 14                  5         1.8250E+01
             14                 -3                  7         2.5000E-01
             14                 -2                 93         5.0000E-01
             14                 -1                430         8.5000E-01
             14                  0              13185         1.3000E+00
             14                  1              26105         1.8500E+00
             14                  2              46606         2.5000E+00
             14                  3              64168         3.2500E+00
             14                  4              60877         4.1000E+00
             14                  5              44647         5.0500E+00
             14                  6              27038         6.1000E+00
             14                  7              13716         7.2500E+00
             14                  8               5851         8.5000E+00
             14                  9               1974         9.8500E+00
             14                 10                441         1.1300E+01
             14                 11                 46         1.2850E+01
             14                 12                  5         1.4500E+01
             14                 13                  2         1.6250E+01
             15                 -3                 39         2.0000E-01
             15                 -2                275         4.5000E-01
             15                 -1               1319         8.0000E-01
             15                  0              27060         1.2500E+00
             15                  1              50322         1.8000E+00
             15                  2              84408         2.4500E+00
             15                  3             102784         3.2000E+00
             15                  4              90811         4.0500E+00
             15                  5              59331         5.0000E+00
             15                  6              31806         6.0500E+00
             15                  7              13629         7.2000E+00
             15                  8               4735         8.4500E+00
             15                  9               1319         9.8000E+00
             15                 10                208         1.1250E+01
             15                 11                 41         1.2800E+01
             16                 -5                  2         5.0000E-02
             16                 -4                 15         1.0000E-01
             16                 -3                255         2.5000E-01
             16                 -2                750         5.0000E-01
             16                 -1               3058         8.5000E-01
             16                  0              51016         1.3000E+00
             16                  1              79790         1.8500E+00
             16                  2             119727         2.5000E+00
             16                  3             133981         3.2500E+00
             16                  4             112669         4.1000E+00
             16                  5              72429         5.0500E+00
             16                  6              35398         6.1000E+00
             16                  7              13800         7.2500E+00
             16                  8               4051         8.5000E+00
             16                  9                803         9.8500E+00
             16                 10                133         1.1300E+01
             16                 11                 12         1.2850E+01
             17                 -6                  1         2.5000E-01
             17                 -5                 29         2.0000E-01
             17                 -4                 71         2.5000E-01
             17                 -3                596         4.0000E-01
             17                 -2               1875         6.5000E-01
             17                 -1               6390         1.0000E+00
             17                  0              81551         1.4500E+00
             17                  1             104293         2.0000E+00
             17                  2             137105         2.6500E+00
             17                  3             138440         3.4000E+00
             17                  4             110169         4.2500E+00
             17                  5              66182         5.2000E+00
             17                  6              30853         6.2500E+00
             17                  7              11486         7.4000E+00
             17                  8               3212         8.6500E+00
             17                  9                609         1.0000E+01
             17                 10                103         1.1450E+01
             17                 11                 28         1.3000E+01
             17                 12                  2         1.4650E+01
             18                 -6                 23         5.0000E-01
             18                 -5                102         4.5000E-01
             18                 -4                375         5.0000E-01
             18                 -3               1187         6.5000E-01
             18                 -2               4453         9.0000E-01
             18                 -1              12804         1.2500E+00
             18                  0             112190         1.7000E+00
             18                  1             119482         2.2500E+00
             18                  2             134542         2.9000E+00
             18                  3             120674         3.6500E+00
             18                  4              86624         4.5000E+00
             18                  5              48617         5.4500E+00
             18                  6              21496         6.5000E+00
             18                  7               7733         7.6500E+00
             18                  8               1952         8.9000E+00
             18                  9                453         1.0250E+01
             18                 10                 33         1.1700E+01
             18                 11                 18         1.3250E+01
             18                 12                  1         1.4900E+01
             19                 -7                  5         1.0000E+00
             19                 -6                 89         8.5000E-01
             19                 -5                280         8.0000E-01
             19                 -4                887         8.5000E-01
             19                 -3               2805         1.0000E+00
             19                 -2               7307         1.2500E+00
             19                 -1              18596         1.6000E+00
             19                  0             124141         2.0500E+00
             19                  1             114479         2.6000E+00
             19                  2             116093         3.2500E+00
             19                  3              93840         4.0000E+00
             19                  4              59167         4.8500E+00
             19                  5              30899         5.8000E+00
             19                  6              12718         6.8500E+00
             19                  7               4383         8.0000E+00
             19                  8               1156         9.2500E+00
             19                  9                227         1.0600E+01
             19                 10                 12         1.2050E+01
             20                 -7                  5         1.4500E+00
             20                 -6                 80         1.3000E+00
             20                 -5                438         1.2500E+00
             20                 -4               1422         1.3000E+00
             20                 -3               4080         1.4500E+00
             20                 -2              10019         1.7000E+00
             20                 -1              20906         2.0500E+00
             20                  0             113542         2.5000E+00
             20                  1              90965         3.0500E+00
             20                  2              82164         3.7000E+00
             20                  3              61191         4.4500E+00
             20                  4              37430         5.3000E+00
             20                  5              17195         6.2500E+00
             20                  6               6236         7.3000E+00
             20                  7               2117         8.4500E+00
             20                  8                399         9.7000E+00
             20                  9                 60         1.1050E+01
             21                 -7                  1         2.0000E+00
             21                 -6                 58         1.8500E+00
             21                 -5                322         1.8000E+00
             21                 -4               1353         1.8500E+00
             21                 -3               3959         2.0000E+00
             21                 -2               9760         2.2500E+00
             21                 -1              18036         2.6000E+00
             21                  0              79841         3.0500E+00
             21                  1              55720         3.6000E+00
             21                  2              46530         4.2500E+00
             21                  3              32856         5.0000E+00
             21                  4              18918         5.8500E+00
             21                  5               8437         6.8000E+00
             21                  6               2814         7.8500E+00
             21                  7                961         9.0000E+00
             21                  8                310         1.0250E+01
             21                  9                 43         1.1600E+01
             21                 10                  7         1.3050E+01
             22                 -7                  1         2.6500E+00
             22                 -6                 24         2.5000E+00
             22                 -5                229         2.4500E+00
             22                 -4                949         2.5000E+00
             22                 -3               2932         2.6500E+00
             22                 -2               6566         2.9000E+00
             22                 -1              10859         3.2500E+00
             22                  0              40218         3.7000E+00
             22                  1              24455         4.2500E+00
             22                  2              19347         4.9000E+00
             22                  3              13704         5.6500E+00
             22                  4               7521         6.5000E+00
             22                  5               3096         7.4500E+00
             22                  6                991         8.5000E+00
             22                  7                260         9.6500E+00
             22                  8                 68         1.0900E+01
             22                  9                  3         1.2250E+01
             23                 -6                 24         3.2500E+00
             23                 -5                128         3.2000E+00
             23                 -4                463         3.2500E+00
             23                 -3               1115         3.4000E+00
             23                 -2               2648         3.6500E+00
             23                 -1               4324         4.0000E+00
             23                  0              13796         4.4500E+00
             23                  1               7923         5.0000E+00
             23                  2               5706         5.6500E+00
             23                  3               3722         6.4000E+00
             23                  4               2025         7.2500E+00
             23                  5                782         8.2000E+00
             23                  6                230         9.2500E+00
             23                  7                 38         1.0400E+01
             23                  8                  5         1.1650E+01
             24                 -5                 23         4.0500E+00
             24                 -4                105         4.1000E+00
             24                 -3                136         4.2500E+00
             24                 -2                460         4.5000E+00
             24                 -1                907         4.8500E+00
             24                  0               2447         5.3000E+00
             24                  1               1075         5.8500E+00
             24                  2                844         6.5000E+00
             24                  3                553         7.2500E+00
             24                  4                273         8.1000E+00
             24                  5                102         9.0500E+00
             24                  6                 39         1.0100E+01
             24                  7                  8         1.1250E+01
