  #Crystal Size      Water Content              Count               Bias
             15                 -4                  2         1.1050E+01
             15                 -2                  3         1.3450E+01
             15                  0                  4         1.6250E+01
             15                  2                  1         1.9450E+01
             16                 -4                 27         1.0100E+01
             16                 -3                 19         1.1250E+01
             16                 -2                 32         1.2500E+01
             16                 -1                 26         1.3850E+01
             16                  0                 24         1.5300E+01
             16                  1                 13         1.6850E+01
             16                  2                  1         1.8500E+01
             16                  3                  3         2.0250E+01
             17                 -6                  5         7.2500E+00
             17                 -5                 29         8.2000E+00
             17                 -4                212         9.2500E+00
             17                 -3                329         1.0400E+01
             17                 -2                471         1.1650E+01
             17                 -1                300         1.3000E+01
             17                  0                544         1.4450E+01
             17                  1                142         1.6000E+01
             17                  2                 23         1.7650E+01
             17                  3                 27         1.9400E+01
             17                  4                  5         2.1250E+01
             18                 -7                  1         5.6500E+00
             18                 -6                 73         6.5000E+00
             18                 -5                441         7.4500E+00
             18                 -4               1432         8.5000E+00
             18                 -3               2774         9.6500E+00
             18                 -2               3266         1.0900E+01
             18                 -1               2212         1.2250E+01
             18                  0               4176         1.3700E+01
             18                  1                999         1.5250E+01
             18                  2                251         1.6900E+01
             18                  3                 97         1.8650E+01
             18                  4                 25         2.0500E+01
             18                  5                  1         2.2450E+01
             19                 -8                  1         4.2500E+00
             19                 -7                 28         5.0000E+00
             19                 -6                414         5.8500E+00
             19                 -5               2744         6.8000E+00
             19                 -4               8073         7.8500E+00
             19                 -3              14954         9.0000E+00
             19                 -2              16714         1.0250E+01
             19                 -1              12547         1.1600E+01
             19                  0              21101         1.3050E+01
             19                  1               5205         1.4600E+01
             19                  2               1392         1.6250E+01
             19                  3                428         1.8000E+01
             19                  4                 86         1.9850E+01
             19                  5                 22         2.1800E+01
             19                  6                  1         2.3850E+01
             20                 -8                  7         3.7000E+00
             20                 -7                260         4.4500E+00
             20                 -6               2463         5.3000E+00
             20                 -5              11764         6.2500E+00
             20                 -4              33218         7.3000E+00
             20                 -3              55881         8.4500E+00
             20                 -2              61173         9.7000E+00
             20                 -1              44701         1.1050E+01
             20                  0              74570         1.2500E+01
             20                  1              18774         1.4050E+01
             20                  2               5089         1.5700E+01
             20                  3               1170         1.7450E+01
             20                  4                357         1.9300E+01
             20                  5                 48         2.1250E+01
             20                  6                  2         2.3300E+01
             21                 -9                 12         2.6000E+00
             21                 -8                 71         3.2500E+00
             21                 -7               1059         4.0000E+00
             21                 -6               7936         4.8500E+00
             21                 -5              35963         5.8000E+00
             21                 -4              91697         6.8500E+00
             21                 -3             148752         8.0000E+00
             21                 -2             156018         9.2500E+00
             21                 -1             112726         1.0600E+01
             21                  0             178741         1.2050E+01
             21                  1              41866         1.3600E+01
             21                  2              11482         1.5250E+01
             21                  3               2694         1.7000E+01
             21                  4                669         1.8850E+01
             21                  5                100         2.0800E+01
             21                  6                  2         2.2850E+01
             22                 -9                  8         2.2500E+00
             22                 -8                158         2.9000E+00
             22                 -7               2709         3.6500E+00
             22                 -6              18444         4.5000E+00
             22                 -5              73853         5.4500E+00
             22                 -4             178989         6.5000E+00
             22                 -3             277631         7.6500E+00
             22                 -2             283680         8.9000E+00
             22                 -1             198659         1.0250E+01
             22                  0             290008         1.1700E+01
             22                  1              64433         1.3250E+01
             22                  2              17584         1.4900E+01
             22                  3               3685         1.6650E+01
             22                  4                846         1.8500E+01
             22                  5                151         2.0450E+01
             23                 -9                  8         2.0000E+00
             23                 -8                272         2.6500E+00
             23                 -7               3763         3.4000E+00
             23                 -6              25814         4.2500E+00
             23                 -5              97373         5.2000E+00
             23                 -4             224372         6.2500E+00
             23                 -3             330287         7.4000E+00
             23                 -2             318867         8.6500E+00
             23                 -1             212273         1.0000E+01
             23                  0             279801         1.1450E+01
             23                  1              57503         1.3000E+01
             23                  2              15646         1.4650E+01
             23                  3               3368         1.6400E+01
             23                  4                531         1.8250E+01
             23                  5                103         2.0200E+01
             24                 -8                100         2.5000E+00
             24                 -7               2502         3.2500E+00
             24                 -6              16731         4.1000E+00
             24                 -5              63499         5.0500E+00
             24                 -4             134863         6.1000E+00
             24                 -3             186213         7.2500E+00
             24                 -2             164888         8.5000E+00
             24                 -1             101264         9.8500E+00
             24                  0             117007         1.1300E+01
             24                  1              22868         1.2850E+01
             24                  2               6222         1.4500E+01
             24                  3               1708         1.6250E+01
             24                  4                257         1.8100E+01
             24                  5                 94         2.0050E+01
