  #Crystal Size      Water Content              Count               Bias
              0                  6                 49         5.0500E+00
              0                  7                641         5.2000E+00
              0                  8               2378         5.4500E+00
              0                  9               8274         5.8000E+00
              0                 10              20957         6.2500E+00
              0                 11              35343         6.8000E+00
              0                 12              46007         7.4500E+00
              0                 13              50072         8.2000E+00
              0                 14              44766         9.0500E+00
              0                 15              31572         1.0000E+01
              0                 16              19191         1.1050E+01
              0                 17               9297         1.2200E+01
              0                 18               3851         1.3450E+01
              0                 19               1309         1.4800E+01
              0                 20                495         1.6250E+01
              0                 21                119         1.7800E+01
              0                 22                 18         1.9450E+01
              0                 23                  5         2.1200E+01
              1                  5                  8         4.0500E+00
              1                  6                154         4.1000E+00
              1                  7                762         4.2500E+00
              1                  8               3424         4.5000E+00
              1                  9              11570         4.8500E+00
              1                 10              26772         5.3000E+00
              1                 11              49083         5.8500E+00
              1                 12              69371         6.5000E+00
              1                 13              81483         7.2500E+00
              1                 14              78327         8.1000E+00
              1                 15              57661         9.0500E+00
              1                 16              36020         1.0100E+01
              1                 17              19226         1.1250E+01
              1                 18               8904         1.2500E+01
              1                 19               3372         1.3850E+01
              1                 20                877         1.5300E+01
              1                 21                159         1.6850E+01
              1                 22                 34         1.8500E+01
              2                  5                  9         3.2000E+00
              2                  6                103         3.2500E+00
              2                  7                707         3.4000E+00
              2                  8               2883         3.6500E+00
              2                  9               7630         4.0000E+00
              2                 10              16220         4.4500E+00
              2                 11              31038         5.0000E+00
              2                 12              41901         5.6500E+00
              2                 13              46974         6.4000E+00
              2                 14              41981         7.2500E+00
              2                 15              30277         8.2000E+00
              2                 16              18417         9.2500E+00
              2                 17               8894         1.0400E+01
              2                 18               3746         1.1650E+01
              2                 19               1301         1.3000E+01
              2                 20                392         1.4450E+01
              2                 21                128         1.6000E+01
              2                 22                 26         1.7650E+01
              2                 24                 10         2.1250E+01
              3                  5                  7         2.4500E+00
              3                  6                217         2.5000E+00
              3                  7               1176         2.6500E+00
              3                  8               3737         2.9000E+00
              3                  9               9358         3.2500E+00
              3                 10              18179         3.7000E+00
              3                 11              30953         4.2500E+00
              3                 12              41763         4.9000E+00
              3                 13              48051         5.6500E+00
              3                 14              44994         6.5000E+00
              3                 15              32601         7.4500E+00
              3                 16              20288         8.5000E+00
              3                 17               9283         9.6500E+00
              3                 18               3850         1.0900E+01
              3                 19               1257         1.2250E+01
              3                 20                498         1.3700E+01
              3                 21                107         1.5250E+01
              3                 22                 28         1.6900E+01
              3                 23                  2         1.8650E+01
              4                  4                  4         1.8500E+00
              4                  5                 34         1.8000E+00
              4                  6                320         1.8500E+00
              4                  7               1464         2.0000E+00
              4                  8               4793         2.2500E+00
              4                  9              10277         2.6000E+00
              4                 10              18479         3.0500E+00
              4                 11              29816         3.6000E+00
              4                 12              41344         4.2500E+00
              4                 13              48177         5.0000E+00
              4                 14              46912         5.8500E+00
              4                 15              36172         6.8000E+00
              4                 16              24367         7.8500E+00
              4                 17              13173         9.0000E+00
              4                 18               5553         1.0250E+01
              4                 19               2221         1.1600E+01
              4                 20                645         1.3050E+01
              4                 21                215         1.4600E+01
              4                 22                 40         1.6250E+01
              4                 23                  2         1.8000E+01
              5                  4                  1         1.3000E+00
              5                  5                 74         1.2500E+00
              5                  6                380         1.3000E+00
              5                  7               1191         1.4500E+00
              5                  8               3550         1.7000E+00
              5                  9               8064         2.0500E+00
              5                 10              15727         2.5000E+00
              5                 11              25375         3.0500E+00
              5                 12              35824         3.7000E+00
              5                 13              44554         4.4500E+00
              5                 14              47906         5.3000E+00
              5                 15              42546         6.2500E+00
              5                 16              30987         7.3000E+00
              5                 17              18902         8.4500E+00
              5                 18               9019         9.7000E+00
              5                 19               3980         1.1050E+01
              5                 20               1195         1.2500E+01
              5                 21                348         1.4050E+01
              5                 22                131         1.5700E+01
              5                 23                 55         1.7450E+01
              5                 24                 41         1.9300E+01
              5                 25                  3         2.1250E+01
              6                  4                 18         8.5000E-01
              6                  5                176         8.0000E-01
              6                  6                753         8.5000E-01
              6                  7               1867         1.0000E+00
              6                  8               4705         1.2500E+00
              6                  9              10503         1.6000E+00
              6                 10              19255         2.0500E+00
              6                 11              29519         2.6000E+00
              6                 12              41850         3.2500E+00
              6                 13              53645         4.0000E+00
              6                 14              56625         4.8500E+00
              6                 15              51784         5.8000E+00
              6                 16              39448         6.8500E+00
              6                 17              25233         8.0000E+00
              6                 18              13143         9.2500E+00
              6                 19               6018         1.0600E+01
              6                 20               2160         1.2050E+01
              6                 21                689         1.3600E+01
              6                 22                285         1.5250E+01
              6                 23                 98         1.7000E+01
              6                 24                122         1.8850E+01
              6                 25                  3         2.0800E+01
              7                  4                 36         5.0000E-01
              7                  5                333         4.5000E-01
              7                  6                793         5.0000E-01
              7                  7               2113         6.5000E-01
              7                  8               4939         9.0000E-01
              7                  9              10726         1.2500E+00
              7                 10              20728         1.7000E+00
              7                 11              32052         2.2500E+00
              7                 12              43405         2.9000E+00
              7                 13              54102         3.6500E+00
              7                 14              61331         4.5000E+00
              7                 15              57623         5.4500E+00
              7                 16              46389         6.5000E+00
              7                 17              31927         7.6500E+00
              7                 18              18281         8.9000E+00
              7                 19               8535         1.0250E+01
              7                 20               3375         1.1700E+01
              7                 21               1226         1.3250E+01
              7                 22                424         1.4900E+01
              7                 23                128         1.6650E+01
              7                 24                 93         1.8500E+01
              7                 25                 18         2.0450E+01
              8                  3                  1         4.0000E-01
              8                  4                 72         2.5000E-01
              8                  5                263         2.0000E-01
              8                  6                568         2.5000E-01
              8                  7               1428         4.0000E-01
              8                  8               3484         6.5000E-01
              8                  9               8427         1.0000E+00
              8                 10              17176         1.4500E+00
              8                 11              28542         2.0000E+00
              8                 12              40403         2.6500E+00
              8                 13              55226         3.4000E+00
              8                 14              68229         4.2500E+00
              8                 15              69161         5.2000E+00
              8                 16              57732         6.2500E+00
              8                 17              41553         7.4000E+00
              8                 18              24347         8.6500E+00
              8                 19              12257         1.0000E+01
              8                 20               5042         1.1450E+01
              8                 21               1479         1.3000E+01
              8                 22                535         1.4650E+01
              8                 23                 84         1.6400E+01
              8                 24                 15         1.8250E+01
              8                 25                  4         2.0200E+01
              9                  4                 32         1.0000E-01
              9                  5                104         5.0000E-02
              9                  6                347         1.0000E-01
              9                  7               1049         2.5000E-01
              9                  8               2396         5.0000E-01
              9                  9               6161         8.5000E-01
              9                 10              13206         1.3000E+00
              9                 11              23643         1.8500E+00
              9                 12              36266         2.5000E+00
              9                 13              54385         3.2500E+00
              9                 14              74785         4.1000E+00
              9                 15              81853         5.0500E+00
              9                 16              72696         6.1000E+00
              9                 17              54575         7.2500E+00
              9                 18              33387         8.5000E+00
              9                 19              15423         9.8500E+00
              9                 20               6285         1.1300E+01
              9                 21               1670         1.2850E+01
              9                 22                359         1.4500E+01
              9                 23                 35         1.6250E+01
              9                 24                  4         1.8100E+01
             10                  4                  2         5.0000E-02
             10                  5                 39         0.0000E+00
             10                  6                218         5.0000E-02
             10                  7                738         2.0000E-01
             10                  8               2004         4.5000E-01
             10                  9               5159         8.0000E-01
             10                 10              12047         1.2500E+00
             10                 11              22474         1.8000E+00
             10                 12              33842         2.4500E+00
             10                 13              51895         3.2000E+00
             10                 14              74542         4.0500E+00
             10                 15              91020         5.0000E+00
             10                 16              86684         6.0500E+00
             10                 17              64186         7.2000E+00
             10                 18              36837         8.4500E+00
             10                 19              16630         9.8000E+00
             10                 20               6045         1.1250E+01
             10                 21               1498         1.2800E+01
             10                 22                341         1.4450E+01
             10                 23                 73         1.6200E+01
             10                 24                 24         1.8050E+01
             11                  5                 14         5.0000E-02
             11                  6                 22         1.0000E-01
             11                  7                358         2.5000E-01
             11                  8               1490         5.0000E-01
             11                  9               4686         8.5000E-01
             11                 10              10312         1.3000E+00
             11                 11              20010         1.8500E+00
             11                 12              29940         2.5000E+00
             11                 13              41329         3.2500E+00
             11                 14              62881         4.1000E+00
             11                 15              86626         5.0500E+00
             11                 16              89344         6.1000E+00
             11                 17              68973         7.2500E+00
             11                 18              37932         8.5000E+00
             11                 19              16979         9.8500E+00
             11                 20               5752         1.1300E+01
             11                 21               1643         1.2850E+01
             11                 22                298         1.4500E+01
             11                 23                 91         1.6250E+01
             11                 24                 12         1.8100E+01
             12                  4                  1         2.5000E-01
             12                  5                 10         2.0000E-01
             12                  6                 30         2.5000E-01
             12                  7                142         4.0000E-01
             12                  8                650         6.5000E-01
             12                  9               1858         1.0000E+00
             12                 10               4736         1.4500E+00
             12                 11               9917         2.0000E+00
             12                 12              15609         2.6500E+00
             12                 13              23145         3.4000E+00
             12                 14              39583         4.2500E+00
             12                 15              60257         5.2000E+00
             12                 16              69230         6.2500E+00
             12                 17              55249         7.4000E+00
             12                 18              32128         8.6500E+00
             12                 19              13839         1.0000E+01
             12                 20               4123         1.1450E+01
             12                 21               1074         1.3000E+01
             12                 22                389         1.4650E+01
             12                 23                100         1.6400E+01
             12                 24                 12         1.8250E+01
             13                  6                  1         5.0000E-01
             13                  7                 25         6.5000E-01
             13                  8                189         9.0000E-01
             13                  9                669         1.2500E+00
             13                 10               1545         1.7000E+00
             13                 11               3225         2.2500E+00
             13                 12               5048         2.9000E+00
             13                 13               8527         3.6500E+00
             13                 14              17304         4.5000E+00
             13                 15              28685         5.4500E+00
             13                 16              34833         6.5000E+00
             13                 17              27275         7.6500E+00
             13                 18              16269         8.9000E+00
             13                 19               6707         1.0250E+01
             13                 20               1799         1.1700E+01
             13                 21                515         1.3250E+01
             13                 22                116         1.4900E+01
             13                 23                 15         1.6650E+01
             13                 24                  6         1.8500E+01
             14                  7                  9         1.0000E+00
             14                  8                 30         1.2500E+00
             14                  9                110         1.6000E+00
             14                 10                170         2.0500E+00
             14                 11                398         2.6000E+00
             14                 12                807         3.2500E+00
             14                 13               1910         4.0000E+00
             14                 14               4481         4.8500E+00
             14                 15               8161         5.8000E+00
             14                 16               9651         6.8500E+00
             14                 17               7644         8.0000E+00
             14                 18               4329         9.2500E+00
             14                 19               1665         1.0600E+01
             14                 20                449         1.2050E+01
             14                 21                124         1.3600E+01
             14                 22                 12         1.5250E+01
             14                 23                  1         1.7000E+01
             15                  8                  8         1.7000E+00
             15                  9                  7         2.0500E+00
             15                 10                  9         2.5000E+00
             15                 11                 37         3.0500E+00
             15                 12                 85         3.7000E+00
             15                 13                241         4.4500E+00
             15                 14                606         5.3000E+00
             15                 15                872         6.2500E+00
             15                 16               1099         7.3000E+00
             15                 17                822         8.4500E+00
             15                 18                533         9.7000E+00
             15                 19                141         1.1050E+01
             15                 20                 55         1.2500E+01
             15                 21                  3         1.4050E+01
             15                 22                  1         1.5700E+01
             16                  9                  2         2.6000E+00
             16                 11                  1         3.6000E+00
             16                 12                  3         4.2500E+00
             16                 13                  1         5.0000E+00
             16                 14                 11         5.8500E+00
             16                 15                 39         6.8000E+00
             16                 16                 28         7.8500E+00
             16                 17                 39         9.0000E+00
             16                 18                 16         1.0250E+01
             17                 18                  2         1.0900E+01
