  #Crystal Size      Water Content              Count               Bias
             41                 18                  3         2.5000E-01
             42                 17                  3         6.5000E-01
             42                 18                 10         4.0000E-01
             42                 19                 15         2.5000E-01
             42                 20                  1         2.0000E-01
             42                 21                  2         2.5000E-01
             42                 22                 10         4.0000E-01
             42                 23                  2         6.5000E-01
             42                 24                  1         1.0000E+00
             42                 25                  1         1.4500E+00
             43                 16                  1         1.2500E+00
             43                 17                 21         9.0000E-01
             43                 18                 19         6.5000E-01
             43                 19                 39         5.0000E-01
             43                 20                 42         4.5000E-01
             43                 21                 43         5.0000E-01
             43                 22                101         6.5000E-01
             43                 23                 48         9.0000E-01
             43                 24                 36         1.2500E+00
             43                 25                 19         1.7000E+00
             43                 26                  2         2.2500E+00
             43                 27                  2         2.9000E+00
             43                 28                  5         3.6500E+00
             44                 16                 11         1.6000E+00
             44                 17                 44         1.2500E+00
             44                 18                 55         1.0000E+00
             44                 19                122         8.5000E-01
             44                 20                212         8.0000E-01
             44                 21                278         8.5000E-01
             44                 22                316         1.0000E+00
             44                 23                253         1.2500E+00
             44                 24                183         1.6000E+00
             44                 25                 77         2.0500E+00
             44                 26                 39         2.6000E+00
             44                 27                 11         3.2500E+00
             44                 28                  5         4.0000E+00
             44                 29                  1         4.8500E+00
             45                 16                 34         2.0500E+00
             45                 17                100         1.7000E+00
             45                 18                210         1.4500E+00
             45                 19                398         1.3000E+00
             45                 20                702         1.2500E+00
             45                 21                976         1.3000E+00
             45                 22                903         1.4500E+00
             45                 23                906         1.7000E+00
             45                 24                578         2.0500E+00
             45                 25                290         2.5000E+00
             45                 26                130         3.0500E+00
             45                 27                 39         3.7000E+00
             45                 28                 19         4.4500E+00
             45                 29                  3         5.3000E+00
             46                 14                  1         3.6000E+00
             46                 15                 35         3.0500E+00
             46                 16                 67         2.6000E+00
             46                 17                210         2.2500E+00
             46                 18                604         2.0000E+00
             46                 19               1131         1.8500E+00
             46                 20               1737         1.8000E+00
             46                 21               2205         1.8500E+00
             46                 22               2401         2.0000E+00
             46                 23               2135         2.2500E+00
             46                 24               1463         2.6000E+00
             46                 25                834         3.0500E+00
             46                 26                381         3.6000E+00
             46                 27                125         4.2500E+00
             46                 28                 32         5.0000E+00
             46                 29                 10         5.8500E+00
             46                 30                  5         6.8000E+00
             47                 15                 26         3.7000E+00
             47                 16                135         3.2500E+00
             47                 17                615         2.9000E+00
             47                 18               1673         2.6500E+00
             47                 19               2895         2.5000E+00
             47                 20               4077         2.4500E+00
             47                 21               5103         2.5000E+00
             47                 22               5288         2.6500E+00
             47                 23               4746         2.9000E+00
             47                 24               3158         3.2500E+00
             47                 25               1819         3.7000E+00
             47                 26                931         4.2500E+00
             47                 27                240         4.9000E+00
             47                 28                 50         5.6500E+00
             47                 29                 21         6.5000E+00
             47                 30                  2         7.4500E+00
             48                 14                  5         5.0000E+00
             48                 15                 87         4.4500E+00
             48                 16                346         4.0000E+00
             48                 17               1196         3.6500E+00
             48                 18               3053         3.4000E+00
             48                 19               5809         3.2500E+00
             48                 20               8786         3.2000E+00
             48                 21              10099         3.2500E+00
             48                 22              10589         3.4000E+00
             48                 23               9068         3.6500E+00
             48                 24               5920         4.0000E+00
             48                 25               3484         4.4500E+00
             48                 26               1667         5.0000E+00
             48                 27                552         5.6500E+00
             48                 28                165         6.4000E+00
             48                 29                 47         7.2500E+00
             48                 30                 18         8.2000E+00
             48                 31                  1         9.2500E+00
             49                 14                 28         5.8500E+00
             49                 15                145         5.3000E+00
             49                 16                738         4.8500E+00
             49                 17               2240         4.5000E+00
             49                 18               5417         4.2500E+00
             49                 19              10765         4.1000E+00
             49                 20              15340         4.0500E+00
             49                 21              17572         4.1000E+00
             49                 22              17498         4.2500E+00
             49                 23              15130         4.5000E+00
             49                 24              10140         4.8500E+00
             49                 25               5975         5.3000E+00
             49                 26               2866         5.8500E+00
             49                 27               1083         6.5000E+00
             49                 28                335         7.2500E+00
             49                 29                144         8.1000E+00
             49                 30                 31         9.0500E+00
             50                 13                  8         7.4500E+00
             50                 14                 49         6.8000E+00
             50                 15                200         6.2500E+00
             50                 16                942         5.8000E+00
             50                 17               3176         5.4500E+00
             50                 18               8135         5.2000E+00
             50                 19              15335         5.0500E+00
             50                 20              21727         5.0000E+00
             50                 21              26525         5.0500E+00
             50                 22              26380         5.2000E+00
             50                 23              21017         5.4500E+00
             50                 24              14597         5.8000E+00
             50                 25               8554         6.2500E+00
             50                 26               3899         6.8000E+00
             50                 27               1361         7.4500E+00
             50                 28                600         8.2000E+00
             50                 29                253         9.0500E+00
             50                 30                 42         1.0000E+01
             50                 31                 17         1.1050E+01
             51                 13                 30         8.5000E+00
             51                 14                123         7.8500E+00
             51                 15                284         7.3000E+00
             51                 16               1400         6.8500E+00
             51                 17               4565         6.5000E+00
             51                 18              10306         6.2500E+00
             51                 19              18388         6.1000E+00
             51                 20              25617         6.0500E+00
             51                 21              30812         6.1000E+00
             51                 22              30231         6.2500E+00
             51                 23              24608         6.5000E+00
             51                 24              17216         6.8500E+00
             51                 25               9589         7.3000E+00
             51                 26               4547         7.8500E+00
             51                 27               1674         8.5000E+00
             51                 28                644         9.2500E+00
             51                 29                186         1.0100E+01
             51                 30                 48         1.1050E+01
             51                 31                 14         1.2100E+01
             52                 13                 16         9.6500E+00
             52                 14                150         9.0000E+00
             52                 15                439         8.4500E+00
             52                 16               1457         8.0000E+00
             52                 17               4562         7.6500E+00
             52                 18               9947         7.4000E+00
             52                 19              17855         7.2500E+00
             52                 20              25205         7.2000E+00
             52                 21              28492         7.2500E+00
             52                 22              29254         7.4000E+00
             52                 23              23591         7.6500E+00
             52                 24              16256         8.0000E+00
             52                 25               9204         8.4500E+00
             52                 26               4501         9.0000E+00
             52                 27               1633         9.6500E+00
             52                 28                548         1.0400E+01
             52                 29                170         1.1250E+01
             52                 30                 47         1.2200E+01
             52                 31                  1         1.3250E+01
             53                 13                 16         1.0900E+01
             53                 14                 46         1.0250E+01
             53                 15                444         9.7000E+00
             53                 16               1319         9.2500E+00
             53                 17               3765         8.9000E+00
             53                 18               7784         8.6500E+00
             53                 19              12947         8.5000E+00
             53                 20              18955         8.4500E+00
             53                 21              22738         8.5000E+00
             53                 22              22598         8.6500E+00
             53                 23              18047         8.9000E+00
             53                 24              12746         9.2500E+00
             53                 25               7979         9.7000E+00
             53                 26               3898         1.0250E+01
             53                 27               1356         1.0900E+01
             53                 28                413         1.1650E+01
             53                 29                128         1.2500E+01
             53                 30                 21         1.3450E+01
             54                 13                 19         1.2250E+01
             54                 14                 42         1.1600E+01
             54                 15                294         1.1050E+01
             54                 16                882         1.0600E+01
             54                 17               2160         1.0250E+01
             54                 18               4403         1.0000E+01
             54                 19               7865         9.8500E+00
             54                 20              11075         9.8000E+00
             54                 21              13524         9.8500E+00
             54                 22              14236         1.0000E+01
             54                 23              11342         1.0250E+01
             54                 24               8072         1.0600E+01
             54                 25               4779         1.1050E+01
             54                 26               2286         1.1600E+01
             54                 27                727         1.2250E+01
             54                 28                228         1.3000E+01
             54                 29                 75         1.3850E+01
             54                 30                 12         1.4800E+01
             55                 13                  7         1.3700E+01
             55                 14                 49         1.3050E+01
             55                 15                151         1.2500E+01
             55                 16                464         1.2050E+01
             55                 17                962         1.1700E+01
             55                 18               2164         1.1450E+01
             55                 19               3541         1.1300E+01
             55                 20               4922         1.1250E+01
             55                 21               6480         1.1300E+01
             55                 22               6944         1.1450E+01
             55                 23               5986         1.1700E+01
             55                 24               4188         1.2050E+01
             55                 25               2246         1.2500E+01
             55                 26                927         1.3050E+01
             55                 27                329         1.3700E+01
             55                 28                 53         1.4450E+01
             55                 29                  8         1.5300E+01
             55                 30                  1         1.6250E+01
             56                 14                 11         1.4600E+01
             56                 15                 75         1.4050E+01
             56                 16                179         1.3600E+01
             56                 17                324         1.3250E+01
             56                 18                614         1.3000E+01
             56                 19               1163         1.2850E+01
             56                 20               1893         1.2800E+01
             56                 21               2627         1.2850E+01
             56                 22               2623         1.3000E+01
             56                 23               2312         1.3250E+01
             56                 24               1460         1.3600E+01
             56                 25                792         1.4050E+01
             56                 26                311         1.4600E+01
             56                 27                132         1.5250E+01
             56                 28                 10         1.6000E+01
             56                 29                  1         1.6850E+01
             57                 14                 15         1.6250E+01
             57                 15                 25         1.5700E+01
             57                 16                 40         1.5250E+01
             57                 17                 61         1.4900E+01
             57                 18                129         1.4650E+01
             57                 19                259         1.4500E+01
             57                 20                509         1.4450E+01
             57                 21                756         1.4500E+01
             57                 22                732         1.4650E+01
             57                 23                573         1.4900E+01
             57                 24                375         1.5250E+01
             57                 25                192         1.5700E+01
             57                 26                 48         1.6250E+01
             57                 27                  8         1.6900E+01
             58                 14                  3         1.8000E+01
             58                 15                 12         1.7450E+01
             58                 16                  6         1.7000E+01
             58                 17                  4         1.6650E+01
             58                 18                  8         1.6400E+01
             58                 19                 44         1.6250E+01
             58                 20                 64         1.6200E+01
             58                 21                 94         1.6250E+01
             58                 22                222         1.6400E+01
             58                 23                166         1.6650E+01
             58                 24                 98         1.7000E+01
             58                 25                 27         1.7450E+01
             58                 26                  2         1.8000E+01
             59                 15                  2         1.9300E+01
             59                 16                  8         1.8850E+01
             59                 17                  5         1.8500E+01
             59                 19                  3         1.8100E+01
             59                 20                  7         1.8050E+01
             59                 21                 33         1.8100E+01
             59                 22                 23         1.8250E+01
             59                 23                 13         1.8500E+01
             59                 24                  4         1.8850E+01
             60                 20                  4         2.0000E+01
             60                 21                  9         2.0050E+01
             60                 22                  4         2.0200E+01
             61                 23                  1         2.2500E+01
