  #Crystal Size      Water Content              Count               Bias
             35                 19                  2         4.0500E+00
             36                 18                  1         3.2500E+00
             36                 20                  5         5.0500E+00
             36                 21                  1         6.1000E+00
             36                 23                  1         8.5000E+00
             37                 15                  8         1.4500E+00
             37                 16                 11         2.0000E+00
             37                 17                  7         2.6500E+00
             37                 18                 11         3.4000E+00
             37                 19                 43         4.2500E+00
             37                 20                 24         5.2000E+00
             37                 21                 12         6.2500E+00
             37                 22                  6         7.4000E+00
             37                 23                  6         8.6500E+00
             38                 15                 32         1.7000E+00
             38                 16                 64         2.2500E+00
             38                 17                119         2.9000E+00
             38                 18                150         3.6500E+00
             38                 19                124         4.5000E+00
             38                 20                110         5.4500E+00
             38                 21                 68         6.5000E+00
             38                 22                 31         7.6500E+00
             38                 23                 27         8.9000E+00
             38                 24                  7         1.0250E+01
             39                 13                  3         1.2500E+00
             39                 14                 25         1.6000E+00
             39                 15                 98         2.0500E+00
             39                 16                274         2.6000E+00
             39                 17                487         3.2500E+00
             39                 18                697         4.0000E+00
             39                 19                604         4.8500E+00
             39                 20                412         5.8000E+00
             39                 21                362         6.8500E+00
             39                 22                184         8.0000E+00
             39                 23                 83         9.2500E+00
             39                 24                 18         1.0600E+01
             40                 14                 64         2.0500E+00
             40                 15                321         2.5000E+00
             40                 16                765         3.0500E+00
             40                 17               1489         3.7000E+00
             40                 18               2208         4.4500E+00
             40                 19               1973         5.3000E+00
             40                 20               1639         6.2500E+00
             40                 21               1082         7.3000E+00
             40                 22                511         8.4500E+00
             40                 23                165         9.7000E+00
             40                 24                 82         1.1050E+01
             40                 25                  5         1.2500E+01
             41                 13                 11         2.2500E+00
             41                 14                280         2.6000E+00
             41                 15                759         3.0500E+00
             41                 16               2151         3.6000E+00
             41                 17               3821         4.2500E+00
             41                 18               5381         5.0000E+00
             41                 19               5573         5.8500E+00
             41                 20               4365         6.8000E+00
             41                 21               2797         7.8500E+00
             41                 22               1391         9.0000E+00
             41                 23                552         1.0250E+01
             41                 24                173         1.1600E+01
             41                 25                 49         1.3050E+01
             42                 11                  1         2.5000E+00
             42                 12                 10         2.6500E+00
             42                 13                 88         2.9000E+00
             42                 14                497         3.2500E+00
             42                 15               1802         3.7000E+00
             42                 16               4811         4.2500E+00
             42                 17               7916         4.9000E+00
             42                 18              10721         5.6500E+00
             42                 19              10959         6.5000E+00
             42                 20               8755         7.4500E+00
             42                 21               5590         8.5000E+00
             42                 22               3012         9.6500E+00
             42                 23               1218         1.0900E+01
             42                 24                327         1.2250E+01
             42                 25                 82         1.3700E+01
             42                 26                 27         1.5250E+01
             42                 27                  3         1.6900E+01
             43                 11                 14         3.2500E+00
             43                 12                 36         3.4000E+00
             43                 13                125         3.6500E+00
             43                 14                839         4.0000E+00
             43                 15               3039         4.4500E+00
             43                 16               7279         5.0000E+00
             43                 17              13668         5.6500E+00
             43                 18              17817         6.4000E+00
             43                 19              18410         7.2500E+00
             43                 20              14840         8.2000E+00
             43                 21               8995         9.2500E+00
             43                 22               4706         1.0400E+01
             43                 23               2042         1.1650E+01
             43                 24                630         1.3000E+01
             43                 25                139         1.4450E+01
             43                 26                 18         1.6000E+01
             43                 27                  8         1.7650E+01
             44                 11                  8         4.1000E+00
             44                 12                 51         4.2500E+00
             44                 13                353         4.5000E+00
             44                 14               1293         4.8500E+00
             44                 15               3933         5.3000E+00
             44                 16              10337         5.8500E+00
             44                 17              18926         6.5000E+00
             44                 18              24250         7.2500E+00
             44                 19              25143         8.1000E+00
             44                 20              21376         9.0500E+00
             44                 21              12833         1.0100E+01
             44                 22               6623         1.1250E+01
             44                 23               2937         1.2500E+01
             44                 24                948         1.3850E+01
             44                 25                158         1.5300E+01
             44                 26                 49         1.6850E+01
             44                 27                 16         1.8500E+01
             45                 12                 89         5.2000E+00
             45                 13                555         5.4500E+00
             45                 14               2040         5.8000E+00
             45                 15               5561         6.2500E+00
             45                 16              12956         6.8000E+00
             45                 17              22071         7.4500E+00
             45                 18              28874         8.2000E+00
             45                 19              29887         9.0500E+00
             45                 20              25179         1.0000E+01
             45                 21              16519         1.1050E+01
             45                 22               8718         1.2200E+01
             45                 23               3043         1.3450E+01
             45                 24               1087         1.4800E+01
             45                 25                300         1.6250E+01
             45                 26                 58         1.7800E+01
             45                 27                  4         1.9450E+01
             45                 28                  1         2.1200E+01
             46                 11                 13         6.1000E+00
             46                 12                183         6.2500E+00
             46                 13                746         6.5000E+00
             46                 14               2454         6.8500E+00
             46                 15               6971         7.3000E+00
             46                 16              13484         7.8500E+00
             46                 17              22632         8.5000E+00
             46                 18              30055         9.2500E+00
             46                 19              31199         1.0100E+01
             46                 20              25302         1.1050E+01
             46                 21              17150         1.2100E+01
             46                 22               8097         1.3250E+01
             46                 23               3270         1.4500E+01
             46                 24                982         1.5850E+01
             46                 25                243         1.7300E+01
             46                 26                 53         1.8850E+01
             46                 27                 20         2.0500E+01
             47                 11                  8         7.2500E+00
             47                 12                151         7.4000E+00
             47                 13                781         7.6500E+00
             47                 14               2905         8.0000E+00
             47                 15               6851         8.4500E+00
             47                 16              12540         9.0000E+00
             47                 17              20402         9.6500E+00
             47                 18              26584         1.0400E+01
             47                 19              27497         1.1250E+01
             47                 20              22601         1.2200E+01
             47                 21              14658         1.3250E+01
             47                 22               6602         1.4400E+01
             47                 23               2509         1.5650E+01
             47                 24                705         1.7000E+01
             47                 25                187         1.8450E+01
             47                 26                 52         2.0000E+01
             47                 27                  6         2.1650E+01
             48                 11                 14         8.5000E+00
             48                 12                103         8.6500E+00
             48                 13                681         8.9000E+00
             48                 14               2367         9.2500E+00
             48                 15               5961         9.7000E+00
             48                 16              10025         1.0250E+01
             48                 17              14944         1.0900E+01
             48                 18              20143         1.1650E+01
             48                 19              20787         1.2500E+01
             48                 20              16018         1.3450E+01
             48                 21               9406         1.4500E+01
             48                 22               4495         1.5650E+01
             48                 23               1913         1.6900E+01
             48                 24                468         1.8250E+01
             48                 25                 76         1.9700E+01
             48                 26                 13         2.1250E+01
             49                 11                  4         9.8500E+00
             49                 12                 76         1.0000E+01
             49                 13                454         1.0250E+01
             49                 14               1626         1.0600E+01
             49                 15               3391         1.1050E+01
             49                 16               6054         1.1600E+01
             49                 17               9039         1.2250E+01
             49                 18              12814         1.3000E+01
             49                 19              12372         1.3850E+01
             49                 20               9088         1.4800E+01
             49                 21               5524         1.5850E+01
             49                 22               2668         1.7000E+01
             49                 23                940         1.8250E+01
             49                 24                204         1.9600E+01
             49                 25                 33         2.1050E+01
             49                 26                  1         2.2600E+01
             50                 11                  2         1.1300E+01
             50                 12                 18         1.1450E+01
             50                 13                211         1.1700E+01
             50                 14                675         1.2050E+01
             50                 15               1815         1.2500E+01
             50                 16               3200         1.3050E+01
             50                 17               4867         1.3700E+01
             50                 18               5977         1.4450E+01
             50                 19               5725         1.5300E+01
             50                 20               4081         1.6250E+01
             50                 21               2172         1.7300E+01
             50                 22               1096         1.8450E+01
             50                 23                306         1.9700E+01
             50                 24                 66         2.1050E+01
             50                 25                  8         2.2500E+01
             51                 12                  5         1.3000E+01
             51                 13                 51         1.3250E+01
             51                 14                216         1.3600E+01
             51                 15                635         1.4050E+01
             51                 16               1367         1.4600E+01
             51                 17               1968         1.5250E+01
             51                 18               2200         1.6000E+01
             51                 19               1921         1.6850E+01
             51                 20               1139         1.7800E+01
             51                 21                762         1.8850E+01
             51                 22                297         2.0000E+01
             51                 23                 79         2.1250E+01
             51                 24                 21         2.2600E+01
             51                 25                  5         2.4050E+01
             52                 13                  1         1.4900E+01
             52                 14                 50         1.5250E+01
             52                 15                187         1.5700E+01
             52                 16                241         1.6250E+01
             52                 17                456         1.6900E+01
             52                 18                586         1.7650E+01
             52                 19                581         1.8500E+01
             52                 20                323         1.9450E+01
             52                 21                213         2.0500E+01
             52                 22                 47         2.1650E+01
             52                 23                  7         2.2900E+01
             52                 24                  8         2.4250E+01
             53                 14                  7         1.7000E+01
             53                 15                 53         1.7450E+01
             53                 16                 63         1.8000E+01
             53                 17                 79         1.8650E+01
             53                 18                 57         1.9400E+01
             53                 19                 71         2.0250E+01
             53                 20                 82         2.1200E+01
             53                 21                 18         2.2250E+01
             53                 22                 12         2.3400E+01
             53                 23                  3         2.4650E+01
             54                 14                  2         1.8850E+01
             54                 15                  7         1.9300E+01
             54                 16                  7         1.9850E+01
             54                 17                  2         2.0500E+01
             54                 18                 21         2.1250E+01
             54                 19                  4         2.2100E+01
             54                 20                  7         2.3050E+01
             54                 21                  1         2.4100E+01
