  #Crystal Size      Water Content              Count               Bias
             55                  7                  1         1.2200E+01
             55                  8                  2         1.3450E+01
             56                  6                  1         1.0100E+01
             56                  7                  2         1.1250E+01
             56                  8                 40         1.2500E+01
             56                  9                 11         1.3850E+01
             56                 10                  5         1.5300E+01
             56                 11                  2         1.6850E+01
             56                 12                  2         1.8500E+01
             56                 13                  1         2.0250E+01
             57                  3                  7         6.4000E+00
             57                  4                  4         7.2500E+00
             57                  5                 12         8.2000E+00
             57                  6                 17         9.2500E+00
             57                  7                 54         1.0400E+01
             57                  8                 65         1.1650E+01
             57                  9                 93         1.3000E+01
             57                 10                110         1.4450E+01
             57                 11                 83         1.6000E+01
             57                 12                 14         1.7650E+01
             57                 13                  4         1.9400E+01
             57                 14                  5         2.1250E+01
             58                  2                  1         4.9000E+00
             58                  3                 19         5.6500E+00
             58                  4                 28         6.5000E+00
             58                  5                 67         7.4500E+00
             58                  6                112         8.5000E+00
             58                  7                303         9.6500E+00
             58                  8                549         1.0900E+01
             58                  9                646         1.2250E+01
             58                 10                667         1.3700E+01
             58                 11                409         1.5250E+01
             58                 12                176         1.6900E+01
             58                 13                 31         1.8650E+01
             58                 14                 17         2.0500E+01
             59                  2                 15         4.2500E+00
             59                  3                 58         5.0000E+00
             59                  4                 80         5.8500E+00
             59                  5                220         6.8000E+00
             59                  6                772         7.8500E+00
             59                  7               1611         9.0000E+00
             59                  8               2753         1.0250E+01
             59                  9               3340         1.1600E+01
             59                 10               2703         1.3050E+01
             59                 11               1818         1.4600E+01
             59                 12                732         1.6250E+01
             59                 13                153         1.8000E+01
             59                 14                 32         1.9850E+01
             59                 15                  4         2.1800E+01
             60                  2                  1         3.7000E+00
             60                  3                 81         4.4500E+00
             60                  4                383         5.3000E+00
             60                  5                947         6.2500E+00
             60                  6               3057         7.3000E+00
             60                  7               6636         8.4500E+00
             60                  8              10460         9.7000E+00
             60                  9              12167         1.1050E+01
             60                 10               9861         1.2500E+01
             60                 11               5723         1.4050E+01
             60                 12               1902         1.5700E+01
             60                 13                543         1.7450E+01
             60                 14                114         1.9300E+01
             60                 15                 10         2.1250E+01
             61                  2                  8         3.2500E+00
             61                  3                208         4.0000E+00
             61                  4               1151         4.8500E+00
             61                  5               3299         5.8000E+00
             61                  6               9195         6.8500E+00
             61                  7              18366         8.0000E+00
             61                  8              27606         9.2500E+00
             61                  9              30937         1.0600E+01
             61                 10              24121         1.2050E+01
             61                 11              12428         1.3600E+01
             61                 12               4109         1.5250E+01
             61                 13               1013         1.7000E+01
             61                 14                209         1.8850E+01
             61                 15                 48         2.0800E+01
             61                 16                  1         2.2850E+01
             62                  2                 11         2.9000E+00
             62                  3                365         3.6500E+00
             62                  4               2153         4.5000E+00
             62                  5               6720         5.4500E+00
             62                  6              17206         6.5000E+00
             62                  7              33723         7.6500E+00
             62                  8              49764         8.9000E+00
             62                  9              52703         1.0250E+01
             62                 10              39994         1.1700E+01
             62                 11              19270         1.3250E+01
             62                 12               6599         1.4900E+01
             62                 13               1720         1.6650E+01
             62                 14                290         1.8500E+01
             62                 15                 69         2.0450E+01
             62                 16                  4         2.2500E+01
             63                  1                  5         2.0000E+00
             63                  2                 46         2.6500E+00
             63                  3                494         3.4000E+00
             63                  4               2613         4.2500E+00
             63                  5               9058         5.2000E+00
             63                  6              21968         6.2500E+00
             63                  7              42531         7.4000E+00
             63                  8              61211         8.6500E+00
             63                  9              62064         1.0000E+01
             63                 10              43641         1.1450E+01
             63                 11              20111         1.3000E+01
             63                 12               6102         1.4650E+01
             63                 13               1540         1.6400E+01
             63                 14                258         1.8250E+01
             63                 15                 45         2.0200E+01
             63                 16                 36         2.2250E+01
             63                 17                  6         2.4400E+01
             64                  1                  9         1.8500E+00
             64                  2                 95         2.5000E+00
             64                  3                540         3.2500E+00
             64                  4               2255         4.1000E+00
             64                  5               7114         5.0500E+00
             64                  6              17167         6.1000E+00
             64                  7              33155         7.2500E+00
             64                  8              45706         8.5000E+00
             64                  9              45339         9.8500E+00
             64                 10              30502         1.1300E+01
             64                 11              13080         1.2850E+01
             64                 12               3964         1.4500E+01
             64                 13               1010         1.6250E+01
             64                 14                163         1.8100E+01
             64                 15                 78         2.0050E+01
             64                 16                 34         2.2100E+01
             64                 17                  4         2.4250E+01
             65                  1                  5         1.8000E+00
             65                  2                 42         2.4500E+00
             65                  3                238         3.2000E+00
             65                  4                927         4.0500E+00
             65                  5               3088         5.0000E+00
             65                  6               6945         6.0500E+00
             65                  7              13702         7.2000E+00
             65                  8              18662         8.4500E+00
             65                  9              18468         9.8000E+00
             65                 10              12443         1.1250E+01
             65                 11               4935         1.2800E+01
             65                 12               1370         1.4450E+01
             65                 13                339         1.6200E+01
             65                 14                 46         1.8050E+01
             65                 15                  8         2.0000E+01
             65                 16                  3         2.2050E+01
             66                  1                  2         1.8500E+00
             66                  2                 29         2.5000E+00
             66                  3                 15         3.2500E+00
             66                  4                123         4.1000E+00
             66                  5                375         5.0500E+00
             66                  6               1224         6.1000E+00
             66                  7               2287         7.2500E+00
             66                  8               3382         8.5000E+00
             66                  9               3203         9.8500E+00
             66                 10               2029         1.1300E+01
             66                 11                873         1.2850E+01
             66                 12                221         1.4500E+01
             66                 13                 44         1.6250E+01
             66                 14                  2         1.8100E+01
