  #Crystal Size      Water Content              Count               Bias
             48                 13                  1         3.4000E+00
             49                 11                  9         1.8500E+00
             49                 12                  2         2.5000E+00
             49                 13                  3         3.2500E+00
             49                 14                  1         4.1000E+00
             49                 16                  2         6.1000E+00
             50                  9                  3         8.0000E-01
             50                 10                 17         1.2500E+00
             50                 11                 42         1.8000E+00
             50                 12                 59         2.4500E+00
             50                 13                 31         3.2000E+00
             50                 14                 10         4.0500E+00
             50                 15                 10         5.0000E+00
             50                 16                  2         6.0500E+00
             51                  6                  1         1.0000E-01
             51                  7                  3         2.5000E-01
             51                  8                  8         5.0000E-01
             51                  9                 43         8.5000E-01
             51                 10                125         1.3000E+00
             51                 11                289         1.8500E+00
             51                 12                298         2.5000E+00
             51                 13                238         3.2500E+00
             51                 14                137         4.1000E+00
             51                 15                 52         5.0500E+00
             51                 16                  7         6.1000E+00
             51                 17                  4         7.2500E+00
             52                  7                  9         4.0000E-01
             52                  8                 56         6.5000E-01
             52                  9                220         1.0000E+00
             52                 10                548         1.4500E+00
             52                 11               1084         2.0000E+00
             52                 12               1307         2.6500E+00
             52                 13                931         3.4000E+00
             52                 14                697         4.2500E+00
             52                 15                265         5.2000E+00
             52                 16                 80         6.2500E+00
             52                 17                 11         7.4000E+00
             53                  6                  3         5.0000E-01
             53                  7                 46         6.5000E-01
             53                  8                250         9.0000E-01
             53                  9                961         1.2500E+00
             53                 10               2186         1.7000E+00
             53                 11               3881         2.2500E+00
             53                 12               4266         2.9000E+00
             53                 13               3580         3.6500E+00
             53                 14               1986         4.5000E+00
             53                 15                931         5.4500E+00
             53                 16                234         6.5000E+00
             53                 17                 63         7.6500E+00
             53                 18                  7         8.9000E+00
             54                  6                  7         8.5000E-01
             54                  7                 90         1.0000E+00
             54                  8                725         1.2500E+00
             54                  9               2663         1.6000E+00
             54                 10               6322         2.0500E+00
             54                 11              10705         2.6000E+00
             54                 12              11336         3.2500E+00
             54                 13               9308         4.0000E+00
             54                 14               5178         4.8500E+00
             54                 15               2178         5.8000E+00
             54                 16                629         6.8500E+00
             54                 17                148         8.0000E+00
             54                 18                  9         9.2500E+00
             54                 19                  1         1.0600E+01
             55                  6                 42         1.3000E+00
             55                  7                286         1.4500E+00
             55                  8               1546         1.7000E+00
             55                  9               5490         2.0500E+00
             55                 10              13849         2.5000E+00
             55                 11              21631         3.0500E+00
             55                 12              23773         3.7000E+00
             55                 13              19331         4.4500E+00
             55                 14              10651         5.3000E+00
             55                 15               4273         6.2500E+00
             55                 16               1352         7.3000E+00
             55                 17                226         8.4500E+00
             55                 18                 23         9.7000E+00
             56                  6                 55         1.8500E+00
             56                  7                429         2.0000E+00
             56                  8               2766         2.2500E+00
             56                  9               9956         2.6000E+00
             56                 10              22593         3.0500E+00
             56                 11              36047         3.6000E+00
             56                 12              39264         4.2500E+00
             56                 13              29525         5.0000E+00
             56                 14              15754         5.8500E+00
             56                 15               6770         6.8000E+00
             56                 16               1928         7.8500E+00
             56                 17                398         9.0000E+00
             56                 18                 41         1.0250E+01
             57                  6                 48         2.5000E+00
             57                  7                564         2.6500E+00
             57                  8               3707         2.9000E+00
             57                  9              13551         3.2500E+00
             57                 10              29396         3.7000E+00
             57                 11              44777         4.2500E+00
             57                 12              48205         4.9000E+00
             57                 13              35869         5.6500E+00
             57                 14              19070         6.5000E+00
             57                 15               7795         7.4500E+00
             57                 16               2371         8.5000E+00
             57                 17                424         9.6500E+00
             57                 18                 45         1.0900E+01
             58                  6                 34         3.2500E+00
             58                  7                613         3.4000E+00
             58                  8               3593         3.6500E+00
             58                  9              13462         4.0000E+00
             58                 10              29073         4.4500E+00
             58                 11              42931         5.0000E+00
             58                 12              46473         5.6500E+00
             58                 13              33607         6.4000E+00
             58                 14              17411         7.2500E+00
             58                 15               6786         8.2000E+00
             58                 16               1800         9.2500E+00
             58                 17                329         1.0400E+01
             58                 18                 44         1.1650E+01
             59                  6                 22         4.1000E+00
             59                  7                476         4.2500E+00
             59                  8               2966         4.5000E+00
             59                  9              10375         4.8500E+00
             59                 10              21744         5.3000E+00
             59                 11              30929         5.8500E+00
             59                 12              32747         6.5000E+00
             59                 13              23301         7.2500E+00
             59                 14              12098         8.1000E+00
             59                 15               4394         9.0500E+00
             59                 16               1220         1.0100E+01
             59                 17                242         1.1250E+01
             59                 18                 49         1.2500E+01
             59                 19                  3         1.3850E+01
             60                  6                  8         5.0500E+00
             60                  7                303         5.2000E+00
             60                  8               1951         5.4500E+00
             60                  9               6026         5.8000E+00
             60                 10              11924         6.2500E+00
             60                 11              17024         6.8000E+00
             60                 12              17767         7.4500E+00
             60                 13              12350         8.2000E+00
             60                 14               5744         9.0500E+00
             60                 15               1955         1.0000E+01
             60                 16                550         1.1050E+01
             60                 17                168         1.2200E+01
             60                 18                  5         1.3450E+01
             60                 19                  3         1.4800E+01
             61                  6                  6         6.1000E+00
             61                  7                167         6.2500E+00
             61                  8                928         6.5000E+00
             61                  9               2385         6.8500E+00
             61                 10               5058         7.3000E+00
             61                 11               7108         7.8500E+00
             61                 12               6535         8.5000E+00
             61                 13               4603         9.2500E+00
             61                 14               2107         1.0100E+01
             61                 15                643         1.1050E+01
             61                 16                191         1.2100E+01
             61                 17                 37         1.3250E+01
             61                 18                  2         1.4500E+01
             62                  6                 12         7.2500E+00
             62                  7                 40         7.4000E+00
             62                  8                225         7.6500E+00
             62                  9                754         8.0000E+00
             62                 10               1446         8.4500E+00
             62                 11               1857         9.0000E+00
             62                 12               1677         9.6500E+00
             62                 13               1064         1.0400E+01
             62                 14                503         1.1250E+01
             62                 15                175         1.2200E+01
             62                 16                 31         1.3250E+01
             62                 17                  2         1.4400E+01
             63                  6                  1         8.5000E+00
             63                  7                 11         8.6500E+00
             63                  8                 36         8.9000E+00
             63                  9                186         9.2500E+00
             63                 10                266         9.7000E+00
             63                 11                329         1.0250E+01
             63                 12                397         1.0900E+01
             63                 13                205         1.1650E+01
             63                 14                 99         1.2500E+01
             63                 15                 35         1.3450E+01
             63                 16                  2         1.4500E+01
             63                 17                  2         1.5650E+01
             64                  8                  3         1.0250E+01
             64                  9                 40         1.0600E+01
             64                 10                 48         1.1050E+01
             64                 11                 29         1.1600E+01
             64                 12                 50         1.2250E+01
             64                 13                 25         1.3000E+01
             64                 14                 34         1.3850E+01
             64                 15                  5         1.4800E+01
             65                  8                  4         1.1700E+01
             65                  9                  3         1.2050E+01
             65                 10                  1         1.2500E+01
             65                 11                  1         1.3050E+01
             65                 12                  9         1.3700E+01
             65                 13                  4         1.4450E+01
