  #Crystal Size      Water Content              Count               Bias
             49                 13                  1         5.0000E-01
             49                 15                  2         1.3000E+00
             49                 16                  2         1.8500E+00
             49                 17                  2         2.5000E+00
             49                 18                  7         3.2500E+00
             49                 19                  2         4.1000E+00
             50                 13                  1         4.5000E-01
             50                 14                 11         8.0000E-01
             50                 15                 15         1.2500E+00
             50                 16                 12         1.8000E+00
             50                 17                 15         2.4500E+00
             50                 18                 17         3.2000E+00
             50                 19                  3         4.0500E+00
             50                 20                  1         5.0000E+00
             51                 10                  3         5.0000E-02
             51                 11                  9         1.0000E-01
             51                 12                 24         2.5000E-01
             51                 13                 20         5.0000E-01
             51                 14                 65         8.5000E-01
             51                 15                 81         1.3000E+00
             51                 16                 83         1.8500E+00
             51                 17                 64         2.5000E+00
             51                 18                 62         3.2500E+00
             51                 19                 23         4.1000E+00
             51                 21                  1         6.1000E+00
             52                 10                 18         2.0000E-01
             52                 11                 54         2.5000E-01
             52                 12                175         4.0000E-01
             52                 13                233         6.5000E-01
             52                 14                328         1.0000E+00
             52                 15                439         1.4500E+00
             52                 16                315         2.0000E+00
             52                 17                254         2.6500E+00
             52                 18                175         3.4000E+00
             52                 19                 57         4.2500E+00
             52                 20                 35         5.2000E+00
             52                 21                 11         6.2500E+00
             53                  8                  1         6.5000E-01
             53                  9                  3         5.0000E-01
             53                 10                102         4.5000E-01
             53                 11                353         5.0000E-01
             53                 12                754         6.5000E-01
             53                 13               1226         9.0000E-01
             53                 14               1534         1.2500E+00
             53                 15               1521         1.7000E+00
             53                 16               1302         2.2500E+00
             53                 17                884         2.9000E+00
             53                 18                611         3.6500E+00
             53                 19                249         4.5000E+00
             53                 20                122         5.4500E+00
             53                 21                 60         6.5000E+00
             53                 22                 23         7.6500E+00
             53                 23                  2         8.9000E+00
             54                  8                  2         1.0000E+00
             54                  9                 51         8.5000E-01
             54                 10                379         8.0000E-01
             54                 11               1209         8.5000E-01
             54                 12               3016         1.0000E+00
             54                 13               4419         1.2500E+00
             54                 14               4742         1.6000E+00
             54                 15               4498         2.0500E+00
             54                 16               3400         2.6000E+00
             54                 17               2555         3.2500E+00
             54                 18               1644         4.0000E+00
             54                 19                838         4.8500E+00
             54                 20                359         5.8000E+00
             54                 21                178         6.8500E+00
             54                 22                 39         8.0000E+00
             54                 23                  2         9.2500E+00
             55                  8                 23         1.4500E+00
             55                  9                203         1.3000E+00
             55                 10               1215         1.2500E+00
             55                 11               3775         1.3000E+00
             55                 12               7894         1.4500E+00
             55                 13              11406         1.7000E+00
             55                 14              11937         2.0500E+00
             55                 15              10274         2.5000E+00
             55                 16               7175         3.0500E+00
             55                 17               4889         3.7000E+00
             55                 18               2874         4.4500E+00
             55                 19               1702         5.3000E+00
             55                 20                775         6.2500E+00
             55                 21                284         7.3000E+00
             55                 22                 82         8.4500E+00
             55                 23                 23         9.7000E+00
             56                  7                  4         2.2500E+00
             56                  8                 51         2.0000E+00
             56                  9                396         1.8500E+00
             56                 10               2430         1.8000E+00
             56                 11               8272         1.8500E+00
             56                 12              17130         2.0000E+00
             56                 13              23483         2.2500E+00
             56                 14              23651         2.6000E+00
             56                 15              18854         3.0500E+00
             56                 16              12265         3.6000E+00
             56                 17               8352         4.2500E+00
             56                 18               5092         5.0000E+00
             56                 19               2652         5.8500E+00
             56                 20               1231         6.8000E+00
             56                 21                495         7.8500E+00
             56                 22                162         9.0000E+00
             56                 23                 40         1.0250E+01
             56                 24                  2         1.1600E+01
             57                  7                  2         2.9000E+00
             57                  8                 86         2.6500E+00
             57                  9                791         2.5000E+00
             57                 10               4507         2.4500E+00
             57                 11              13706         2.5000E+00
             57                 12              27872         2.6500E+00
             57                 13              35977         2.9000E+00
             57                 14              35640         3.2500E+00
             57                 15              27194         3.7000E+00
             57                 16              17537         4.2500E+00
             57                 17              10507         4.9000E+00
             57                 18               6235         5.6500E+00
             57                 19               3513         6.5000E+00
             57                 20               1714         7.4500E+00
             57                 21                559         8.5000E+00
             57                 22                173         9.6500E+00
             57                 23                 25         1.0900E+01
             57                 24                  3         1.2250E+01
             58                  7                  8         3.6500E+00
             58                  8                146         3.4000E+00
             58                  9               1293         3.2500E+00
             58                 10               5761         3.2000E+00
             58                 11              17482         3.2500E+00
             58                 12              33616         3.4000E+00
             58                 13              43563         3.6500E+00
             58                 14              41451         4.0000E+00
             58                 15              30569         4.4500E+00
             58                 16              18967         5.0000E+00
             58                 17              10971         5.6500E+00
             58                 18               6264         6.4000E+00
             58                 19               3132         7.2500E+00
             58                 20               1479         8.2000E+00
             58                 21                434         9.2500E+00
             58                 22                125         1.0400E+01
             58                 23                 28         1.1650E+01
             58                 24                  1         1.3000E+01
             59                  7                  5         4.5000E+00
             59                  8                208         4.2500E+00
             59                  9               1477         4.1000E+00
             59                 10               6120         4.0500E+00
             59                 11              17032         4.1000E+00
             59                 12              31005         4.2500E+00
             59                 13              38093         4.5000E+00
             59                 14              34826         4.8500E+00
             59                 15              24769         5.3000E+00
             59                 16              14785         5.8500E+00
             59                 17               8096         6.5000E+00
             59                 18               4373         7.2500E+00
             59                 19               2049         8.1000E+00
             59                 20                993         9.0500E+00
             59                 21                350         1.0100E+01
             59                 22                 63         1.1250E+01
             59                 23                  8         1.2500E+01
             60                  7                  1         5.4500E+00
             60                  8                185         5.2000E+00
             60                  9               1335         5.0500E+00
             60                 10               4907         5.0000E+00
             60                 11              12413         5.0500E+00
             60                 12              20946         5.2000E+00
             60                 13              23687         5.4500E+00
             60                 14              21024         5.8000E+00
             60                 15              14332         6.2500E+00
             60                 16               8250         6.8000E+00
             60                 17               4492         7.4500E+00
             60                 18               2333         8.2000E+00
             60                 19               1005         9.0500E+00
             60                 20                432         1.0000E+01
             60                 21                 76         1.1050E+01
             60                 22                 19         1.2200E+01
             61                  7                  5         6.5000E+00
             61                  8                 78         6.2500E+00
             61                  9                901         6.1000E+00
             61                 10               3025         6.0500E+00
             61                 11               6198         6.1000E+00
             61                 12               9915         6.2500E+00
             61                 13              10930         6.5000E+00
             61                 14               8791         6.8500E+00
             61                 15               5637         7.3000E+00
             61                 16               2922         7.8500E+00
             61                 17               1680         8.5000E+00
             61                 18                959         9.2500E+00
             61                 19                328         1.0100E+01
             61                 20                142         1.1050E+01
             61                 21                 12         1.2100E+01
             61                 22                  1         1.3250E+01
             62                  7                  2         7.6500E+00
             62                  8                 75         7.4000E+00
             62                  9                416         7.2500E+00
             62                 10               1199         7.2000E+00
             62                 11               2259         7.2500E+00
             62                 12               3059         7.4000E+00
             62                 13               3327         7.6500E+00
             62                 14               2695         8.0000E+00
             62                 15               1644         8.4500E+00
             62                 16                726         9.0000E+00
             62                 17                368         9.6500E+00
             62                 18                141         1.0400E+01
             62                 19                 36         1.1250E+01
             62                 20                 20         1.2200E+01
             63                  7                  1         8.9000E+00
             63                  8                 18         8.6500E+00
             63                  9                123         8.5000E+00
             63                 10                213         8.4500E+00
             63                 11                495         8.5000E+00
             63                 12                638         8.6500E+00
             63                 13                724         8.9000E+00
             63                 14                604         9.2500E+00
             63                 15                279         9.7000E+00
             63                 16                125         1.0250E+01
             63                 17                 76         1.0900E+01
             63                 18                 11         1.1650E+01
             63                 19                  3         1.2500E+01
             64                  7                  1         1.0250E+01
             64                  8                  5         1.0000E+01
             64                  9                 17         9.8500E+00
             64                 10                 15         9.8000E+00
             64                 11                 44         9.8500E+00
             64                 12                 97         1.0000E+01
             64                 13                108         1.0250E+01
             64                 14                 49         1.0600E+01
             64                 15                 27         1.1050E+01
             64                 16                  3         1.1600E+01
             64                 17                  2         1.2250E+01
             65                 11                  3         1.1300E+01
             65                 12                  2         1.1450E+01
             65                 13                  4         1.1700E+01
             65                 14                 10         1.2050E+01
             65                 15                  1         1.2500E+01
