  #Crystal Size      Water Content              Count               Bias
             51                 11                  1         2.6000E+00
             51                 13                  1         4.0000E+00
             52                  9                  2         1.2500E+00
             52                 10                  8         1.7000E+00
             52                 11                  8         2.2500E+00
             52                 12                  2         2.9000E+00
             52                 13                  5         3.6500E+00
             52                 15                  7         5.4500E+00
             53                  9                  8         1.0000E+00
             53                 10                 31         1.4500E+00
             53                 11                 57         2.0000E+00
             53                 12                 32         2.6500E+00
             53                 13                 19         3.4000E+00
             53                 14                 15         4.2500E+00
             53                 15                 13         5.2000E+00
             53                 16                  3         6.2500E+00
             54                  7                  3         2.5000E-01
             54                  8                 16         5.0000E-01
             54                  9                 50         8.5000E-01
             54                 10                156         1.3000E+00
             54                 11                310         1.8500E+00
             54                 12                336         2.5000E+00
             54                 13                220         3.2500E+00
             54                 14                113         4.1000E+00
             54                 15                 44         5.0500E+00
             54                 16                  7         6.1000E+00
             54                 17                  3         7.2500E+00
             54                 18                  2         8.5000E+00
             54                 19                  1         9.8500E+00
             55                  8                 56         4.5000E-01
             55                  9                239         8.0000E-01
             55                 10                649         1.2500E+00
             55                 11               1235         1.8000E+00
             55                 12               1267         2.4500E+00
             55                 13               1094         3.2000E+00
             55                 14                664         4.0500E+00
             55                 15                247         5.0000E+00
             55                 16                 81         6.0500E+00
             55                 17                 20         7.2000E+00
             55                 18                  2         8.4500E+00
             56                  6                  1         1.0000E-01
             56                  7                 33         2.5000E-01
             56                  8                256         5.0000E-01
             56                  9                885         8.5000E-01
             56                 10               2453         1.3000E+00
             56                 11               4209         1.8500E+00
             56                 12               4735         2.5000E+00
             56                 13               4033         3.2500E+00
             56                 14               2340         4.1000E+00
             56                 15                969         5.0500E+00
             56                 16                301         6.1000E+00
             56                 17                 67         7.2500E+00
             56                 18                  5         8.5000E+00
             56                 19                  3         9.8500E+00
             57                  6                 11         2.5000E-01
             57                  7                153         4.0000E-01
             57                  8                745         6.5000E-01
             57                  9               2683         1.0000E+00
             57                 10               7118         1.4500E+00
             57                 11              12657         2.0000E+00
             57                 12              14103         2.6500E+00
             57                 13              11087         3.4000E+00
             57                 14               6034         4.2500E+00
             57                 15               2350         5.2000E+00
             57                 16                721         6.2500E+00
             57                 17                173         7.4000E+00
             57                 18                 22         8.6500E+00
             57                 19                  4         1.0000E+01
             58                  6                 21         5.0000E-01
             58                  7                282         6.5000E-01
             58                  8               1562         9.0000E-01
             58                  9               6284         1.2500E+00
             58                 10              16695         1.7000E+00
             58                 11              27560         2.2500E+00
             58                 12              29936         2.9000E+00
             58                 13              23837         3.6500E+00
             58                 14              11992         4.5000E+00
             58                 15               4660         5.4500E+00
             58                 16               1298         6.5000E+00
             58                 17                279         7.6500E+00
             58                 18                 72         8.9000E+00
             58                 19                  1         1.0250E+01
             58                 20                  3         1.1700E+01
             59                  6                 43         8.5000E-01
             59                  7                472         1.0000E+00
             59                  8               2722         1.2500E+00
             59                  9              11032         1.6000E+00
             59                 10              27839         2.0500E+00
             59                 11              44837         2.6000E+00
             59                 12              47824         3.2500E+00
             59                 13              35827         4.0000E+00
             59                 14              18393         4.8500E+00
             59                 15               6736         5.8000E+00
             59                 16               1723         6.8500E+00
             59                 17                368         8.0000E+00
             59                 18                 64         9.2500E+00
             59                 19                  5         1.0600E+01
             60                  6                 53         1.3000E+00
             60                  7                700         1.4500E+00
             60                  8               3562         1.7000E+00
             60                  9              13902         2.0500E+00
             60                 10              33843         2.5000E+00
             60                 11              52726         3.0500E+00
             60                 12              55543         3.7000E+00
             60                 13              39787         4.4500E+00
             60                 14              20011         5.3000E+00
             60                 15               7144         6.2500E+00
             60                 16               1776         7.3000E+00
             60                 17                340         8.4500E+00
             60                 18                 45         9.7000E+00
             60                 19                  8         1.1050E+01
             61                  6                 71         1.8500E+00
             61                  7                729         2.0000E+00
             61                  8               3469         2.2500E+00
             61                  9              12954         2.6000E+00
             61                 10              30844         3.0500E+00
             61                 11              45596         3.6000E+00
             61                 12              45485         4.2500E+00
             61                 13              31066         5.0000E+00
             61                 14              15252         5.8500E+00
             61                 15               5284         6.8000E+00
             61                 16               1330         7.8500E+00
             61                 17                198         9.0000E+00
             61                 18                 21         1.0250E+01
             61                 19                  5         1.1600E+01
             62                  5                  2         2.4500E+00
             62                  6                 56         2.5000E+00
             62                  7                519         2.6500E+00
             62                  8               2640         2.9000E+00
             62                  9               8287         3.2500E+00
             62                 10              18525         3.7000E+00
             62                 11              27958         4.2500E+00
             62                 12              26271         4.9000E+00
             62                 13              17144         5.6500E+00
             62                 14               7975         6.5000E+00
             62                 15               2808         7.4500E+00
             62                 16                677         8.5000E+00
             62                 17                127         9.6500E+00
             62                 18                 12         1.0900E+01
             63                  6                 20         3.2500E+00
             63                  7                211         3.4000E+00
             63                  8               1037         3.6500E+00
             63                  9               3758         4.0000E+00
             63                 10               8134         4.4500E+00
             63                 11              11144         5.0000E+00
             63                 12               9880         5.6500E+00
             63                 13               6322         6.4000E+00
             63                 14               3049         7.2500E+00
             63                 15               1036         8.2000E+00
             63                 16                242         9.2500E+00
             63                 17                 47         1.0400E+01
             63                 18                  6         1.1650E+01
             63                 19                  1         1.3000E+01
             64                  6                  3         4.1000E+00
             64                  7                 97         4.2500E+00
             64                  8                325         4.5000E+00
             64                  9               1069         4.8500E+00
             64                 10               2293         5.3000E+00
             64                 11               2902         5.8500E+00
             64                 12               2363         6.5000E+00
             64                 13               1368         7.2500E+00
             64                 14                640         8.1000E+00
             64                 15                214         9.0500E+00
             64                 16                 58         1.0100E+01
             64                 17                 15         1.1250E+01
             64                 18                  7         1.2500E+01
             65                  7                  4         5.2000E+00
             65                  8                 26         5.4500E+00
             65                  9                134         5.8000E+00
             65                 10                257         6.2500E+00
             65                 11                349         6.8000E+00
             65                 12                333         7.4500E+00
             65                 13                187         8.2000E+00
             65                 14                 75         9.0500E+00
             65                 15                 38         1.0000E+01
             65                 16                 16         1.1050E+01
             65                 17                  4         1.2200E+01
             66                  9                  2         6.8500E+00
             66                 10                  5         7.3000E+00
             66                 11                 12         7.8500E+00
             66                 12                 10         8.5000E+00
             66                 13                  9         9.2500E+00
             66                 14                  5         1.0100E+01
             66                 15                  2         1.1050E+01
             66                 16                  1         1.2100E+01
