  #Crystal Size      Water Content              Count               Bias
             53                 11                  1         4.2500E+00
             53                 12                  2         4.9000E+00
             53                 13                  3         5.6500E+00
             53                 14                  6         6.5000E+00
             53                 15                  5         7.4500E+00
             54                  7                  1         2.0000E+00
             54                  9                  2         2.6000E+00
             54                 10                  6         3.0500E+00
             54                 11                  7         3.6000E+00
             54                 12                 18         4.2500E+00
             54                 13                  9         5.0000E+00
             54                 14                 28         5.8500E+00
             54                 15                 14         6.8000E+00
             54                 16                  1         7.8500E+00
             55                  7                  1         1.4500E+00
             55                  8                  9         1.7000E+00
             55                  9                 27         2.0500E+00
             55                 10                 27         2.5000E+00
             55                 11                 60         3.0500E+00
             55                 12                101         3.7000E+00
             55                 13                130         4.4500E+00
             55                 14                 99         5.3000E+00
             55                 15                 64         6.2500E+00
             55                 16                 10         7.3000E+00
             55                 17                  1         8.4500E+00
             56                  6                  1         8.5000E-01
             56                  7                  4         1.0000E+00
             56                  8                 12         1.2500E+00
             56                  9                 85         1.6000E+00
             56                 10                228         2.0500E+00
             56                 11                424         2.6000E+00
             56                 12                615         3.2500E+00
             56                 13                541         4.0000E+00
             56                 14                402         4.8500E+00
             56                 15                186         5.8000E+00
             56                 16                 34         6.8500E+00
             56                 17                  7         8.0000E+00
             57                  6                  1         5.0000E-01
             57                  7                  9         6.5000E-01
             57                  8                 97         9.0000E-01
             57                  9                453         1.2500E+00
             57                 10               1121         1.7000E+00
             57                 11               2249         2.2500E+00
             57                 12               3031         2.9000E+00
             57                 13               2419         3.6500E+00
             57                 14               1379         4.5000E+00
             57                 15                629         5.4500E+00
             57                 16                164         6.5000E+00
             57                 17                 22         7.6500E+00
             57                 18                  6         8.9000E+00
             57                 19                  2         1.0250E+01
             58                  6                  6         2.5000E-01
             58                  7                 65         4.0000E-01
             58                  8                385         6.5000E-01
             58                  9               1635         1.0000E+00
             58                 10               4146         1.4500E+00
             58                 11               7766         2.0000E+00
             58                 12               9842         2.6500E+00
             58                 13               8316         3.4000E+00
             58                 14               4545         4.2500E+00
             58                 15               1696         5.2000E+00
             58                 16                578         6.2500E+00
             58                 17                101         7.4000E+00
             58                 18                 24         8.6500E+00
             59                  6                 28         1.0000E-01
             59                  7                237         2.5000E-01
             59                  8               1243         5.0000E-01
             59                  9               4309         8.5000E-01
             59                 10              11098         1.3000E+00
             59                 11              20719         1.8500E+00
             59                 12              24675         2.5000E+00
             59                 13              19870         3.2500E+00
             59                 14              10066         4.1000E+00
             59                 15               3836         5.0500E+00
             59                 16               1162         6.1000E+00
             59                 17                220         7.2500E+00
             59                 18                 24         8.5000E+00
             60                  5                  8         0.0000E+00
             60                  6                 86         5.0000E-02
             60                  7                479         2.0000E-01
             60                  8               2774         4.5000E-01
             60                  9               9649         8.0000E-01
             60                 10              23458         1.2500E+00
             60                 11              39926         1.8000E+00
             60                 12              45480         2.4500E+00
             60                 13              34223         3.2000E+00
             60                 14              17486         4.0500E+00
             60                 15               5823         5.0000E+00
             60                 16               1530         6.0500E+00
             60                 17                353         7.2000E+00
             60                 18                 41         8.4500E+00
             60                 19                  2         9.8000E+00
             60                 20                  6         1.1250E+01
             61                  5                 14         5.0000E-02
             61                  6                 99         1.0000E-01
             61                  7                751         2.5000E-01
             61                  8               4551         5.0000E-01
             61                  9              15346         8.5000E-01
             61                 10              35311         1.3000E+00
             61                 11              54961         1.8500E+00
             61                 12              58948         2.5000E+00
             61                 13              41262         3.2500E+00
             61                 14              20318         4.1000E+00
             61                 15               6735         5.0500E+00
             61                 16               1656         6.1000E+00
             61                 17                294         7.2500E+00
             61                 18                 42         8.5000E+00
             61                 19                 13         9.8500E+00
             62                  5                 13         2.0000E-01
             62                  6                106         2.5000E-01
             62                  7                988         4.0000E-01
             62                  8               5369         6.5000E-01
             62                  9              16648         1.0000E+00
             62                 10              35578         1.4500E+00
             62                 11              52587         2.0000E+00
             62                 12              52562         2.6500E+00
             62                 13              35707         3.4000E+00
             62                 14              16025         4.2500E+00
             62                 15               4981         5.2000E+00
             62                 16               1205         6.2500E+00
             62                 17                181         7.4000E+00
             62                 18                 17         8.6500E+00
             62                 19                  3         1.0000E+01
             63                  5                  1         4.5000E-01
             63                  6                 79         5.0000E-01
             63                  7                773         6.5000E-01
             63                  8               3830         9.0000E-01
             63                  9              11855         1.2500E+00
             63                 10              23648         1.7000E+00
             63                 11              33652         2.2500E+00
             63                 12              31205         2.9000E+00
             63                 13              19713         3.6500E+00
             63                 14               8508         4.5000E+00
             63                 15               2510         5.4500E+00
             63                 16                540         6.5000E+00
             63                 17                 70         7.6500E+00
             63                 18                 11         8.9000E+00
             64                  6                 21         8.5000E-01
             64                  7                301         1.0000E+00
             64                  8               1694         1.2500E+00
             64                  9               5258         1.6000E+00
             64                 10              10260         2.0500E+00
             64                 11              14002         2.6000E+00
             64                 12              12275         3.2500E+00
             64                 13               7409         4.0000E+00
             64                 14               2887         4.8500E+00
             64                 15                755         5.8000E+00
             64                 16                206         6.8500E+00
             64                 17                 28         8.0000E+00
             64                 18                  1         9.2500E+00
             65                  6                  3         1.3000E+00
             65                  7                 78         1.4500E+00
             65                  8                428         1.7000E+00
             65                  9               1277         2.0500E+00
             65                 10               2535         2.5000E+00
             65                 11               3083         3.0500E+00
             65                 12               2747         3.7000E+00
             65                 13               1507         4.4500E+00
             65                 14                580         5.3000E+00
             65                 15                164         6.2500E+00
             65                 16                 34         7.3000E+00
             65                 17                  1         8.4500E+00
             66                  6                  1         1.8500E+00
             66                  7                  3         2.0000E+00
             66                  8                 31         2.2500E+00
             66                  9                 63         2.6000E+00
             66                 10                217         3.0500E+00
             66                 11                351         3.6000E+00
             66                 12                246         4.2500E+00
             66                 13                152         5.0000E+00
             66                 14                 50         5.8500E+00
             66                 15                 17         6.8000E+00
