  #Crystal Size      Water Content              Count               Bias
             46                 11                  3         1.0000E-01
             48                 10                  2         4.5000E-01
             48                 11                 11         5.0000E-01
             48                 12                  4         6.5000E-01
             48                 13                 14         9.0000E-01
             48                 14                 20         1.2500E+00
             48                 15                  1         1.7000E+00
             48                 16                  5         2.2500E+00
             49                 10                  4         8.0000E-01
             49                 11                 20         8.5000E-01
             49                 12                 39         1.0000E+00
             49                 13                 65         1.2500E+00
             49                 14                 77         1.6000E+00
             49                 15                 27         2.0500E+00
             49                 16                 40         2.6000E+00
             49                 17                  9         3.2500E+00
             50                  9                  5         1.3000E+00
             50                 10                 31         1.2500E+00
             50                 11                 96         1.3000E+00
             50                 12                200         1.4500E+00
             50                 13                288         1.7000E+00
             50                 14                290         2.0500E+00
             50                 15                173         2.5000E+00
             50                 16                104         3.0500E+00
             50                 17                 28         3.7000E+00
             50                 18                  2         4.4500E+00
             51                  9                 25         1.8500E+00
             51                 10                122         1.8000E+00
             51                 11                282         1.8500E+00
             51                 12                756         2.0000E+00
             51                 13               1114         2.2500E+00
             51                 14               1080         2.6000E+00
             51                 15                783         3.0500E+00
             51                 16                399         3.6000E+00
             51                 17                147         4.2500E+00
             51                 18                 31         5.0000E+00
             52                  8                  3         2.6500E+00
             52                  9                 68         2.5000E+00
             52                 10                266         2.4500E+00
             52                 11               1202         2.5000E+00
             52                 12               2628         2.6500E+00
             52                 13               3918         2.9000E+00
             52                 14               4112         3.2500E+00
             52                 15               2748         3.7000E+00
             52                 16               1191         4.2500E+00
             52                 17                420         4.9000E+00
             52                 18                 72         5.6500E+00
             52                 19                 11         6.5000E+00
             52                 21                  1         8.5000E+00
             53                  8                  3         3.4000E+00
             53                  9                110         3.2500E+00
             53                 10                754         3.2000E+00
             53                 11               3437         3.2500E+00
             53                 12               7350         3.4000E+00
             53                 13              10611         3.6500E+00
             53                 14              11049         4.0000E+00
             53                 15               7151         4.4500E+00
             53                 16               3495         5.0000E+00
             53                 17               1242         5.6500E+00
             53                 18                212         6.4000E+00
             53                 19                 64         7.2500E+00
             53                 20                  8         8.2000E+00
             54                  8                 13         4.2500E+00
             54                  9                197         4.1000E+00
             54                 10               1626         4.0500E+00
             54                 11               7208         4.1000E+00
             54                 12              15650         4.2500E+00
             54                 13              22245         4.5000E+00
             54                 14              22394         4.8500E+00
             54                 15              15444         5.3000E+00
             54                 16               7164         5.8500E+00
             54                 17               2337         6.5000E+00
             54                 18                506         7.2500E+00
             54                 19                 78         8.1000E+00
             54                 20                  8         9.0500E+00
             55                  8                 28         5.2000E+00
             55                  9                457         5.0500E+00
             55                 10               3638         5.0000E+00
             55                 11              12024         5.0500E+00
             55                 12              26062         5.2000E+00
             55                 13              37496         5.4500E+00
             55                 14              37209         5.8000E+00
             55                 15              24469         6.2500E+00
             55                 16              11143         6.8000E+00
             55                 17               3698         7.4500E+00
             55                 18                892         8.2000E+00
             55                 19                129         9.0500E+00
             55                 20                  2         1.0000E+01
             56                  7                  4         6.5000E+00
             56                  8                 41         6.2500E+00
             56                  9                840         6.1000E+00
             56                 10               4764         6.0500E+00
             56                 11              16956         6.1000E+00
             56                 12              35363         6.2500E+00
             56                 13              48165         6.5000E+00
             56                 14              46813         6.8500E+00
             56                 15              30743         7.3000E+00
             56                 16              14511         7.8500E+00
             56                 17               4875         8.5000E+00
             56                 18               1221         9.2500E+00
             56                 19                304         1.0100E+01
             56                 20                 19         1.1050E+01
             57                  8                 70         7.4000E+00
             57                  9                938         7.2500E+00
             57                 10               5313         7.2000E+00
             57                 11              16864         7.2500E+00
             57                 12              36347         7.4000E+00
             57                 13              48613         7.6500E+00
             57                 14              44886         8.0000E+00
             57                 15              29061         8.4500E+00
             57                 16              13587         9.0000E+00
             57                 17               4419         9.6500E+00
             57                 18               1015         1.0400E+01
             57                 19                185         1.1250E+01
             57                 20                 40         1.2200E+01
             57                 21                  1         1.3250E+01
             57                 22                  1         1.4400E+01
             58                  8                 75         8.6500E+00
             58                  9                754         8.5000E+00
             58                 10               4272         8.4500E+00
             58                 11              13559         8.5000E+00
             58                 12              27412         8.6500E+00
             58                 13              35798         8.9000E+00
             58                 14              32371         9.2500E+00
             58                 15              20536         9.7000E+00
             58                 16              10133         1.0250E+01
             58                 17               3235         1.0900E+01
             58                 18                672         1.1650E+01
             58                 19                 61         1.2500E+01
             58                 20                  9         1.3450E+01
             58                 21                  5         1.4500E+01
             59                  8                 36         1.0000E+01
             59                  9                404         9.8500E+00
             59                 10               2452         9.8000E+00
             59                 11               8545         9.8500E+00
             59                 12              15966         1.0000E+01
             59                 13              20257         1.0250E+01
             59                 14              17063         1.0600E+01
             59                 15              10394         1.1050E+01
             59                 16               4693         1.1600E+01
             59                 17               1462         1.2250E+01
             59                 18                354         1.3000E+01
             59                 19                 89         1.3850E+01
             59                 20                 19         1.4800E+01
             60                  8                  4         1.1450E+01
             60                  9                125         1.1300E+01
             60                 10               1040         1.1250E+01
             60                 11               3513         1.1300E+01
             60                 12               6442         1.1450E+01
             60                 13               8287         1.1700E+01
             60                 14               6355         1.2050E+01
             60                 15               3619         1.2500E+01
             60                 16               1493         1.3050E+01
             60                 17                574         1.3700E+01
             60                 18                137         1.4450E+01
             60                 19                 25         1.5300E+01
             60                 20                 11         1.6250E+01
             61                  8                  1         1.3000E+01
             61                  9                 36         1.2850E+01
             61                 10                324         1.2800E+01
             61                 11                918         1.2850E+01
             61                 12               1998         1.3000E+01
             61                 13               2315         1.3250E+01
             61                 14               1828         1.3600E+01
             61                 15               1095         1.4050E+01
             61                 16                410         1.4600E+01
             61                 17                160         1.5250E+01
             61                 18                 53         1.6000E+01
             61                 19                 17         1.6850E+01
             61                 20                  1         1.7800E+01
             62                  9                 15         1.4500E+01
             62                 10                 88         1.4450E+01
             62                 11                201         1.4500E+01
             62                 12                438         1.4650E+01
             62                 13                406         1.4900E+01
             62                 14                347         1.5250E+01
             62                 15                226         1.5700E+01
             62                 16                 70         1.6250E+01
             62                 17                 25         1.6900E+01
             62                 18                  4         1.7650E+01
             62                 19                  1         1.8500E+01
             63                 10                  2         1.6200E+01
             63                 11                  6         1.6250E+01
             63                 12                 80         1.6400E+01
             63                 13                 97         1.6650E+01
             63                 14                 38         1.7000E+01
             63                 15                 14         1.7450E+01
             63                 16                 12         1.8000E+01
             63                 17                  8         1.8650E+01
             64                 12                  1         1.8250E+01
             64                 13                 10         1.8500E+01
             64                 14                  3         1.8850E+01
             64                 15                  2         1.9300E+01
