  #Crystal Size      Water Content              Count               Bias
             53                 12                  1         2.9000E+00
             53                 13                  1         2.6500E+00
             53                 15                  3         2.4500E+00
             53                 16                  2         2.5000E+00
             53                 17                  4         2.6500E+00
             53                 18                  1         2.9000E+00
             54                 12                  3         2.2500E+00
             54                 13                 19         2.0000E+00
             54                 14                 39         1.8500E+00
             54                 15                 33         1.8000E+00
             54                 16                 34         1.8500E+00
             54                 17                 15         2.0000E+00
             54                 18                  5         2.2500E+00
             54                 19                  2         2.6000E+00
             55                 10                  1         2.5000E+00
             55                 11                  3         2.0500E+00
             55                 12                 32         1.7000E+00
             55                 13                124         1.4500E+00
             55                 14                202         1.3000E+00
             55                 15                220         1.2500E+00
             55                 16                180         1.3000E+00
             55                 17                143         1.4500E+00
             55                 18                 68         1.7000E+00
             55                 19                 10         2.0500E+00
             55                 20                  6         2.5000E+00
             55                 21                  1         3.0500E+00
             56                  8                  1         3.2500E+00
             56                  9                  1         2.6000E+00
             56                 10                  5         2.0500E+00
             56                 11                 63         1.6000E+00
             56                 12                228         1.2500E+00
             56                 13                741         1.0000E+00
             56                 14               1079         8.5000E-01
             56                 15               1151         8.0000E-01
             56                 16                929         8.5000E-01
             56                 17                730         1.0000E+00
             56                 18                318         1.2500E+00
             56                 19                 95         1.6000E+00
             56                 20                 18         2.0500E+00
             57                  8                  1         2.9000E+00
             57                  9                  7         2.2500E+00
             57                 10                 64         1.7000E+00
             57                 11                374         1.2500E+00
             57                 12               1164         9.0000E-01
             57                 13               3140         6.5000E-01
             57                 14               4287         5.0000E-01
             57                 15               4545         4.5000E-01
             57                 16               3407         5.0000E-01
             57                 17               2209         6.5000E-01
             57                 18               1059         9.0000E-01
             57                 19                368         1.2500E+00
             57                 20                104         1.7000E+00
             57                 21                 26         2.2500E+00
             57                 22                  7         2.9000E+00
             58                  8                  8         2.6500E+00
             58                  9                 23         2.0000E+00
             58                 10                238         1.4500E+00
             58                 11               1359         1.0000E+00
             58                 12               4125         6.5000E-01
             58                 13               9293         4.0000E-01
             58                 14              13168         2.5000E-01
             58                 15              13717         2.0000E-01
             58                 16               9941         2.5000E-01
             58                 17               5845         4.0000E-01
             58                 18               2554         6.5000E-01
             58                 19                836         1.0000E+00
             58                 20                247         1.4500E+00
             58                 21                 32         2.0000E+00
             58                 22                 12         2.6500E+00
             58                 23                  2         3.4000E+00
             59                  7                  1         3.2500E+00
             59                  8                 18         2.5000E+00
             59                  9                113         1.8500E+00
             59                 10                685         1.3000E+00
             59                 11               3351         8.5000E-01
             59                 12              10243         5.0000E-01
             59                 13              20740         2.5000E-01
             59                 14              29142         1.0000E-01
             59                 15              29640         5.0000E-02
             59                 16              21619         1.0000E-01
             59                 17              11898         2.5000E-01
             59                 18               5088         5.0000E-01
             59                 19               1808         8.5000E-01
             59                 20                470         1.3000E+00
             59                 21                 97         1.8500E+00
             59                 22                 17         2.5000E+00
             59                 23                  5         3.2500E+00
             60                  7                  3         3.2000E+00
             60                  8                 29         2.4500E+00
             60                  9                190         1.8000E+00
             60                 10               1291         1.2500E+00
             60                 11               5730         8.0000E-01
             60                 12              16939         4.5000E-01
             60                 13              33909         2.0000E-01
             60                 14              46899         5.0000E-02
             60                 15              46508         0.0000E+00
             60                 16              33259         5.0000E-02
             60                 17              18071         2.0000E-01
             60                 18               7284         4.5000E-01
             60                 19               2385         8.0000E-01
             60                 20                601         1.2500E+00
             60                 21                137         1.8000E+00
             60                 22                 20         2.4500E+00
             60                 23                  3         3.2000E+00
             61                  8                 43         2.5000E+00
             61                  9                234         1.8500E+00
             61                 10               1685         1.3000E+00
             61                 11               7328         8.5000E-01
             61                 12              20784         5.0000E-01
             61                 13              40115         2.5000E-01
             61                 14              54170         1.0000E-01
             61                 15              50969         5.0000E-02
             61                 16              35752         1.0000E-01
             61                 17              18636         2.5000E-01
             61                 18               7400         5.0000E-01
             61                 19               2491         8.5000E-01
             61                 20                599         1.3000E+00
             61                 21                164         1.8500E+00
             61                 22                 29         2.5000E+00
             61                 23                  4         3.2500E+00
             62                  7                  2         3.4000E+00
             62                  8                 37         2.6500E+00
             62                  9                254         2.0000E+00
             62                 10               1634         1.4500E+00
             62                 11               6582         1.0000E+00
             62                 12              17093         6.5000E-01
             62                 13              32851         4.0000E-01
             62                 14              42643         2.5000E-01
             62                 15              38794         2.0000E-01
             62                 16              25881         2.5000E-01
             62                 17              13238         4.0000E-01
             62                 18               5510         6.5000E-01
             62                 19               1926         1.0000E+00
             62                 20                473         1.4500E+00
             62                 21                 86         2.0000E+00
             62                 22                 13         2.6500E+00
             62                 23                  2         3.4000E+00
             63                  8                 25         2.9000E+00
             63                  9                154         2.2500E+00
             63                 10                927         1.7000E+00
             63                 11               3827         1.2500E+00
             63                 12              10209         9.0000E-01
             63                 13              18273         6.5000E-01
             63                 14              22328         5.0000E-01
             63                 15              19487         4.5000E-01
             63                 16              12591         5.0000E-01
             63                 17               5987         6.5000E-01
             63                 18               2634         9.0000E-01
             63                 19                989         1.2500E+00
             63                 20                242         1.7000E+00
             63                 21                 33         2.2500E+00
             63                 22                  1         2.9000E+00
             64                  8                  8         3.2500E+00
             64                  9                 65         2.6000E+00
             64                 10                375         2.0500E+00
             64                 11               1480         1.6000E+00
             64                 12               3723         1.2500E+00
             64                 13               6279         1.0000E+00
             64                 14               7308         8.5000E-01
             64                 15               6067         8.0000E-01
             64                 16               3903         8.5000E-01
             64                 17               1650         1.0000E+00
             64                 18                720         1.2500E+00
             64                 19                227         1.6000E+00
             64                 20                 58         2.0500E+00
             64                 21                  8         2.6000E+00
             64                 22                  4         3.2500E+00
             65                  9                 14         3.0500E+00
             65                 10                 77         2.5000E+00
             65                 11                286         2.0500E+00
             65                 12                767         1.7000E+00
             65                 13               1255         1.4500E+00
             65                 14               1261         1.3000E+00
             65                 15                973         1.2500E+00
             65                 16                708         1.3000E+00
             65                 17                309         1.4500E+00
             65                 18                110         1.7000E+00
             65                 19                 33         2.0500E+00
             66                  9                  1         3.6000E+00
             66                 10                  8         3.0500E+00
             66                 11                 10         2.6000E+00
             66                 12                 55         2.2500E+00
             66                 13                 57         2.0000E+00
             66                 14                 76         1.8500E+00
             66                 15                 76         1.8000E+00
             66                 16                 38         1.8500E+00
             66                 17                 12         2.0000E+00
             66                 18                  3         2.2500E+00
             66                 19                  1         2.6000E+00
