  #Crystal Size      Water Content              Count               Bias
             47                 12                  2         2.6500E+00
             47                 13                  7         3.4000E+00
             48                 11                 12         2.2500E+00
             48                 12                  6         2.9000E+00
             48                 13                 18         3.6500E+00
             48                 14                 13         4.5000E+00
             48                 16                  1         6.5000E+00
             49                  9                  1         1.6000E+00
             49                 10                  8         2.0500E+00
             49                 11                 30         2.6000E+00
             49                 12                 69         3.2500E+00
             49                 13                 70         4.0000E+00
             49                 14                 31         4.8500E+00
             49                 15                  7         5.8000E+00
             49                 18                  1         9.2500E+00
             50                  8                  2         1.7000E+00
             50                  9                 57         2.0500E+00
             50                 10                 94         2.5000E+00
             50                 11                289         3.0500E+00
             50                 12                372         3.7000E+00
             50                 13                387         4.4500E+00
             50                 14                183         5.3000E+00
             50                 15                 84         6.2500E+00
             50                 16                 19         7.3000E+00
             50                 17                  5         8.4500E+00
             51                  8                 14         2.2500E+00
             51                  9                231         2.6000E+00
             51                 10                571         3.0500E+00
             51                 11               1346         3.6000E+00
             51                 12               1640         4.2500E+00
             51                 13               1607         5.0000E+00
             51                 14                777         5.8500E+00
             51                 15                386         6.8000E+00
             51                 16                185         7.8500E+00
             51                 17                 41         9.0000E+00
             51                 18                 10         1.0250E+01
             52                  7                  1         2.6500E+00
             52                  8                 74         2.9000E+00
             52                  9                724         3.2500E+00
             52                 10               2054         3.7000E+00
             52                 11               3786         4.2500E+00
             52                 12               5061         4.9000E+00
             52                 13               4948         5.6500E+00
             52                 14               2730         6.5000E+00
             52                 15               1152         7.4500E+00
             52                 16                538         8.5000E+00
             52                 17                243         9.6500E+00
             52                 18                 46         1.0900E+01
             52                 19                  3         1.2250E+01
             53                  7                 14         3.4000E+00
             53                  8                282         3.6500E+00
             53                  9               1565         4.0000E+00
             53                 10               4571         4.4500E+00
             53                 11               9188         5.0000E+00
             53                 12              12834         5.6500E+00
             53                 13              11703         6.4000E+00
             53                 14               7131         7.2500E+00
             53                 15               2694         8.2000E+00
             53                 16               1060         9.2500E+00
             53                 17                380         1.0400E+01
             53                 18                100         1.1650E+01
             53                 19                 23         1.3000E+01
             54                  6                  8         4.1000E+00
             54                  7                 66         4.2500E+00
             54                  8                580         4.5000E+00
             54                  9               2750         4.8500E+00
             54                 10               8928         5.3000E+00
             54                 11              19064         5.8500E+00
             54                 12              25528         6.5000E+00
             54                 13              22616         7.2500E+00
             54                 14              12666         8.1000E+00
             54                 15               4910         9.0500E+00
             54                 16               1798         1.0100E+01
             54                 17                510         1.1250E+01
             54                 18                127         1.2500E+01
             54                 19                 17         1.3850E+01
             54                 20                  2         1.5300E+01
             55                  6                 10         5.0500E+00
             55                  7                126         5.2000E+00
             55                  8               1018         5.4500E+00
             55                  9               4665         5.8000E+00
             55                 10              15592         6.2500E+00
             55                 11              30493         6.8000E+00
             55                 12              40018         7.4500E+00
             55                 13              34359         8.2000E+00
             55                 14              18913         9.0500E+00
             55                 15               7056         1.0000E+01
             55                 16               2412         1.1050E+01
             55                 17                860         1.2200E+01
             55                 18                177         1.3450E+01
             55                 19                 23         1.4800E+01
             56                  6                 55         6.1000E+00
             56                  7                196         6.2500E+00
             56                  8               1492         6.5000E+00
             56                  9               7117         6.8500E+00
             56                 10              20897         7.3000E+00
             56                 11              40247         7.8500E+00
             56                 12              51368         8.5000E+00
             56                 13              41813         9.2500E+00
             56                 14              22068         1.0100E+01
             56                 15               8551         1.1050E+01
             56                 16               2508         1.2100E+01
             56                 17                805         1.3250E+01
             56                 18                170         1.4500E+01
             56                 19                 28         1.5850E+01
             56                 20                  2         1.7300E+01
             57                  6                 41         7.2500E+00
             57                  7                263         7.4000E+00
             57                  8               1748         7.6500E+00
             57                  9               8004         8.0000E+00
             57                 10              21987         8.4500E+00
             57                 11              41801         9.0000E+00
             57                 12              50949         9.6500E+00
             57                 13              38773         1.0400E+01
             57                 14              20342         1.1250E+01
             57                 15               7282         1.2200E+01
             57                 16               2107         1.3250E+01
             57                 17                538         1.4400E+01
             57                 18                104         1.5650E+01
             57                 19                 17         1.7000E+01
             58                  5                  1         8.4500E+00
             58                  6                 57         8.5000E+00
             58                  7                220         8.6500E+00
             58                  8               1534         8.9000E+00
             58                  9               6465         9.2500E+00
             58                 10              18445         9.7000E+00
             58                 11              32592         1.0250E+01
             58                 12              37091         1.0900E+01
             58                 13              28112         1.1650E+01
             58                 14              13935         1.2500E+01
             58                 15               4792         1.3450E+01
             58                 16               1291         1.4500E+01
             58                 17                288         1.5650E+01
             58                 18                 34         1.6900E+01
             58                 19                  6         1.8250E+01
             59                  5                  2         9.8000E+00
             59                  6                 27         9.8500E+00
             59                  7                270         1.0000E+01
             59                  8               1066         1.0250E+01
             59                  9               4137         1.0600E+01
             59                 10              11559         1.1050E+01
             59                 11              19197         1.1600E+01
             59                 12              20704         1.2250E+01
             59                 13              14821         1.3000E+01
             59                 14               7304         1.3850E+01
             59                 15               2351         1.4800E+01
             59                 16                513         1.5850E+01
             59                 17                 64         1.7000E+01
             59                 18                 12         1.8250E+01
             60                  6                 15         1.1300E+01
             60                  7                121         1.1450E+01
             60                  8                464         1.1700E+01
             60                  9               1846         1.2050E+01
             60                 10               4958         1.2500E+01
             60                 11               7865         1.3050E+01
             60                 12               8029         1.3700E+01
             60                 13               5496         1.4450E+01
             60                 14               2693         1.5300E+01
             60                 15                946         1.6250E+01
             60                 16                118         1.7300E+01
             60                 17                 11         1.8450E+01
             61                  7                 25         1.3000E+01
             61                  8                150         1.3250E+01
             61                  9                769         1.3600E+01
             61                 10               1469         1.4050E+01
             61                 11               2445         1.4600E+01
             61                 12               2413         1.5250E+01
             61                 13               1794         1.6000E+01
             61                 14                772         1.6850E+01
             61                 15                214         1.7800E+01
             61                 16                 31         1.8850E+01
             62                  7                 10         1.4650E+01
             62                  8                 26         1.4900E+01
             62                  9                202         1.5250E+01
             62                 10                370         1.5700E+01
             62                 11                496         1.6250E+01
             62                 12                450         1.6900E+01
             62                 13                317         1.7650E+01
             62                 14                126         1.8500E+01
             62                 15                 28         1.9450E+01
             62                 16                  3         2.0500E+01
             63                  8                  4         1.6650E+01
             63                  9                 32         1.7000E+01
             63                 10                 51         1.7450E+01
             63                 11                 96         1.8000E+01
             63                 12                109         1.8650E+01
             63                 13                 36         1.9400E+01
             63                 14                 18         2.0250E+01
             63                 15                 11         2.1200E+01
             63                 16                  1         2.2250E+01
             64                  9                  7         1.8850E+01
             64                 10                 10         1.9300E+01
             64                 11                 13         1.9850E+01
             64                 12                  3         2.0500E+01
             65                 10                  1         2.1250E+01
