  #Crystal Size      Water Content              Count               Bias
             52                 16                  1         4.0000E+00
             52                 19                  3         3.2500E+00
             52                 20                  1         3.2000E+00
             53                 15                  2         3.7000E+00
             53                 16                 16         3.2500E+00
             53                 17                  7         2.9000E+00
             53                 18                  6         2.6500E+00
             53                 19                  8         2.5000E+00
             53                 20                  7         2.4500E+00
             54                 11                  1         5.8500E+00
             54                 12                  1         5.0000E+00
             54                 13                  1         4.2500E+00
             54                 14                  1         3.6000E+00
             54                 15                 14         3.0500E+00
             54                 16                 37         2.6000E+00
             54                 17                 35         2.2500E+00
             54                 18                 35         2.0000E+00
             54                 19                 22         1.8500E+00
             54                 20                 29         1.8000E+00
             54                 21                 10         1.8500E+00
             54                 25                  1         3.0500E+00
             55                 11                  4         5.3000E+00
             55                 12                  5         4.4500E+00
             55                 13                 14         3.7000E+00
             55                 14                 38         3.0500E+00
             55                 15                140         2.5000E+00
             55                 16                200         2.0500E+00
             55                 17                203         1.7000E+00
             55                 18                159         1.4500E+00
             55                 19                135         1.3000E+00
             55                 20                105         1.2500E+00
             55                 21                 45         1.3000E+00
             55                 22                 17         1.4500E+00
             55                 23                  1         1.7000E+00
             55                 25                  7         2.5000E+00
             55                 26                  6         3.0500E+00
             56                 10                  1         5.8000E+00
             56                 11                 12         4.8500E+00
             56                 12                 61         4.0000E+00
             56                 13                162         3.2500E+00
             56                 14                330         2.6000E+00
             56                 15                703         2.0500E+00
             56                 16                975         1.6000E+00
             56                 17               1039         1.2500E+00
             56                 18                766         1.0000E+00
             56                 19                581         8.5000E-01
             56                 20                422         8.0000E-01
             56                 21                217         8.5000E-01
             56                 22                 72         1.0000E+00
             56                 23                 33         1.2500E+00
             56                 24                 15         1.6000E+00
             56                 25                 18         2.0500E+00
             56                 26                  3         2.6000E+00
             57                 10                  8         5.4500E+00
             57                 11                 75         4.5000E+00
             57                 12                223         3.6500E+00
             57                 13                612         2.9000E+00
             57                 14               1486         2.2500E+00
             57                 15               2761         1.7000E+00
             57                 16               3612         1.2500E+00
             57                 17               3811         9.0000E-01
             57                 18               2904         6.5000E-01
             57                 19               2099         5.0000E-01
             57                 20               1318         4.5000E-01
             57                 21                724         5.0000E-01
             57                 22                335         6.5000E-01
             57                 23                116         9.0000E-01
             57                 24                 58         1.2500E+00
             57                 25                 12         1.7000E+00
             58                  9                  6         6.2500E+00
             58                 10                 32         5.2000E+00
             58                 11                181         4.2500E+00
             58                 12                730         3.4000E+00
             58                 13               2045         2.6500E+00
             58                 14               4828         2.0000E+00
             58                 15               8798         1.4500E+00
             58                 16              10992         1.0000E+00
             58                 17              10831         6.5000E-01
             58                 18               8222         4.0000E-01
             58                 19               5697         2.5000E-01
             58                 20               3350         2.0000E-01
             58                 21               1619         2.5000E-01
             58                 22                765         4.0000E-01
             58                 23                299         6.5000E-01
             58                 24                 86         1.0000E+00
             58                 25                 19         1.4500E+00
             59                  8                  2         7.2500E+00
             59                  9                  6         6.1000E+00
             59                 10                 63         5.0500E+00
             59                 11                444         4.1000E+00
             59                 12               1825         3.2500E+00
             59                 13               5353         2.5000E+00
             59                 14              12240         1.8500E+00
             59                 15              19693         1.3000E+00
             59                 16              24123         8.5000E-01
             59                 17              22079         5.0000E-01
             59                 18              17082         2.5000E-01
             59                 19              11264         1.0000E-01
             59                 20               6119         5.0000E-02
             59                 21               3166         1.0000E-01
             59                 22               1312         2.5000E-01
             59                 23                437         5.0000E-01
             59                 24                168         8.5000E-01
             59                 25                 32         1.3000E+00
             59                 26                  2         1.8500E+00
             60                  8                  2         7.2000E+00
             60                  9                  8         6.0500E+00
             60                 10                 90         5.0000E+00
             60                 11                717         4.0500E+00
             60                 12               3271         3.2000E+00
             60                 13               9953         2.4500E+00
             60                 14              22604         1.8000E+00
             60                 15              34407         1.2500E+00
             60                 16              39064         8.0000E-01
             60                 17              35052         4.5000E-01
             60                 18              25094         2.0000E-01
             60                 19              15833         5.0000E-02
             60                 20               8678         0.0000E+00
             60                 21               3901         5.0000E-02
             60                 22               1618         2.0000E-01
             60                 23                643         4.5000E-01
             60                 24                209         8.0000E-01
             60                 25                 51         1.2500E+00
             60                 26                 13         1.8000E+00
             60                 27                  4         2.4500E+00
             61                  9                  2         6.1000E+00
             61                 10                193         5.0500E+00
             61                 11                956         4.1000E+00
             61                 12               4526         3.2500E+00
             61                 13              13622         2.5000E+00
             61                 14              29190         1.8500E+00
             61                 15              42541         1.3000E+00
             61                 16              47185         8.5000E-01
             61                 17              40162         5.0000E-01
             61                 18              27816         2.5000E-01
             61                 19              16492         1.0000E-01
             61                 20               8639         5.0000E-02
             61                 21               3595         1.0000E-01
             61                 22               1521         2.5000E-01
             61                 23                593         5.0000E-01
             61                 24                207         8.5000E-01
             61                 25                 51         1.3000E+00
             61                 26                 16         1.8500E+00
             61                 27                  4         2.5000E+00
             62                  8                  2         7.4000E+00
             62                  9                 15         6.2500E+00
             62                 10                198         5.2000E+00
             62                 11               1016         4.2500E+00
             62                 12               4545         3.4000E+00
             62                 13              13489         2.6500E+00
             62                 14              26731         2.0000E+00
             62                 15              37222         1.4500E+00
             62                 16              39176         1.0000E+00
             62                 17              31352         6.5000E-01
             62                 18              21150         4.0000E-01
             62                 19              12134         2.5000E-01
             62                 20               6006         2.0000E-01
             62                 21               2568         2.5000E-01
             62                 22                983         4.0000E-01
             62                 23                332         6.5000E-01
             62                 24                137         1.0000E+00
             62                 25                 41         1.4500E+00
             62                 26                  3         2.0000E+00
             63                  9                 18         6.5000E+00
             63                 10                178         5.4500E+00
             63                 11                674         4.5000E+00
             63                 12               3013         3.6500E+00
             63                 13               8654         2.9000E+00
             63                 14              16194         2.2500E+00
             63                 15              21356         1.7000E+00
             63                 16              21944         1.2500E+00
             63                 17              16662         9.0000E-01
             63                 18              10618         6.5000E-01
             63                 19               5779         5.0000E-01
             63                 20               2568         4.5000E-01
             63                 21                949         5.0000E-01
             63                 22                449         6.5000E-01
             63                 23                174         9.0000E-01
             63                 24                 30         1.2500E+00
             63                 25                  6         1.7000E+00
             63                 27                  1         2.9000E+00
             64                  9                  1         6.8500E+00
             64                 10                 57         5.8000E+00
             64                 11                291         4.8500E+00
             64                 12               1329         4.0000E+00
             64                 13               3500         3.2500E+00
             64                 14               6117         2.6000E+00
             64                 15               7641         2.0500E+00
             64                 16               7136         1.6000E+00
             64                 17               5307         1.2500E+00
             64                 18               3364         1.0000E+00
             64                 19               1502         8.5000E-01
             64                 20                578         8.0000E-01
             64                 21                240         8.5000E-01
             64                 22                111         1.0000E+00
             64                 23                 26         1.2500E+00
             65                 10                 12         6.2500E+00
             65                 11                 51         5.3000E+00
             65                 12                368         4.4500E+00
             65                 13                762         3.7000E+00
             65                 14               1124         3.0500E+00
             65                 15               1432         2.5000E+00
             65                 16               1184         2.0500E+00
             65                 17                868         1.7000E+00
             65                 18                481         1.4500E+00
             65                 19                187         1.3000E+00
             65                 20                 57         1.2500E+00
             65                 21                 20         1.3000E+00
             65                 22                 27         1.4500E+00
             65                 23                  4         1.7000E+00
             66                 11                  4         5.8500E+00
             66                 12                 23         5.0000E+00
             66                 13                 80         4.2500E+00
             66                 14                129         3.6000E+00
             66                 15                163         3.0500E+00
             66                 16                 85         2.6000E+00
             66                 17                 43         2.2500E+00
             66                 18                 11         2.0000E+00
             66                 19                  4         1.8500E+00
