  #Crystal Size      Water Content              Count               Bias
             54                 10                  3         1.1050E+01
             54                 11                  3         1.2100E+01
             55                 10                 13         1.0000E+01
             55                 11                  9         1.1050E+01
             55                 12                  1         1.2200E+01
             56                  7                  2         6.5000E+00
             56                  9                  7         8.1000E+00
             56                 10                 55         9.0500E+00
             56                 11                 22         1.0100E+01
             56                 12                 17         1.1250E+01
             56                 13                  9         1.2500E+01
             56                 14                  5         1.3850E+01
             57                  6                  1         5.0000E+00
             57                  7                 12         5.6500E+00
             57                  8                 14         6.4000E+00
             57                  9                 85         7.2500E+00
             57                 10                199         8.2000E+00
             57                 11                226         9.2500E+00
             57                 12                148         1.0400E+01
             57                 13                 64         1.1650E+01
             57                 14                  7         1.3000E+01
             57                 15                  3         1.4450E+01
             58                  5                  1         3.7000E+00
             58                  6                 11         4.2500E+00
             58                  7                 40         4.9000E+00
             58                  8                221         5.6500E+00
             58                  9                611         6.5000E+00
             58                 10               1026         7.4500E+00
             58                 11               1188         8.5000E+00
             58                 12                841         9.6500E+00
             58                 13                373         1.0900E+01
             58                 14                118         1.2250E+01
             58                 15                 32         1.3700E+01
             58                 16                  2         1.5250E+01
             59                  4                  1         2.6000E+00
             59                  5                  1         3.0500E+00
             59                  6                 55         3.6000E+00
             59                  7                294         4.2500E+00
             59                  8               1295         5.0000E+00
             59                  9               3021         5.8500E+00
             59                 10               4705         6.8000E+00
             59                 11               4892         7.8500E+00
             59                 12               3471         9.0000E+00
             59                 13               1995         1.0250E+01
             59                 14                589         1.1600E+01
             59                 15                185         1.3050E+01
             59                 16                 52         1.4600E+01
             59                 17                 12         1.6250E+01
             60                  5                 10         2.5000E+00
             60                  6                225         3.0500E+00
             60                  7               1355         3.7000E+00
             60                  8               4777         4.4500E+00
             60                  9              10708         5.3000E+00
             60                 10              15851         6.2500E+00
             60                 11              14917         7.3000E+00
             60                 12              10007         8.4500E+00
             60                 13               4914         9.7000E+00
             60                 14               1439         1.1050E+01
             60                 15                348         1.2500E+01
             60                 16                 98         1.4050E+01
             60                 17                 34         1.5700E+01
             60                 18                  1         1.7450E+01
             61                  5                 61         2.0500E+00
             61                  6                707         2.6000E+00
             61                  7               3740         3.2500E+00
             61                  8              12624         4.0000E+00
             61                  9              26901         4.8500E+00
             61                 10              35960         5.8000E+00
             61                 11              34345         6.8500E+00
             61                 12              22086         8.0000E+00
             61                 13               9375         9.2500E+00
             61                 14               2562         1.0600E+01
             61                 15                596         1.2050E+01
             61                 16                122         1.3600E+01
             61                 17                 21         1.5250E+01
             61                 18                  4         1.7000E+01
             62                  4                 12         1.2500E+00
             62                  5                200         1.7000E+00
             62                  6               1593         2.2500E+00
             62                  7               7308         2.9000E+00
             62                  8              22727         3.6500E+00
             62                  9              45383         4.5000E+00
             62                 10              60990         5.4500E+00
             62                 11              53326         6.5000E+00
             62                 12              32128         7.6500E+00
             62                 13              12487         8.9000E+00
             62                 14               3288         1.0250E+01
             62                 15                638         1.1700E+01
             62                 16                164         1.3250E+01
             62                 17                 21         1.4900E+01
             63                  4                 14         1.0000E+00
             63                  5                261         1.4500E+00
             63                  6               1972         2.0000E+00
             63                  7               9018         2.6500E+00
             63                  8              28000         3.4000E+00
             63                  9              52480         4.2500E+00
             63                 10              67261         5.2000E+00
             63                 11              55433         6.2500E+00
             63                 12              31360         7.4000E+00
             63                 13              11108         8.6500E+00
             63                 14               2491         1.0000E+01
             63                 15                509         1.1450E+01
             63                 16                 93         1.3000E+01
             63                 17                 35         1.4650E+01
             63                 18                  1         1.6400E+01
             64                  4                  1         8.5000E-01
             64                  5                201         1.3000E+00
             64                  6               1553         1.8500E+00
             64                  7               7663         2.5000E+00
             64                  8              21783         3.2500E+00
             64                  9              39029         4.1000E+00
             64                 10              46659         5.0500E+00
             64                 11              36605         6.1000E+00
             64                 12              18557         7.2500E+00
             64                 13               6219         8.5000E+00
             64                 14               1314         9.8500E+00
             64                 15                235         1.1300E+01
             64                 16                 28         1.2850E+01
             64                 17                 19         1.4500E+01
             65                  4                  1         8.0000E-01
             65                  5                 56         1.2500E+00
             65                  6                648         1.8000E+00
             65                  7               3262         2.4500E+00
             65                  8               9374         3.2000E+00
             65                  9              16236         4.0500E+00
             65                 10              18390         5.0000E+00
             65                 11              13561         6.0500E+00
             65                 12               6111         7.2000E+00
             65                 13               1664         8.4500E+00
             65                 14                306         9.8000E+00
             65                 15                 52         1.1250E+01
             65                 16                  1         1.2800E+01
             66                  5                  7         1.3000E+00
             66                  6                115         1.8500E+00
             66                  7                618         2.5000E+00
             66                  8               1553         3.2500E+00
             66                  9               2512         4.1000E+00
             66                 10               2771         5.0500E+00
             66                 11               1842         6.1000E+00
             66                 12                831         7.2500E+00
             66                 13                178         8.5000E+00
             66                 14                 16         9.8500E+00
             66                 15                  3         1.1300E+01
