  #Crystal Size      Water Content              Count               Bias
             48                 10                  3         5.2000E+00
             48                 11                  3         6.2500E+00
             48                 12                  3         7.4000E+00
             48                 13                  2         8.6500E+00
             48                 14                  1         1.0000E+01
             49                  6                  1         1.8500E+00
             49                  7                  6         2.5000E+00
             49                  9                  4         4.1000E+00
             49                 10                  9         5.0500E+00
             49                 11                  1         6.1000E+00
             49                 12                  9         7.2500E+00
             49                 13                  6         8.5000E+00
             49                 14                 11         9.8500E+00
             50                  7                 14         2.4500E+00
             50                  8                 18         3.2000E+00
             50                  9                 25         4.0500E+00
             50                 10                 49         5.0000E+00
             50                 11                 92         6.0500E+00
             50                 12                 69         7.2000E+00
             50                 13                 40         8.4500E+00
             50                 14                 39         9.8000E+00
             50                 15                  3         1.1250E+01
             51                  6                  6         1.8500E+00
             51                  7                 20         2.5000E+00
             51                  8                 56         3.2500E+00
             51                  9                156         4.1000E+00
             51                 10                336         5.0500E+00
             51                 11                380         6.1000E+00
             51                 12                315         7.2500E+00
             51                 13                275         8.5000E+00
             51                 14                143         9.8500E+00
             51                 15                 22         1.1300E+01
             51                 16                  6         1.2850E+01
             51                 17                  1         1.4500E+01
             52                  6                  6         2.0000E+00
             52                  7                 55         2.6500E+00
             52                  8                159         3.4000E+00
             52                  9                632         4.2500E+00
             52                 10               1135         5.2000E+00
             52                 11               1455         6.2500E+00
             52                 12               1376         7.4000E+00
             52                 13               1084         8.6500E+00
             52                 14                641         1.0000E+01
             52                 15                168         1.1450E+01
             52                 16                 55         1.3000E+01
             52                 17                  7         1.4650E+01
             53                  6                 22         2.2500E+00
             53                  7                114         2.9000E+00
             53                  8                540         3.6500E+00
             53                  9               1784         4.5000E+00
             53                 10               3269         5.4500E+00
             53                 11               4051         6.5000E+00
             53                 12               4407         7.6500E+00
             53                 13               3339         8.9000E+00
             53                 14               1803         1.0250E+01
             53                 15                710         1.1700E+01
             53                 16                201         1.3250E+01
             53                 17                 55         1.4900E+01
             54                  6                 36         2.6000E+00
             54                  7                242         3.2500E+00
             54                  8               1281         4.0000E+00
             54                  9               4004         4.8500E+00
             54                 10               8209         5.8000E+00
             54                 11              10598         6.8500E+00
             54                 12              10841         8.0000E+00
             54                 13               7555         9.2500E+00
             54                 14               4587         1.0600E+01
             54                 15               1966         1.2050E+01
             54                 16                688         1.3600E+01
             54                 17                136         1.5250E+01
             54                 18                 14         1.7000E+01
             55                  6                 26         3.0500E+00
             55                  7                389         3.7000E+00
             55                  8               2401         4.4500E+00
             55                  9               7604         5.3000E+00
             55                 10              16114         6.2500E+00
             55                 11              21096         7.3000E+00
             55                 12              20185         8.4500E+00
             55                 13              14621         9.7000E+00
             55                 14               8452         1.1050E+01
             55                 15               3732         1.2500E+01
             55                 16               1097         1.4050E+01
             55                 17                219         1.5700E+01
             55                 18                 69         1.7450E+01
             55                 19                  9         1.9300E+01
             56                  6                 51         3.6000E+00
             56                  7                630         4.2500E+00
             56                  8               3712         5.0000E+00
             56                  9              12259         5.8500E+00
             56                 10              25909         6.8000E+00
             56                 11              33179         7.8500E+00
             56                 12              31096         9.0000E+00
             56                 13              22263         1.0250E+01
             56                 14              12258         1.1600E+01
             56                 15               5090         1.3050E+01
             56                 16               1711         1.4600E+01
             56                 17                400         1.6250E+01
             56                 18                 64         1.8000E+01
             56                 19                 18         1.9850E+01
             56                 20                  5         2.1800E+01
             57                  6                120         4.2500E+00
             57                  7                960         4.9000E+00
             57                  8               5513         5.6500E+00
             57                  9              18383         6.5000E+00
             57                 10              34558         7.4500E+00
             57                 11              41667         8.5000E+00
             57                 12              36015         9.6500E+00
             57                 13              23944         1.0900E+01
             57                 14              12970         1.2250E+01
             57                 15               5831         1.3700E+01
             57                 16               2068         1.5250E+01
             57                 17                495         1.6900E+01
             57                 18                 44         1.8650E+01
             57                 19                 12         2.0500E+01
             57                 20                  3         2.2450E+01
             58                  5                  4         4.4500E+00
             58                  6                221         5.0000E+00
             58                  7               1635         5.6500E+00
             58                  8               7244         6.4000E+00
             58                  9              21639         7.2500E+00
             58                 10              37466         8.2000E+00
             58                 11              42633         9.2500E+00
             58                 12              33284         1.0400E+01
             58                 13              19831         1.1650E+01
             58                 14               9550         1.3000E+01
             58                 15               4409         1.4450E+01
             58                 16               1557         1.6000E+01
             58                 17                331         1.7650E+01
             58                 18                 50         1.9400E+01
             58                 19                  6         2.1250E+01
             59                  5                 34         5.3000E+00
             59                  6                237         5.8500E+00
             59                  7               1975         6.5000E+00
             59                  8               7927         7.2500E+00
             59                  9              21387         8.1000E+00
             59                 10              34211         9.0500E+00
             59                 11              34950         1.0100E+01
             59                 12              23959         1.1250E+01
             59                 13              12377         1.2500E+01
             59                 14               5736         1.3850E+01
             59                 15               2681         1.5300E+01
             59                 16                950         1.6850E+01
             59                 17                327         1.8500E+01
             59                 18                 57         2.0250E+01
             59                 19                  2         2.2100E+01
             60                  5                 19         6.2500E+00
             60                  6                353         6.8000E+00
             60                  7               1719         7.4500E+00
             60                  8               6701         8.2000E+00
             60                  9              15705         9.0500E+00
             60                 10              23688         1.0000E+01
             60                 11              21892         1.1050E+01
             60                 12              13458         1.2200E+01
             60                 13               6466         1.3450E+01
             60                 14               2692         1.4800E+01
             60                 15               1111         1.6250E+01
             60                 16                355         1.7800E+01
             60                 17                151         1.9450E+01
             60                 18                 30         2.1200E+01
             60                 19                  1         2.3050E+01
             61                  5                 41         7.3000E+00
             61                  6                284         7.8500E+00
             61                  7               1086         8.5000E+00
             61                  8               4428         9.2500E+00
             61                  9               9141         1.0100E+01
             61                 10              12182         1.1050E+01
             61                 11              10639         1.2100E+01
             61                 12               6446         1.3250E+01
             61                 13               2499         1.4500E+01
             61                 14                962         1.5850E+01
             61                 15                282         1.7300E+01
             61                 16                 59         1.8850E+01
             61                 17                 61         2.0500E+01
             61                 18                  5         2.2250E+01
             62                  4                  5         8.0000E+00
             62                  5                 33         8.4500E+00
             62                  6                153         9.0000E+00
             62                  7                529         9.6500E+00
             62                  8               1813         1.0400E+01
             62                  9               3596         1.1250E+01
             62                 10               4728         1.2200E+01
             62                 11               3927         1.3250E+01
             62                 12               2301         1.4400E+01
             62                 13                839         1.5650E+01
             62                 14                163         1.7000E+01
             62                 15                 42         1.8450E+01
             62                 16                 14         2.0000E+01
             62                 17                  4         2.1650E+01
             63                  5                  4         9.7000E+00
             63                  6                 87         1.0250E+01
             63                  7                188         1.0900E+01
             63                  8                551         1.1650E+01
             63                  9               1104         1.2500E+01
             63                 10               1310         1.3450E+01
             63                 11               1019         1.4500E+01
             63                 12                563         1.5650E+01
             63                 13                212         1.6900E+01
             63                 14                 49         1.8250E+01
             63                 15                  5         1.9700E+01
             63                 16                  1         2.1250E+01
             64                  5                  3         1.1050E+01
             64                  6                 29         1.1600E+01
             64                  7                 55         1.2250E+01
             64                  8                112         1.3000E+01
             64                  9                203         1.3850E+01
             64                 10                220         1.4800E+01
             64                 11                179         1.5850E+01
             64                 12                102         1.7000E+01
             64                 13                 47         1.8250E+01
             64                 14                 10         1.9600E+01
             65                  7                  6         1.3700E+01
             65                  8                 24         1.4450E+01
             65                  9                 20         1.5300E+01
             65                 10                 18         1.6250E+01
             65                 11                 11         1.7300E+01
             65                 13                  2         1.9700E+01
             66                  8                  2         1.6000E+01
