  #Crystal Size      Water Content              Count               Bias
             45                 13                  1         9.7000E+00
             46                 10                 14         6.8000E+00
             46                 11                 10         7.8500E+00
             46                 12                 16         9.0000E+00
             46                 13                  2         1.0250E+01
             47                  9                 11         6.5000E+00
             47                 10                  7         7.4500E+00
             47                 11                 71         8.5000E+00
             47                 12                105         9.6500E+00
             47                 13                 12         1.0900E+01
             48                  8                 47         6.4000E+00
             48                  9                 71         7.2500E+00
             48                 10                201         8.2000E+00
             48                 11                149         9.2500E+00
             48                 12                224         1.0400E+01
             48                 13                189         1.1650E+01
             48                 14                 29         1.3000E+01
             48                 15                 25         1.4450E+01
             49                  7                  7         6.5000E+00
             49                  8                 76         7.2500E+00
             49                  9                398         8.1000E+00
             49                 10                700         9.0500E+00
             49                 11                854         1.0100E+01
             49                 12                782         1.1250E+01
             49                 13                531         1.2500E+01
             49                 14                153         1.3850E+01
             49                 15                 46         1.5300E+01
             49                 16                  3         1.6850E+01
             50                  7                 73         7.4500E+00
             50                  8                378         8.2000E+00
             50                  9               1378         9.0500E+00
             50                 10               2714         1.0000E+01
             50                 11               3372         1.1050E+01
             50                 12               3049         1.2200E+01
             50                 13               1507         1.3450E+01
             50                 14                342         1.4800E+01
             50                 15                 87         1.6250E+01
             50                 16                 33         1.7800E+01
             50                 17                  1         1.9450E+01
             51                  5                 34         7.3000E+00
             51                  6                 17         7.8500E+00
             51                  7                360         8.5000E+00
             51                  8               1142         9.2500E+00
             51                  9               3244         1.0100E+01
             51                 10               7028         1.1050E+01
             51                 11               9050         1.2100E+01
             51                 12               8459         1.3250E+01
             51                 13               4099         1.4500E+01
             51                 14               1566         1.5850E+01
             51                 15                360         1.7300E+01
             51                 16                 77         1.8850E+01
             51                 17                  6         2.0500E+01
             52                  5                 23         8.4500E+00
             52                  6                 99         9.0000E+00
             52                  7                522         9.6500E+00
             52                  8               2596         1.0400E+01
             52                  9               7787         1.1250E+01
             52                 10              16304         1.2200E+01
             52                 11              21687         1.3250E+01
             52                 12              18409         1.4400E+01
             52                 13              10484         1.5650E+01
             52                 14               3637         1.7000E+01
             52                 15                869         1.8450E+01
             52                 16                139         2.0000E+01
             52                 17                 26         2.1650E+01
             52                 18                  3         2.3400E+01
             53                  5                 19         9.7000E+00
             53                  6                 63         1.0250E+01
             53                  7                887         1.0900E+01
             53                  8               4284         1.1650E+01
             53                  9              12846         1.2500E+01
             53                 10              28183         1.3450E+01
             53                 11              36712         1.4500E+01
             53                 12              31053         1.5650E+01
             53                 13              17111         1.6900E+01
             53                 14               6107         1.8250E+01
             53                 15               1606         1.9700E+01
             53                 16                188         2.1250E+01
             53                 17                 12         2.2900E+01
             53                 18                  2         2.4650E+01
             54                  5                 34         1.1050E+01
             54                  6                150         1.1600E+01
             54                  7                997         1.2250E+01
             54                  8               5424         1.3000E+01
             54                  9              18356         1.3850E+01
             54                 10              38339         1.4800E+01
             54                 11              49491         1.5850E+01
             54                 12              40186         1.7000E+01
             54                 13              21620         1.8250E+01
             54                 14               8006         1.9600E+01
             54                 15               2098         2.1050E+01
             54                 16                211         2.2600E+01
             54                 17                 12         2.4250E+01
             54                 18                  1         2.6000E+01
             55                  5                  2         1.2500E+01
             55                  6                125         1.3050E+01
             55                  7               1088         1.3700E+01
             55                  8               6326         1.4450E+01
             55                  9              20145         1.5300E+01
             55                 10              42304         1.6250E+01
             55                 11              52119         1.7300E+01
             55                 12              41804         1.8450E+01
             55                 13              21550         1.9700E+01
             55                 14               7414         2.1050E+01
             55                 15               1707         2.2500E+01
             55                 16                248         2.4050E+01
             55                 17                 55         2.5700E+01
             55                 18                 23         2.7450E+01
             55                 19                  5         2.9300E+01
             56                  5                 21         1.4050E+01
             56                  6                187         1.4600E+01
             56                  7               1078         1.5250E+01
             56                  8               5645         1.6000E+01
             56                  9              17179         1.6850E+01
             56                 10              36026         1.7800E+01
             56                 11              44488         1.8850E+01
             56                 12              33791         2.0000E+01
             56                 13              16988         2.1250E+01
             56                 14               6081         2.2600E+01
             56                 15               1286         2.4050E+01
             56                 16                248         2.5600E+01
             56                 17                 29         2.7250E+01
             56                 18                  3         2.9000E+01
             57                  5                 17         1.5700E+01
             57                  6                143         1.6250E+01
             57                  7                783         1.6900E+01
             57                  8               3990         1.7650E+01
             57                  9              12977         1.8500E+01
             57                 10              24027         1.9450E+01
             57                 11              28456         2.0500E+01
             57                 12              20632         2.1650E+01
             57                 13              10902         2.2900E+01
             57                 14               3884         2.4250E+01
             57                 15                803         2.5700E+01
             57                 16                117         2.7250E+01
             57                 17                 16         2.8900E+01
             58                  5                 16         1.7450E+01
             58                  6                 95         1.8000E+01
             58                  7                348         1.8650E+01
             58                  8               2079         1.9400E+01
             58                  9               6335         2.0250E+01
             58                 10              12299         2.1200E+01
             58                 11              13411         2.2250E+01
             58                 12               9276         2.3400E+01
             58                 13               4529         2.4650E+01
             58                 14               1864         2.6000E+01
             58                 15                338         2.7450E+01
             58                 16                 85         2.9000E+01
             58                 17                 10         3.0650E+01
             59                  4                 14         1.8850E+01
             59                  5                 36         1.9300E+01
             59                  6                 61         1.9850E+01
             59                  7                192         2.0500E+01
             59                  8                788         2.1250E+01
             59                  9               2560         2.2100E+01
             59                 10               4458         2.3050E+01
             59                 11               4788         2.4100E+01
             59                 12               2959         2.5250E+01
             59                 13               1526         2.6500E+01
             59                 14                673         2.7850E+01
             59                 15                194         2.9300E+01
             59                 16                 18         3.0850E+01
             60                  4                  8         2.0800E+01
             60                  5                 29         2.1250E+01
             60                  6                 18         2.1800E+01
             60                  7                 42         2.2450E+01
             60                  8                210         2.3200E+01
             60                  9               1021         2.4050E+01
             60                 10               1413         2.5000E+01
             60                 11               1176         2.6050E+01
             60                 12                750         2.7200E+01
             60                 13                385         2.8450E+01
             60                 14                148         2.9800E+01
             60                 15                 32         3.1250E+01
             60                 16                  1         3.2800E+01
             61                  5                  3         2.3300E+01
             61                  7                 17         2.4500E+01
             61                  8                 56         2.5250E+01
             61                  9                247         2.6100E+01
             61                 10                300         2.7050E+01
             61                 11                367         2.8100E+01
             61                 12                154         2.9250E+01
             61                 13                 65         3.0500E+01
             61                 14                 14         3.1850E+01
             61                 15                  3         3.3300E+01
             62                  7                 10         2.6650E+01
             62                  8                 17         2.7400E+01
             62                  9                 32         2.8250E+01
             62                 10                 39         2.9200E+01
             62                 11                 43         3.0250E+01
             62                 12                 18         3.1400E+01
             62                 13                  5         3.2650E+01
             62                 14                  7         3.4000E+01
             63                  8                  5         2.9650E+01
             63                  9                  2         3.0500E+01
             63                 10                  3         3.1450E+01
             63                 11                  3         3.2500E+01
