  #Crystal Size      Water Content              Count               Bias
              0                 12                  6         5.2000E+00
              0                 13                 75         5.4500E+00
              0                 14                150         5.8000E+00
              0                 15                229         6.2500E+00
              0                 16                460         6.8000E+00
              0                 17                662         7.4500E+00
              0                 18                955         8.2000E+00
              0                 19                827         9.0500E+00
              0                 20                534         1.0000E+01
              0                 21                289         1.1050E+01
              0                 22                238         1.2200E+01
              0                 23                155         1.3450E+01
              0                 24                148         1.4800E+01
              0                 25                125         1.6250E+01
              0                 26                 50         1.7800E+01
              0                 27                  7         1.9450E+01
              1                 11                  7         4.1000E+00
              1                 12                114         4.2500E+00
              1                 13                604         4.5000E+00
              1                 14               1700         4.8500E+00
              1                 15               4298         5.3000E+00
              1                 16               7787         5.8500E+00
              1                 17              11657         6.5000E+00
              1                 18              12590         7.2500E+00
              1                 19              10943         8.1000E+00
              1                 20               8225         9.0500E+00
              1                 21               5954         1.0100E+01
              1                 22               4002         1.1250E+01
              1                 23               3201         1.2500E+01
              1                 24               1950         1.3850E+01
              1                 25               1416         1.5300E+01
              1                 26                532         1.6850E+01
              1                 27                103         1.8500E+01
              1                 28                 12         2.0250E+01
              2                 11                  5         3.2500E+00
              2                 12                 84         3.4000E+00
              2                 13                380         3.6500E+00
              2                 14               1778         4.0000E+00
              2                 15               4053         4.4500E+00
              2                 16               8055         5.0000E+00
              2                 17              12033         5.6500E+00
              2                 18              13072         6.4000E+00
              2                 19              11757         7.2500E+00
              2                 20              10464         8.2000E+00
              2                 21               7076         9.2500E+00
              2                 22               4673         1.0400E+01
              2                 23               3334         1.1650E+01
              2                 24               2040         1.3000E+01
              2                 25                902         1.4450E+01
              2                 26                261         1.6000E+01
              2                 27                 51         1.7650E+01
              2                 28                 25         1.9400E+01
              2                 29                  2         2.1250E+01
              3                 11                 16         2.5000E+00
              3                 12                154         2.6500E+00
              3                 13                686         2.9000E+00
              3                 14               2202         3.2500E+00
              3                 15               5926         3.7000E+00
              3                 16              11623         4.2500E+00
              3                 17              17935         4.9000E+00
              3                 18              20954         5.6500E+00
              3                 19              18868         6.5000E+00
              3                 20              16427         7.4500E+00
              3                 21              12566         8.5000E+00
              3                 22               8992         9.6500E+00
              3                 23               6666         1.0900E+01
              3                 24               4752         1.2250E+01
              3                 25               1820         1.3700E+01
              3                 26                506         1.5250E+01
              3                 27                 64         1.6900E+01
              3                 28                 26         1.8650E+01
              3                 29                 13         2.0500E+01
              4                 10                  3         1.8000E+00
              4                 11                 46         1.8500E+00
              4                 12                214         2.0000E+00
              4                 13               1054         2.2500E+00
              4                 14               2807         2.6000E+00
              4                 15               7148         3.0500E+00
              4                 16              14236         3.6000E+00
              4                 17              20539         4.2500E+00
              4                 18              23449         5.0000E+00
              4                 19              22037         5.8500E+00
              4                 20              20063         6.8000E+00
              4                 21              15530         7.8500E+00
              4                 22              11924         9.0000E+00
              4                 23               8962         1.0250E+01
              4                 24               5448         1.1600E+01
              4                 25               2225         1.3050E+01
              4                 26                567         1.4600E+01
              4                 27                117         1.6250E+01
              5                  9                  1         1.3000E+00
              5                 10                 12         1.2500E+00
              5                 11                 72         1.3000E+00
              5                 12                335         1.4500E+00
              5                 13               1221         1.7000E+00
              5                 14               3229         2.0500E+00
              5                 15               7675         2.5000E+00
              5                 16              13316         3.0500E+00
              5                 17              20213         3.7000E+00
              5                 18              23962         4.4500E+00
              5                 19              21767         5.3000E+00
              5                 20              19406         6.2500E+00
              5                 21              15867         7.3000E+00
              5                 22              13059         8.4500E+00
              5                 23               9322         9.7000E+00
              5                 24               4961         1.1050E+01
              5                 25               1854         1.2500E+01
              5                 26                367         1.4050E+01
              5                 27                 12         1.5700E+01
              6                  8                  1         1.0000E+00
              6                  9                  9         8.5000E-01
              6                 10                 13         8.0000E-01
              6                 11                152         8.5000E-01
              6                 12                541         1.0000E+00
              6                 13               1409         1.2500E+00
              6                 14               3525         1.6000E+00
              6                 15               6646         2.0500E+00
              6                 16              12510         2.6000E+00
              6                 17              20009         3.2500E+00
              6                 18              23495         4.0000E+00
              6                 19              22066         4.8500E+00
              6                 20              18956         5.8000E+00
              6                 21              14995         6.8500E+00
              6                 22              12122         8.0000E+00
              6                 23               9269         9.2500E+00
              6                 24               4538         1.0600E+01
              6                 25               1232         1.2050E+01
              6                 26                208         1.3600E+01
              6                 27                 17         1.5250E+01
              7                  8                  3         6.5000E-01
              7                  9                 29         5.0000E-01
              7                 10                 55         4.5000E-01
              7                 11                305         5.0000E-01
              7                 12                832         6.5000E-01
              7                 13               1699         9.0000E-01
              7                 14               3383         1.2500E+00
              7                 15               5551         1.7000E+00
              7                 16               9693         2.2500E+00
              7                 17              14977         2.9000E+00
              7                 18              18242         3.6500E+00
              7                 19              17498         4.5000E+00
              7                 20              14421         5.4500E+00
              7                 21              11658         6.5000E+00
              7                 22               8983         7.6500E+00
              7                 23               6585         8.9000E+00
              7                 24               2654         1.0250E+01
              7                 25                719         1.1700E+01
              7                 26                 78         1.3250E+01
              7                 27                  3         1.4900E+01
              8                  8                 24         4.0000E-01
              8                  9                 87         2.5000E-01
              8                 10                103         2.0000E-01
              8                 11                441         2.5000E-01
              8                 12                821         4.0000E-01
              8                 13               1525         6.5000E-01
              8                 14               2394         1.0000E+00
              8                 15               3571         1.4500E+00
              8                 16               6156         2.0000E+00
              8                 17               8989         2.6500E+00
              8                 18              10905         3.4000E+00
              8                 19              10463         4.2500E+00
              8                 20               7989         5.2000E+00
              8                 21               5994         6.2500E+00
              8                 22               4687         7.4000E+00
              8                 23               2775         8.6500E+00
              8                 24               1055         1.0000E+01
              8                 25                236         1.1450E+01
              8                 26                 30         1.3000E+01
              9                  8                 29         2.5000E-01
              9                  9                 65         1.0000E-01
              9                 10                243         5.0000E-02
              9                 11                540         1.0000E-01
              9                 12               1094         2.5000E-01
              9                 13               1610         5.0000E-01
              9                 14               1828         8.5000E-01
              9                 15               2207         1.3000E+00
              9                 16               2726         1.8500E+00
              9                 17               3788         2.5000E+00
              9                 18               4535         3.2500E+00
              9                 19               4633         4.1000E+00
              9                 20               3314         5.0500E+00
              9                 21               2389         6.1000E+00
              9                 22               1527         7.2500E+00
              9                 23                909         8.5000E+00
              9                 24                404         9.8500E+00
              9                 25                 52         1.1300E+01
              9                 26                  2         1.2850E+01
             10                  8                  2         2.0000E-01
             10                  9                 21         5.0000E-02
             10                 10                166         0.0000E+00
             10                 11                528         5.0000E-02
             10                 12                975         2.0000E-01
             10                 13               1333         4.5000E-01
             10                 14               1520         8.0000E-01
             10                 15               1373         1.2500E+00
             10                 16               1462         1.8000E+00
             10                 17               1446         2.4500E+00
             10                 18               1836         3.2000E+00
             10                 19               1447         4.0500E+00
             10                 20               1017         5.0000E+00
             10                 21                555         6.0500E+00
             10                 22                356         7.2000E+00
             10                 23                171         8.4500E+00
             10                 24                 70         9.8000E+00
             10                 25                 14         1.1250E+01
             11                  8                  1         2.5000E-01
             11                  9                 19         1.0000E-01
             11                 10                114         5.0000E-02
             11                 11                411         1.0000E-01
             11                 12                845         2.5000E-01
             11                 13               1034         5.0000E-01
             11                 14               1100         8.5000E-01
             11                 15               1019         1.3000E+00
             11                 16                885         1.8500E+00
             11                 17                857         2.5000E+00
             11                 18                599         3.2500E+00
             11                 19                415         4.1000E+00
             11                 20                247         5.0500E+00
             11                 21                 82         6.1000E+00
             11                 22                 62         7.2500E+00
             11                 23                 72         8.5000E+00
             11                 24                 38         9.8500E+00
             11                 25                  3         1.1300E+01
             12                  8                  1         4.0000E-01
             12                  9                  6         2.5000E-01
             12                 10                 18         2.0000E-01
             12                 11                171         2.5000E-01
             12                 12                373         4.0000E-01
             12                 13                516         6.5000E-01
             12                 14                623         1.0000E+00
             12                 15                709         1.4500E+00
             12                 16                539         2.0000E+00
             12                 17                504         2.6500E+00
             12                 18                260         3.4000E+00
             12                 19                 94         4.2500E+00
             12                 20                 50         5.2000E+00
             12                 21                 22         6.2500E+00
             12                 22                  7         7.4000E+00
             12                 23                  6         8.6500E+00
             12                 24                  9         1.0000E+01
             13                 10                  6         4.5000E-01
             13                 11                 27         5.0000E-01
             13                 12                105         6.5000E-01
             13                 13                188         9.0000E-01
             13                 14                212         1.2500E+00
             13                 15                287         1.7000E+00
             13                 16                256         2.2500E+00
             13                 17                130         2.9000E+00
             13                 18                 75         3.6500E+00
             13                 19                 15         4.5000E+00
             13                 21                  1         6.5000E+00
             14                 11                  1         8.5000E-01
             14                 12                 19         1.0000E+00
             14                 13                 15         1.2500E+00
             14                 14                 43         1.6000E+00
             14                 15                 52         2.0500E+00
             14                 16                 23         2.6000E+00
             14                 17                 11         3.2500E+00
             14                 18                  3         4.0000E+00
             15                 13                  7         1.7000E+00
             15                 14                  4         2.0500E+00
             15                 15                 12         2.5000E+00
             15                 16                  4         3.0500E+00
             15                 17                 14         3.7000E+00
