  #Crystal Size      Water Content              Count               Bias
              2                  7                  9         1.5650E+01
              2                  9                  2         1.8250E+01
              2                 11                  2         2.1250E+01
              2                 12                  1         2.2900E+01
              3                  4                  2         1.1250E+01
              3                  7                 32         1.4400E+01
              3                  8                  6         1.5650E+01
              3                  9                  8         1.7000E+01
              3                 10                 17         1.8450E+01
              3                 11                  4         2.0000E+01
              3                 12                  6         2.1650E+01
              3                 13                  4         2.3400E+01
              3                 14                  7         2.5250E+01
              4                  5                  1         1.1050E+01
              4                  6                 14         1.2100E+01
              4                  7                 25         1.3250E+01
              4                  8                 31         1.4500E+01
              4                  9                 52         1.5850E+01
              4                 10                 45         1.7300E+01
              4                 11                 54         1.8850E+01
              4                 12                 73         2.0500E+01
              4                 13                 41         2.2250E+01
              4                 14                  1         2.4100E+01
              4                 15                  2         2.6050E+01
              5                  3                  1         8.2000E+00
              5                  4                  1         9.0500E+00
              5                  5                  8         1.0000E+01
              5                  6                 27         1.1050E+01
              5                  7                 63         1.2200E+01
              5                  8                 73         1.3450E+01
              5                  9                132         1.4800E+01
              5                 10                190         1.6250E+01
              5                 11                305         1.7800E+01
              5                 12                267         1.9450E+01
              5                 13                125         2.1200E+01
              5                 14                 44         2.3050E+01
              5                 15                 27         2.5000E+01
              5                 16                  5         2.7050E+01
              6                  3                  2         7.2500E+00
              6                  4                 29         8.1000E+00
              6                  5                 90         9.0500E+00
              6                  6                199         1.0100E+01
              6                  7                363         1.1250E+01
              6                  8                358         1.2500E+01
              6                  9                581         1.3850E+01
              6                 10               1020         1.5300E+01
              6                 11               1057         1.6850E+01
              6                 12                693         1.8500E+01
              6                 13                497         2.0250E+01
              6                 14                280         2.2100E+01
              6                 15                111         2.4050E+01
              6                 16                 60         2.6100E+01
              6                 17                 27         2.8250E+01
              6                 18                  2         3.0500E+01
              6                 19                  2         3.2850E+01
              7                  2                 14         5.6500E+00
              7                  3                 24         6.4000E+00
              7                  4                123         7.2500E+00
              7                  5                338         8.2000E+00
              7                  6                788         9.2500E+00
              7                  7               1127         1.0400E+01
              7                  8               1264         1.1650E+01
              7                  9               2179         1.3000E+01
              7                 10               3449         1.4450E+01
              7                 11               3639         1.6000E+01
              7                 12               2913         1.7650E+01
              7                 13               1982         1.9400E+01
              7                 14                945         2.1250E+01
              7                 15                327         2.3200E+01
              7                 16                175         2.5250E+01
              7                 17                185         2.7400E+01
              7                 18                 39         2.9650E+01
              7                 19                 33         3.2000E+01
              8                  1                  1         4.2500E+00
              8                  2                 82         4.9000E+00
              8                  3                127         5.6500E+00
              8                  4                503         6.5000E+00
              8                  5               1208         7.4500E+00
              8                  6               2371         8.5000E+00
              8                  7               3502         9.6500E+00
              8                  8               4076         1.0900E+01
              8                  9               5864         1.2250E+01
              8                 10               8491         1.3700E+01
              8                 11              10459         1.5250E+01
              8                 12               7777         1.6900E+01
              8                 13               4610         1.8650E+01
              8                 14               1857         2.0500E+01
              8                 15                859         2.2450E+01
              8                 16                213         2.4500E+01
              8                 17                 23         2.6650E+01
              8                 18                 15         2.8900E+01
              8                 19                  6         3.1250E+01
              9                  0                  1         3.0500E+00
              9                  1                 13         3.6000E+00
              9                  2                 90         4.2500E+00
              9                  3                392         5.0000E+00
              9                  4               1205         5.8500E+00
              9                  5               2965         6.8000E+00
              9                  6               5548         7.8500E+00
              9                  7               8159         9.0000E+00
              9                  8               9542         1.0250E+01
              9                  9              12530         1.1600E+01
              9                 10              15452         1.3050E+01
              9                 11              15537         1.4600E+01
              9                 12              12341         1.6250E+01
              9                 13               6586         1.8000E+01
              9                 14               2947         1.9850E+01
              9                 15               1078         2.1800E+01
              9                 16                268         2.3850E+01
              9                 17                 33         2.6000E+01
              9                 19                 10         3.0600E+01
             10                  1                 18         3.0500E+00
             10                  2                156         3.7000E+00
             10                  3                698         4.4500E+00
             10                  4               2122         5.3000E+00
             10                  5               5213         6.2500E+00
             10                  6               9855         7.3000E+00
             10                  7              14473         8.4500E+00
             10                  8              16213         9.7000E+00
             10                  9              19098         1.1050E+01
             10                 10              19922         1.2500E+01
             10                 11              19401         1.4050E+01
             10                 12              14344         1.5700E+01
             10                 13               7534         1.7450E+01
             10                 14               3061         1.9300E+01
             10                 15                973         2.1250E+01
             10                 16                148         2.3300E+01
             10                 17                 26         2.5450E+01
             11                  1                 19         2.6000E+00
             11                  2                218         3.2500E+00
             11                  3                774         4.0000E+00
             11                  4               2831         4.8500E+00
             11                  5               7121         5.8000E+00
             11                  6              13142         6.8500E+00
             11                  7              17852         8.0000E+00
             11                  8              20153         9.2500E+00
             11                  9              19158         1.0600E+01
             11                 10              17388         1.2050E+01
             11                 11              14770         1.3600E+01
             11                 12              10634         1.5250E+01
             11                 13               4904         1.7000E+01
             11                 14               2250         1.8850E+01
             11                 15                765         2.0800E+01
             11                 16                125         2.2850E+01
             11                 17                 13         2.5000E+01
             12                  0                  2         1.7000E+00
             12                  1                 20         2.2500E+00
             12                  2                236         2.9000E+00
             12                  3                955         3.6500E+00
             12                  4               2865         4.5000E+00
             12                  5               6346         5.4500E+00
             12                  6              11799         6.5000E+00
             12                  7              15746         7.6500E+00
             12                  8              16635         8.9000E+00
             12                  9              15600         1.0250E+01
             12                 10              11902         1.1700E+01
             12                 11               9424         1.3250E+01
             12                 12               6033         1.4900E+01
             12                 13               2542         1.6650E+01
             12                 14               1084         1.8500E+01
             12                 15                218         2.0450E+01
             12                 16                 51         2.2500E+01
             12                 17                 23         2.4650E+01
             12                 18                  3         2.6900E+01
             13                  0                  3         1.4500E+00
             13                  1                 41         2.0000E+00
             13                  2                433         2.6500E+00
             13                  3               1657         3.4000E+00
             13                  4               4233         4.2500E+00
             13                  5               8002         5.2000E+00
             13                  6              11765         6.2500E+00
             13                  7              15208         7.4000E+00
             13                  8              14330         8.6500E+00
             13                  9              10963         1.0000E+01
             13                 10               7321         1.1450E+01
             13                 11               4656         1.3000E+01
             13                 12               2296         1.4650E+01
             13                 13                902         1.6400E+01
             13                 14                226         1.8250E+01
             13                 15                 41         2.0200E+01
             13                 16                  4         2.2250E+01
             13                 17                 14         2.4400E+01
             14                  0                 29         1.3000E+00
             14                  1                150         1.8500E+00
             14                  2                890         2.5000E+00
             14                  3               3233         3.2500E+00
             14                  4               6938         4.1000E+00
             14                  5              12461         5.0500E+00
             14                  6              16754         6.1000E+00
             14                  7              17255         7.2500E+00
             14                  8              13338         8.5000E+00
             14                  9               9443         9.8500E+00
             14                 10               4820         1.1300E+01
             14                 11               2624         1.2850E+01
             14                 12               1033         1.4500E+01
             14                 13                331         1.6250E+01
             14                 14                 36         1.8100E+01
             15                  0                 48         1.2500E+00
             15                  1                275         1.8000E+00
             15                  2               1276         2.4500E+00
             15                  3               4610         3.2000E+00
             15                  4              10071         4.0500E+00
             15                  5              15707         5.0000E+00
             15                  6              18702         6.0500E+00
             15                  7              17655         7.2000E+00
             15                  8              13073         8.4500E+00
             15                  9               8150         9.8000E+00
             15                 10               3918         1.1250E+01
             15                 11               1644         1.2800E+01
             15                 12                538         1.4450E+01
             15                 13                156         1.6200E+01
             15                 14                 11         1.8050E+01
             16                  0                 27         1.3000E+00
             16                  1                319         1.8500E+00
             16                  2               1305         2.5000E+00
             16                  3               3979         3.2500E+00
             16                  4               9012         4.1000E+00
             16                  5              14102         5.0500E+00
             16                  6              16661         6.1000E+00
             16                  7              15491         7.2500E+00
             16                  8              11291         8.5000E+00
             16                  9               7125         9.8500E+00
             16                 10               3238         1.1300E+01
             16                 11               1477         1.2850E+01
             16                 12                452         1.4500E+01
             16                 13                118         1.6250E+01
             16                 15                  2         2.0050E+01
             17                  0                 21         1.4500E+00
             17                  1                226         2.0000E+00
             17                  2                763         2.6500E+00
             17                  3               2396         3.4000E+00
             17                  4               5578         4.2500E+00
             17                  5               8109         5.2000E+00
             17                  6              10344         6.2500E+00
             17                  7              10806         7.4000E+00
             17                  8               8557         8.6500E+00
             17                  9               6238         1.0000E+01
             17                 10               2951         1.1450E+01
             17                 11               1170         1.3000E+01
             17                 12                318         1.4650E+01
             17                 13                106         1.6400E+01
             17                 14                 32         1.8250E+01
             17                 15                 26         2.0200E+01
             17                 16                 14         2.2250E+01
             18                  0                 40         1.7000E+00
             18                  1                144         2.2500E+00
             18                  2                238         2.9000E+00
             18                  3               1109         3.6500E+00
             18                  4               2264         4.5000E+00
             18                  5               3552         5.4500E+00
             18                  6               5246         6.5000E+00
             18                  7               6318         7.6500E+00
             18                  8               5787         8.9000E+00
             18                  9               4220         1.0250E+01
             18                 10               2291         1.1700E+01
             18                 11                822         1.3250E+01
             18                 12                324         1.4900E+01
             18                 13                 73         1.6650E+01
             18                 14                  9         1.8500E+01
             18                 15                  1         2.0450E+01
             18                 16                  2         2.2500E+01
             19                  0                 21         2.0500E+00
             19                  1                 34         2.6000E+00
             19                  2                 62         3.2500E+00
             19                  3                378         4.0000E+00
             19                  4                672         4.8500E+00
             19                  5               1093         5.8000E+00
             19                  6               1942         6.8500E+00
             19                  7               2830         8.0000E+00
             19                  8               2918         9.2500E+00
             19                  9               1790         1.0600E+01
             19                 10               1160         1.2050E+01
             19                 11                421         1.3600E+01
             19                 12                129         1.5250E+01
             19                 13                 11         1.7000E+01
             19                 14                  1         1.8850E+01
             19                 16                  2         2.2850E+01
             20                  1                  8         3.0500E+00
             20                  2                 29         3.7000E+00
             20                  3                 41         4.4500E+00
             20                  4                150         5.3000E+00
             20                  5                230         6.2500E+00
             20                  6                570         7.3000E+00
             20                  7               1049         8.4500E+00
             20                  8                931         9.7000E+00
             20                  9                443         1.1050E+01
             20                 10                251         1.2500E+01
             20                 11                 77         1.4050E+01
             20                 12                 61         1.5700E+01
             20                 13                  1         1.7450E+01
             21                  2                  1         4.2500E+00
             21                  4                 15         5.8500E+00
             21                  5                 61         6.8000E+00
             21                  6                 98         7.8500E+00
             21                  7                118         9.0000E+00
             21                  8                138         1.0250E+01
             21                  9                 44         1.1600E+01
             21                 10                 18         1.3050E+01
             21                 11                  2         1.4600E+01
             21                 12                  3         1.6250E+01
             22                  1                  1         4.2500E+00
             22                  5                  3         7.4500E+00
             22                  6                  1         8.5000E+00
             22                  7                 11         9.6500E+00
             22                  8                  1         1.0900E+01
             22                  9                  2         1.2250E+01
             22                 10                  1         1.3700E+01
