  #Crystal Size      Water Content              Count               Bias
              8                 16                  2         1.3250E+01
              9                 14                  5         1.0100E+01
              9                 15                  6         1.1050E+01
              9                 16                  3         1.2100E+01
              9                 17                 11         1.3250E+01
              9                 18                  3         1.4500E+01
              9                 19                 14         1.5850E+01
              9                 20                  4         1.7300E+01
             10                 12                  1         7.4500E+00
             10                 13                 13         8.2000E+00
             10                 14                 32         9.0500E+00
             10                 15                 36         1.0000E+01
             10                 16                 47         1.1050E+01
             10                 17                 59         1.2200E+01
             10                 18                 56         1.3450E+01
             10                 19                 65         1.4800E+01
             10                 20                 23         1.6250E+01
             10                 21                  1         1.7800E+01
             11                 11                  4         5.8500E+00
             11                 12                 20         6.5000E+00
             11                 13                 19         7.2500E+00
             11                 14                 56         8.1000E+00
             11                 15                119         9.0500E+00
             11                 16                204         1.0100E+01
             11                 17                261         1.1250E+01
             11                 18                240         1.2500E+01
             11                 19                245         1.3850E+01
             11                 20                 76         1.5300E+01
             11                 21                 38         1.6850E+01
             11                 22                  9         1.8500E+01
             12                  9                  1         4.0000E+00
             12                 10                  5         4.4500E+00
             12                 11                 21         5.0000E+00
             12                 12                 23         5.6500E+00
             12                 13                 80         6.4000E+00
             12                 14                159         7.2500E+00
             12                 15                364         8.2000E+00
             12                 16                451         9.2500E+00
             12                 17                576         1.0400E+01
             12                 18                712         1.1650E+01
             12                 19                714         1.3000E+01
             12                 20                407         1.4450E+01
             12                 21                109         1.6000E+01
             12                 22                 20         1.7650E+01
             13                  9                  4         3.2500E+00
             13                 10                 31         3.7000E+00
             13                 11                 54         4.2500E+00
             13                 12                151         4.9000E+00
             13                 13                368         5.6500E+00
             13                 14                672         6.5000E+00
             13                 15               1149         7.4500E+00
             13                 16               1752         8.5000E+00
             13                 17               1905         9.6500E+00
             13                 18               1670         1.0900E+01
             13                 19               1829         1.2250E+01
             13                 20               1205         1.3700E+01
             13                 21                365         1.5250E+01
             13                 22                 52         1.6900E+01
             13                 23                 15         1.8650E+01
             13                 24                  1         2.0500E+01
             14                  9                  9         2.6000E+00
             14                 10                 59         3.0500E+00
             14                 11                230         3.6000E+00
             14                 12                435         4.2500E+00
             14                 13               1077         5.0000E+00
             14                 14               2179         5.8500E+00
             14                 15               3687         6.8000E+00
             14                 16               4240         7.8500E+00
             14                 17               4479         9.0000E+00
             14                 18               4089         1.0250E+01
             14                 19               3606         1.1600E+01
             14                 20               2156         1.3050E+01
             14                 21                930         1.4600E+01
             14                 22                227         1.6250E+01
             14                 23                 31         1.8000E+01
             14                 24                  9         1.9850E+01
             14                 25                  2         2.1800E+01
             15                  8                  2         1.7000E+00
             15                  9                  8         2.0500E+00
             15                 10                108         2.5000E+00
             15                 11                481         3.0500E+00
             15                 12               1454         3.7000E+00
             15                 13               2830         4.4500E+00
             15                 14               5436         5.3000E+00
             15                 15               8360         6.2500E+00
             15                 16               9756         7.3000E+00
             15                 17               9465         8.4500E+00
             15                 18               7640         9.7000E+00
             15                 19               5996         1.1050E+01
             15                 20               3617         1.2500E+01
             15                 21               1520         1.4050E+01
             15                 22                422         1.5700E+01
             15                 23                124         1.7450E+01
             15                 24                 27         1.9300E+01
             15                 25                 25         2.1250E+01
             15                 26                  2         2.3300E+01
             16                  8                  4         1.2500E+00
             16                  9                 39         1.6000E+00
             16                 10                288         2.0500E+00
             16                 11               1023         2.6000E+00
             16                 12               3154         3.2500E+00
             16                 13               7226         4.0000E+00
             16                 14              11919         4.8500E+00
             16                 15              16860         5.8000E+00
             16                 16              19762         6.8500E+00
             16                 17              18440         8.0000E+00
             16                 18              13685         9.2500E+00
             16                 19               9462         1.0600E+01
             16                 20               5767         1.2050E+01
             16                 21               2034         1.3600E+01
             16                 22                616         1.5250E+01
             16                 23                115         1.7000E+01
             16                 24                 41         1.8850E+01
             16                 25                 16         2.0800E+01
             16                 26                  6         2.2850E+01
             16                 27                  2         2.5000E+01
             17                  8                  5         9.0000E-01
             17                  9                 45         1.2500E+00
             17                 10                406         1.7000E+00
             17                 11               1732         2.2500E+00
             17                 12               5851         2.9000E+00
             17                 13              13157         3.6500E+00
             17                 14              22176         4.5000E+00
             17                 15              29809         5.4500E+00
             17                 16              31709         6.5000E+00
             17                 17              27265         7.6500E+00
             17                 18              19771         8.9000E+00
             17                 19              12312         1.0250E+01
             17                 20               6176         1.1700E+01
             17                 21               2405         1.3250E+01
             17                 22                670         1.4900E+01
             17                 23                100         1.6650E+01
             17                 24                 20         1.8500E+01
             17                 25                  5         2.0450E+01
             18                  8                  3         6.5000E-01
             18                  9                 99         1.0000E+00
             18                 10                535         1.4500E+00
             18                 11               2500         2.0000E+00
             18                 12               8281         2.6500E+00
             18                 13              18814         3.4000E+00
             18                 14              30129         4.2500E+00
             18                 15              38434         5.2000E+00
             18                 16              39666         6.2500E+00
             18                 17              32847         7.4000E+00
             18                 18              22993         8.6500E+00
             18                 19              13875         1.0000E+01
             18                 20               6150         1.1450E+01
             18                 21               2254         1.3000E+01
             18                 22                706         1.4650E+01
             18                 23                215         1.6400E+01
             18                 24                 20         1.8250E+01
             19                  8                  1         5.0000E-01
             19                  9                 49         8.5000E-01
             19                 10                317         1.3000E+00
             19                 11               2091         1.8500E+00
             19                 12               7772         2.5000E+00
             19                 13              18079         3.2500E+00
             19                 14              29160         4.1000E+00
             19                 15              37091         5.0500E+00
             19                 16              36713         6.1000E+00
             19                 17              29815         7.2500E+00
             19                 18              21606         8.5000E+00
             19                 19              12387         9.8500E+00
             19                 20               6179         1.1300E+01
             19                 21               2352         1.2850E+01
             19                 22                744         1.4500E+01
             19                 23                151         1.6250E+01
             19                 24                  3         1.8100E+01
             20                  9                 11         8.0000E-01
             20                 10                123         1.2500E+00
             20                 11                932         1.8000E+00
             20                 12               4278         2.4500E+00
             20                 13              11879         3.2000E+00
             20                 14              19385         4.0500E+00
             20                 15              24149         5.0000E+00
             20                 16              23487         6.0500E+00
             20                 17              20372         7.2000E+00
             20                 18              14215         8.4500E+00
             20                 19               8845         9.8000E+00
             20                 20               3809         1.1250E+01
             20                 21               1458         1.2800E+01
             20                 22                287         1.4450E+01
             20                 23                 52         1.6200E+01
             20                 24                  1         1.8050E+01
             21                  9                  3         8.5000E-01
             21                 10                 23         1.3000E+00
             21                 11                327         1.8500E+00
             21                 12               1461         2.5000E+00
             21                 13               4839         3.2500E+00
             21                 14               8275         4.1000E+00
             21                 15               9712         5.0500E+00
             21                 16               8741         6.1000E+00
             21                 17               8103         7.2500E+00
             21                 18               5431         8.5000E+00
             21                 19               3247         9.8500E+00
             21                 20               1282         1.1300E+01
             21                 21                380         1.2850E+01
             21                 22                 81         1.4500E+01
             21                 23                 18         1.6250E+01
             21                 24                  2         1.8100E+01
             22                  9                  1         1.0000E+00
             22                 11                 50         2.0000E+00
             22                 12                244         2.6500E+00
             22                 13                726         3.4000E+00
             22                 14               1373         4.2500E+00
             22                 15               1446         5.2000E+00
             22                 16               1278         6.2500E+00
             22                 17                838         7.4000E+00
             22                 18                373         8.6500E+00
             22                 19                249         1.0000E+01
             22                 20                130         1.1450E+01
             22                 21                 24         1.3000E+01
             22                 22                  1         1.4650E+01
             23                 11                  7         2.2500E+00
             23                 12                 25         2.9000E+00
             23                 13                 95         3.6500E+00
             23                 14                165         4.5000E+00
             23                 15                146         5.4500E+00
             23                 16                110         6.5000E+00
             23                 17                 75         7.6500E+00
             23                 18                 39         8.9000E+00
             23                 19                  8         1.0250E+01
             23                 20                  1         1.1700E+01
             24                 11                  2         2.6000E+00
             24                 12                  3         3.2500E+00
             24                 13                  7         4.0000E+00
             24                 14                  5         4.8500E+00
             24                 15                  4         5.8000E+00
             24                 16                  2         6.8500E+00
             24                 17                  2         8.0000E+00
             25                 13                  4         4.4500E+00
