  #Crystal Size      Water Content              Count               Bias
             13                 11                  2         8.5000E+00
             13                 12                  1         9.6500E+00
             14                  9                  1         5.8500E+00
             14                 10                 18         6.8000E+00
             14                 11                 12         7.8500E+00
             14                 12                  8         9.0000E+00
             15                  7                  7         3.7000E+00
             15                  8                  1         4.4500E+00
             15                  9                 22         5.3000E+00
             15                 10                 74         6.2500E+00
             15                 11                 71         7.3000E+00
             15                 12                 30         8.4500E+00
             15                 13                 18         9.7000E+00
             15                 15                 16         1.2500E+01
             16                  6                  2         2.6000E+00
             16                  7                 36         3.2500E+00
             16                  8                102         4.0000E+00
             16                  9                324         4.8500E+00
             16                 10                437         5.8000E+00
             16                 11                508         6.8500E+00
             16                 12                250         8.0000E+00
             16                 13                112         9.2500E+00
             16                 14                 85         1.0600E+01
             16                 15                 17         1.2050E+01
             17                  5                  7         1.7000E+00
             17                  6                 29         2.2500E+00
             17                  7                181         2.9000E+00
             17                  8                779         3.6500E+00
             17                  9               1748         4.5000E+00
             17                 10               2498         5.4500E+00
             17                 11               2397         6.5000E+00
             17                 12               1542         7.6500E+00
             17                 13                692         8.9000E+00
             17                 14                329         1.0250E+01
             17                 15                 32         1.1700E+01
             17                 16                  3         1.3250E+01
             17                 17                  2         1.4900E+01
             18                  4                  8         1.0000E+00
             18                  5                 65         1.4500E+00
             18                  6                158         2.0000E+00
             18                  7               1057         2.6500E+00
             18                  8               3652         3.4000E+00
             18                  9               7348         4.2500E+00
             18                 10               9799         5.2000E+00
             18                 11               9807         6.2500E+00
             18                 12               5982         7.4000E+00
             18                 13               2975         8.6500E+00
             18                 14               1229         1.0000E+01
             18                 15                247         1.1450E+01
             18                 16                 25         1.3000E+01
             18                 17                 11         1.4650E+01
             19                  3                  6         5.0000E-01
             19                  4                 46         8.5000E-01
             19                  5                151         1.3000E+00
             19                  6                813         1.8500E+00
             19                  7               3562         2.5000E+00
             19                  8              11334         3.2500E+00
             19                  9              21323         4.1000E+00
             19                 10              28401         5.0500E+00
             19                 11              26232         6.1000E+00
             19                 12              16529         7.2500E+00
             19                 13               7457         8.5000E+00
             19                 14               2813         9.8500E+00
             19                 15                640         1.1300E+01
             19                 16                137         1.2850E+01
             19                 17                 16         1.4500E+01
             20                  3                  3         4.5000E-01
             20                  4                 45         8.0000E-01
             20                  5                338         1.2500E+00
             20                  6               2089         1.8000E+00
             20                  7               8484         2.4500E+00
             20                  8              22856         3.2000E+00
             20                  9              42329         4.0500E+00
             20                 10              55617         5.0000E+00
             20                 11              50090         6.0500E+00
             20                 12              30079         7.2000E+00
             20                 13              12912         8.4500E+00
             20                 14               4424         9.8000E+00
             20                 15               1150         1.1250E+01
             20                 16                226         1.2800E+01
             20                 17                 23         1.4450E+01
             20                 18                  2         1.6200E+01
             20                 19                  2         1.8050E+01
             21                  3                 13         5.0000E-01
             21                  4                 92         8.5000E-01
             21                  5                599         1.3000E+00
             21                  6               3430         1.8500E+00
             21                  7              12396         2.5000E+00
             21                  8              30054         3.2500E+00
             21                  9              53418         4.1000E+00
             21                 10              67057         5.0500E+00
             21                 11              57414         6.1000E+00
             21                 12              35242         7.2500E+00
             21                 13              14757         8.5000E+00
             21                 14               4411         9.8500E+00
             21                 15               1069         1.1300E+01
             21                 16                262         1.2850E+01
             21                 17                 67         1.4500E+01
             21                 18                 63         1.6250E+01
             21                 19                 20         1.8100E+01
             22                  4                 69         1.0000E+00
             22                  5                551         1.4500E+00
             22                  6               3232         2.0000E+00
             22                  7              10793         2.6500E+00
             22                  8              24916         3.4000E+00
             22                  9              41339         4.2500E+00
             22                 10              48667         5.2000E+00
             22                 11              39738         6.2500E+00
             22                 12              23836         7.4000E+00
             22                 13               9967         8.6500E+00
             22                 14               2809         1.0000E+01
             22                 15                541         1.1450E+01
             22                 16                181         1.3000E+01
             22                 17                 83         1.4650E+01
             22                 18                 27         1.6400E+01
             22                 19                 14         1.8250E+01
             23                  4                 45         1.2500E+00
             23                  5                409         1.7000E+00
             23                  6               1693         2.2500E+00
             23                  7               4939         2.9000E+00
             23                  8              10816         3.6500E+00
             23                  9              18208         4.5000E+00
             23                 10              20535         5.4500E+00
             23                 11              15621         6.5000E+00
             23                 12               9312         7.6500E+00
             23                 13               3929         8.9000E+00
             23                 14               1098         1.0250E+01
             23                 15                299         1.1700E+01
             23                 16                 98         1.3250E+01
             23                 17                 28         1.4900E+01
             23                 19                  1         1.8500E+01
             24                  4                 18         1.6000E+00
             24                  5                133         2.0500E+00
             24                  6                514         2.6000E+00
             24                  7               1181         3.2500E+00
             24                  8               2498         4.0000E+00
             24                  9               3743         4.8500E+00
             24                 10               4731         5.8000E+00
             24                 11               3439         6.8500E+00
             24                 12               1640         8.0000E+00
             24                 13                729         9.2500E+00
             24                 14                221         1.0600E+01
             24                 15                101         1.2050E+01
             24                 16                 23         1.3600E+01
             24                 17                  2         1.5250E+01
             25                  5                 14         2.5000E+00
             25                  6                 45         3.0500E+00
             25                  7                 83         3.7000E+00
             25                  8                231         4.4500E+00
             25                  9                362         5.3000E+00
             25                 10                420         6.2500E+00
             25                 11                337         7.3000E+00
             25                 12                185         8.4500E+00
             25                 13                111         9.7000E+00
             25                 14                 80         1.1050E+01
             25                 15                 12         1.2500E+01
             25                 16                 26         1.4050E+01
             25                 17                  1         1.5700E+01
             26                  7                  6         4.2500E+00
             26                  8                 17         5.0000E+00
             26                  9                 26         5.8500E+00
             26                 10                  7         6.8000E+00
             26                 11                  1         7.8500E+00
             26                 12                  9         9.0000E+00
             26                 13                  5         1.0250E+01
             26                 14                  5         1.1600E+01
             26                 15                  1         1.3050E+01
