  #Crystal Size      Water Content              Count               Bias
             10                  2                  4         1.1450E+01
             10                  4                  1         1.2050E+01
             10                  5                 10         1.2500E+01
             10                  6                 11         1.3050E+01
             10                  7                 36         1.3700E+01
             10                  8                  9         1.4450E+01
             10                  9                  4         1.5300E+01
             11                  0                  2         9.8000E+00
             11                  1                  5         9.8500E+00
             11                  2                 19         1.0000E+01
             11                  3                 27         1.0250E+01
             11                  4                 40         1.0600E+01
             11                  5                 78         1.1050E+01
             11                  6                136         1.1600E+01
             11                  7                162         1.2250E+01
             11                  8                 97         1.3000E+01
             11                  9                 59         1.3850E+01
             11                 10                 33         1.4800E+01
             11                 11                 15         1.5850E+01
             11                 12                  5         1.7000E+01
             12                  1                 28         8.5000E+00
             12                  2                 55         8.6500E+00
             12                  3                134         8.9000E+00
             12                  4                307         9.2500E+00
             12                  5                534         9.7000E+00
             12                  6                685         1.0250E+01
             12                  7                645         1.0900E+01
             12                  8                488         1.1650E+01
             12                  9                301         1.2500E+01
             12                 10                131         1.3450E+01
             12                 11                 77         1.4500E+01
             12                 12                  8         1.5650E+01
             12                 13                  2         1.6900E+01
             12                 14                  1         1.8250E+01
             13                  0                 31         7.2000E+00
             13                  1                101         7.2500E+00
             13                  2                208         7.4000E+00
             13                  3                626         7.6500E+00
             13                  4               1274         8.0000E+00
             13                  5               2150         8.4500E+00
             13                  6               2775         9.0000E+00
             13                  7               2576         9.6500E+00
             13                  8               2142         1.0400E+01
             13                  9               1338         1.1250E+01
             13                 10                633         1.2200E+01
             13                 11                294         1.3250E+01
             13                 12                 31         1.4400E+01
             13                 13                  6         1.5650E+01
             13                 14                  1         1.7000E+01
             14                 -1                  1         6.1000E+00
             14                  0                 89         6.0500E+00
             14                  1                297         6.1000E+00
             14                  2                840         6.2500E+00
             14                  3               2098         6.5000E+00
             14                  4               4094         6.8500E+00
             14                  5               6310         7.3000E+00
             14                  6               7492         7.8500E+00
             14                  7               6935         8.5000E+00
             14                  8               5426         9.2500E+00
             14                  9               3335         1.0100E+01
             14                 10               1682         1.1050E+01
             14                 11                530         1.2100E+01
             14                 12                126         1.3250E+01
             14                 13                 22         1.4500E+01
             14                 14                  7         1.5850E+01
             15                 -1                  2         5.0500E+00
             15                  0                184         5.0000E+00
             15                  1                483         5.0500E+00
             15                  2               1802         5.2000E+00
             15                  3               5429         5.4500E+00
             15                  4               9821         5.8000E+00
             15                  5              14446         6.2500E+00
             15                  6              16988         6.8000E+00
             15                  7              15170         7.4500E+00
             15                  8              11519         8.2000E+00
             15                  9               7132         9.0500E+00
             15                 10               3679         1.0000E+01
             15                 11               1201         1.1050E+01
             15                 12                283         1.2200E+01
             15                 13                125         1.3450E+01
             15                 14                 20         1.4800E+01
             16                 -1                  2         4.1000E+00
             16                  0                236         4.0500E+00
             16                  1               1028         4.1000E+00
             16                  2               3687         4.2500E+00
             16                  3               9213         4.5000E+00
             16                  4              18138         4.8500E+00
             16                  5              25146         5.3000E+00
             16                  6              28042         5.8500E+00
             16                  7              24758         6.5000E+00
             16                  8              18361         7.2500E+00
             16                  9              11730         8.1000E+00
             16                 10               5791         9.0500E+00
             16                 11               1760         1.0100E+01
             16                 12                436         1.1250E+01
             16                 13                129         1.2500E+01
             16                 14                 30         1.3850E+01
             17                  0                398         3.2000E+00
             17                  1               1667         3.2500E+00
             17                  2               4857         3.4000E+00
             17                  3              13239         3.6500E+00
             17                  4              24922         4.0000E+00
             17                  5              33492         4.4500E+00
             17                  6              37761         5.0000E+00
             17                  7              34188         5.6500E+00
             17                  8              24906         6.4000E+00
             17                  9              15048         7.2500E+00
             17                 10               7265         8.2000E+00
             17                 11               2395         9.2500E+00
             17                 12                703         1.0400E+01
             17                 13                185         1.1650E+01
             17                 14                 15         1.3000E+01
             17                 15                  1         1.4450E+01
             18                  0                366         2.4500E+00
             18                  1               1644         2.5000E+00
             18                  2               5646         2.6500E+00
             18                  3              14466         2.9000E+00
             18                  4              25422         3.2500E+00
             18                  5              34301         3.7000E+00
             18                  6              38890         4.2500E+00
             18                  7              34238         4.9000E+00
             18                  8              25735         5.6500E+00
             18                  9              15849         6.5000E+00
             18                 10               7631         7.4500E+00
             18                 11               2748         8.5000E+00
             18                 12                692         9.6500E+00
             18                 13                 87         1.0900E+01
             18                 14                  8         1.2250E+01
             18                 15                  1         1.3700E+01
             19                  0                403         1.8000E+00
             19                  1               1538         1.8500E+00
             19                  2               4552         2.0000E+00
             19                  3              11066         2.2500E+00
             19                  4              19306         2.6000E+00
             19                  5              26933         3.0500E+00
             19                  6              30067         3.6000E+00
             19                  7              26424         4.2500E+00
             19                  8              19963         5.0000E+00
             19                  9              12539         5.8500E+00
             19                 10               5852         6.8000E+00
             19                 11               1877         7.8500E+00
             19                 12                334         9.0000E+00
             19                 13                 44         1.0250E+01
             19                 14                 11         1.1600E+01
             20                  0                261         1.2500E+00
             20                  1                934         1.3000E+00
             20                  2               2701         1.4500E+00
             20                  3               6325         1.7000E+00
             20                  4              10899         2.0500E+00
             20                  5              14960         2.5000E+00
             20                  6              16736         3.0500E+00
             20                  7              14269         3.7000E+00
             20                  8              10968         4.4500E+00
             20                  9               7023         5.3000E+00
             20                 10               3265         6.2500E+00
             20                 11                951         7.3000E+00
             20                 12                188         8.4500E+00
             20                 13                  4         9.7000E+00
             21                  0                155         8.0000E-01
             21                  1                337         8.5000E-01
             21                  2               1188         1.0000E+00
             21                  3               2762         1.2500E+00
             21                  4               4656         1.6000E+00
             21                  5               6006         2.0500E+00
             21                  6               6495         2.6000E+00
             21                  7               5712         3.2500E+00
             21                  8               3632         4.0000E+00
             21                  9               2413         4.8500E+00
             21                 10               1180         5.8000E+00
             21                 11                255         6.8500E+00
             21                 12                 53         8.0000E+00
             21                 13                  1         9.2500E+00
             22                  0                 34         4.5000E-01
             22                  1                150         5.0000E-01
             22                  2                345         6.5000E-01
             22                  3                907         9.0000E-01
             22                  4               1485         1.2500E+00
             22                  5               1745         1.7000E+00
             22                  6               1536         2.2500E+00
             22                  7               1438         2.9000E+00
             22                  8               1004         3.6500E+00
             22                  9                597         4.5000E+00
             22                 10                209         5.4500E+00
             22                 11                 69         6.5000E+00
             22                 12                  7         7.6500E+00
             23                  0                  8         2.0000E-01
             23                  1                 29         2.5000E-01
             23                  2                 89         4.0000E-01
             23                  3                176         6.5000E-01
             23                  4                368         1.0000E+00
             23                  5                379         1.4500E+00
             23                  6                289         2.0000E+00
             23                  7                268         2.6500E+00
             23                  8                125         3.4000E+00
             23                  9                 75         4.2500E+00
             23                 10                 56         5.2000E+00
             23                 11                 29         6.2500E+00
             24                  2                  4         2.5000E-01
             24                  3                 48         5.0000E-01
             24                  4                 53         8.5000E-01
             24                  5                 29         1.3000E+00
             24                  6                 27         1.8500E+00
             24                  7                  6         2.5000E+00
             24                  8                  4         3.2500E+00
             24                  9                  1         4.1000E+00
             24                 11                  1         6.1000E+00
             24                 12                  2         7.2500E+00
             25                  3                  6         4.5000E-01
             25                  5                  5         1.2500E+00
             25                  8                  2         3.2000E+00
             25                 10                  1         5.0000E+00
