  #Crystal Size      Water Content              Count               Bias
             12                  5                 16         2.1200E+01
             13                  0                  1         1.5700E+01
             13                  1                  1         1.6250E+01
             13                  2                  7         1.6900E+01
             13                  3                 10         1.7650E+01
             13                  4                 19         1.8500E+01
             13                  5                 37         1.9450E+01
             13                  6                 23         2.0500E+01
             13                  7                  2         2.1650E+01
             14                  0                  6         1.4050E+01
             14                  1                 29         1.4600E+01
             14                  2                101         1.5250E+01
             14                  3                139         1.6000E+01
             14                  4                112         1.6850E+01
             14                  5                 98         1.7800E+01
             14                  6                 85         1.8850E+01
             14                  7                 35         2.0000E+01
             14                  8                  4         2.1250E+01
             14                  9                  1         2.2600E+01
             15                 -1                  1         1.2050E+01
             15                  0                 85         1.2500E+01
             15                  1                219         1.3050E+01
             15                  2                634         1.3700E+01
             15                  3                680         1.4450E+01
             15                  4                665         1.5300E+01
             15                  5                554         1.6250E+01
             15                  6                312         1.7300E+01
             15                  7                 64         1.8450E+01
             15                  8                 40         1.9700E+01
             15                  9                  4         2.1050E+01
             15                 10                  4         2.2500E+01
             16                  0                264         1.1050E+01
             16                  1                929         1.1600E+01
             16                  2               2427         1.2250E+01
             16                  3               2864         1.3000E+01
             16                  4               2831         1.3850E+01
             16                  5               2124         1.4800E+01
             16                  6                998         1.5850E+01
             16                  7                321         1.7000E+01
             16                  8                138         1.8250E+01
             16                  9                 67         1.9600E+01
             16                 10                  4         2.1050E+01
             17                 -2                  2         8.9000E+00
             17                 -1                 25         9.2500E+00
             17                  0               1044         9.7000E+00
             17                  1               2685         1.0250E+01
             17                  2               6045         1.0900E+01
             17                  3               8719         1.1650E+01
             17                  4               8806         1.2500E+01
             17                  5               6042         1.3450E+01
             17                  6               3121         1.4500E+01
             17                  7               1188         1.5650E+01
             17                  8                414         1.6900E+01
             17                  9                160         1.8250E+01
             17                 10                 20         1.9700E+01
             18                 -2                 10         7.6500E+00
             18                 -1                 62         8.0000E+00
             18                  0               2858         8.4500E+00
             18                  1               6688         9.0000E+00
             18                  2              13977         9.6500E+00
             18                  3              19142         1.0400E+01
             18                  4              19382         1.1250E+01
             18                  5              13278         1.2200E+01
             18                  6               6502         1.3250E+01
             18                  7               2490         1.4400E+01
             18                  8               1014         1.5650E+01
             18                  9                315         1.7000E+01
             18                 10                 70         1.8450E+01
             18                 11                  2         2.0000E+01
             18                 12                  1         2.1650E+01
             19                 -2                 58         6.5000E+00
             19                 -1                131         6.8500E+00
             19                  0               5349         7.3000E+00
             19                  1              13598         7.8500E+00
             19                  2              24346         8.5000E+00
             19                  3              34292         9.2500E+00
             19                  4              33722         1.0100E+01
             19                  5              23090         1.1050E+01
             19                  6              12127         1.2100E+01
             19                  7               4712         1.3250E+01
             19                  8               1501         1.4500E+01
             19                  9                504         1.5850E+01
             19                 10                106         1.7300E+01
             19                 11                 13         1.8850E+01
             19                 12                  7         2.0500E+01
             20                 -2                 42         5.4500E+00
             20                 -1                209         5.8000E+00
             20                  0               7975         6.2500E+00
             20                  1              17927         6.8000E+00
             20                  2              33629         7.4500E+00
             20                  3              45176         8.2000E+00
             20                  4              41969         9.0500E+00
             20                  5              29910         1.0000E+01
             20                  6              16254         1.1050E+01
             20                  7               6544         1.2200E+01
             20                  8               2169         1.3450E+01
             20                  9                597         1.4800E+01
             20                 10                120         1.6250E+01
             20                 11                 27         1.7800E+01
             20                 12                  3         1.9450E+01
             21                 -2                 12         4.5000E+00
             21                 -1                162         4.8500E+00
             21                  0               9012         5.3000E+00
             21                  1              20730         5.8500E+00
             21                  2              35970         6.5000E+00
             21                  3              46980         7.2500E+00
             21                  4              42947         8.1000E+00
             21                  5              29893         9.0500E+00
             21                  6              16760         1.0100E+01
             21                  7               6528         1.1250E+01
             21                  8               2225         1.2500E+01
             21                  9                579         1.3850E+01
             21                 10                118         1.5300E+01
             21                 11                  8         1.6850E+01
             22                 -2                 37         3.6500E+00
             22                 -1                204         4.0000E+00
             22                  0               8018         4.4500E+00
             22                  1              17081         5.0000E+00
             22                  2              28595         5.6500E+00
             22                  3              36056         6.4000E+00
             22                  4              32053         7.2500E+00
             22                  5              23016         8.2000E+00
             22                  6              12814         9.2500E+00
             22                  7               4900         1.0400E+01
             22                  8               1560         1.1650E+01
             22                  9                395         1.3000E+01
             22                 10                 88         1.4450E+01
             22                 11                 10         1.6000E+01
             23                 -2                  7         2.9000E+00
             23                 -1                118         3.2500E+00
             23                  0               4478         3.7000E+00
             23                  1               9209         4.2500E+00
             23                  2              14787         4.9000E+00
             23                  3              18292         5.6500E+00
             23                  4              17548         6.5000E+00
             23                  5              12291         7.4500E+00
             23                  6               6809         8.5000E+00
             23                  7               2716         9.6500E+00
             23                  8                907         1.0900E+01
             23                  9                225         1.2250E+01
             23                 10                 51         1.3700E+01
             23                 11                 17         1.5250E+01
             24                 -1                 62         2.6000E+00
             24                  0               1885         3.0500E+00
             24                  1               3512         3.6000E+00
             24                  2               5291         4.2500E+00
             24                  3               6444         5.0000E+00
             24                  4               6228         5.8500E+00
             24                  5               4106         6.8000E+00
             24                  6               2450         7.8500E+00
             24                  7                962         9.0000E+00
             24                  8                320         1.0250E+01
             24                  9                 78         1.1600E+01
             24                 10                 14         1.3050E+01
             24                 11                  2         1.4600E+01
             25                 -1                 10         2.0500E+00
             25                  0                398         2.5000E+00
             25                  1                805         3.0500E+00
             25                  2               1206         3.7000E+00
             25                  3               1369         4.4500E+00
             25                  4               1226         5.3000E+00
             25                  5                784         6.2500E+00
             25                  6                471         7.3000E+00
             25                  7                267         8.4500E+00
             25                  8                 36         9.7000E+00
             25                  9                  3         1.1050E+01
             25                 10                 30         1.2500E+01
             25                 11                  7         1.4050E+01
             26                  0                 52         2.0500E+00
             26                  1                 55         2.6000E+00
             26                  2                166         3.2500E+00
             26                  3                133         4.0000E+00
             26                  4                115         4.8500E+00
             26                  5                 59         5.8000E+00
             26                  6                 60         6.8500E+00
             26                  7                 42         8.0000E+00
             26                  8                  2         9.2500E+00
             27                  2                  6         2.9000E+00
             27                  3                  9         3.6500E+00
             27                  4                  5         4.5000E+00
