  #Crystal Size      Water Content              Count               Bias
              0                  9                  1         9.0500E+00
              0                 10                 41         1.0000E+01
              0                 11                 18         1.1050E+01
              0                 12                 18         1.2200E+01
              0                 13                  7         1.3450E+01
              1                  5                  1         5.3000E+00
              1                  6                  2         5.8500E+00
              1                  7                 36         6.5000E+00
              1                  8                 64         7.2500E+00
              1                  9                161         8.1000E+00
              1                 10                315         9.0500E+00
              1                 11                521         1.0100E+01
              1                 12                377         1.1250E+01
              1                 13                220         1.2500E+01
              1                 14                139         1.3850E+01
              1                 15                 33         1.5300E+01
              1                 16                  7         1.6850E+01
              2                  4                  1         4.0000E+00
              2                  6                 21         5.0000E+00
              2                  7                 33         5.6500E+00
              2                  8                195         6.4000E+00
              2                  9                305         7.2500E+00
              2                 10                548         8.2000E+00
              2                 11                545         9.2500E+00
              2                 12                404         1.0400E+01
              2                 13                313         1.1650E+01
              2                 14                194         1.3000E+01
              2                 15                 77         1.4450E+01
              2                 16                 10         1.6000E+01
              2                 17                  2         1.7650E+01
              3                  5                 11         3.7000E+00
              3                  6                 73         4.2500E+00
              3                  7                248         4.9000E+00
              3                  8                710         5.6500E+00
              3                  9               1480         6.5000E+00
              3                 10               1956         7.4500E+00
              3                 11               1952         8.5000E+00
              3                 12               1870         9.6500E+00
              3                 13               1218         1.0900E+01
              3                 14                676         1.2250E+01
              3                 15                182         1.3700E+01
              3                 16                 26         1.5250E+01
              3                 17                 11         1.6900E+01
              4                  4                  1         2.6000E+00
              4                  5                 10         3.0500E+00
              4                  6                108         3.6000E+00
              4                  7                569         4.2500E+00
              4                  8               1797         5.0000E+00
              4                  9               3504         5.8500E+00
              4                 10               4583         6.8000E+00
              4                 11               4264         7.8500E+00
              4                 12               3232         9.0000E+00
              4                 13               2126         1.0250E+01
              4                 14               1064         1.1600E+01
              4                 15                401         1.3050E+01
              4                 16                101         1.4600E+01
              4                 17                 32         1.6250E+01
              4                 18                  1         1.8000E+01
              5                  4                  6         2.0500E+00
              5                  5                 77         2.5000E+00
              5                  6                239         3.0500E+00
              5                  7               1052         3.7000E+00
              5                  8               3826         4.4500E+00
              5                  9               7843         5.3000E+00
              5                 10              10145         6.2500E+00
              5                 11               8929         7.3000E+00
              5                 12               5871         8.4500E+00
              5                 13               3869         9.7000E+00
              5                 14               1694         1.1050E+01
              5                 15                528         1.2500E+01
              5                 16                242         1.4050E+01
              5                 17                 44         1.5700E+01
              5                 18                  3         1.7450E+01
              6                  4                 10         1.6000E+00
              6                  5                 71         2.0500E+00
              6                  6                390         2.6000E+00
              6                  7               2133         3.2500E+00
              6                  8               7269         4.0000E+00
              6                  9              14991         4.8500E+00
              6                 10              19462         5.8000E+00
              6                 11              17528         6.8500E+00
              6                 12              12769         8.0000E+00
              6                 13               7374         9.2500E+00
              6                 14               2903         1.0600E+01
              6                 15                983         1.2050E+01
              6                 16                329         1.3600E+01
              6                 17                 81         1.5250E+01
              6                 18                  2         1.7000E+01
              7                  4                 37         1.2500E+00
              7                  5                 97         1.7000E+00
              7                  6                504         2.2500E+00
              7                  7               3642         2.9000E+00
              7                  8              12508         3.6500E+00
              7                  9              25507         4.5000E+00
              7                 10              34237         5.4500E+00
              7                 11              30504         6.5000E+00
              7                 12              20599         7.6500E+00
              7                 13              11153         8.9000E+00
              7                 14               5187         1.0250E+01
              7                 15               1983         1.1700E+01
              7                 16                545         1.3250E+01
              7                 17                115         1.4900E+01
              7                 18                  9         1.6650E+01
              8                  4                  4         1.0000E+00
              8                  5                 97         1.4500E+00
              8                  6                923         2.0000E+00
              8                  7               5656         2.6500E+00
              8                  8              17746         3.4000E+00
              8                  9              34860         4.2500E+00
              8                 10              46323         5.2000E+00
              8                 11              42757         6.2500E+00
              8                 12              29621         7.4000E+00
              8                 13              16725         8.6500E+00
              8                 14               7117         1.0000E+01
              8                 15               2396         1.1450E+01
              8                 16                725         1.3000E+01
              8                 17                143         1.4650E+01
              8                 18                 10         1.6400E+01
              9                  4                  3         8.5000E-01
              9                  5                 62         1.3000E+00
              9                  6                891         1.8500E+00
              9                  7               5898         2.5000E+00
              9                  8              17921         3.2500E+00
              9                  9              34724         4.1000E+00
              9                 10              47066         5.0500E+00
              9                 11              45333         6.1000E+00
              9                 12              32039         7.2500E+00
              9                 13              19002         8.5000E+00
              9                 14               8977         9.8500E+00
              9                 15               3249         1.1300E+01
              9                 16                981         1.2850E+01
              9                 17                239         1.4500E+01
              9                 18                 12         1.6250E+01
             10                  4                  1         8.0000E-01
             10                  5                 71         1.2500E+00
             10                  6                717         1.8000E+00
             10                  7               4164         2.4500E+00
             10                  8              12266         3.2000E+00
             10                  9              24403         4.0500E+00
             10                 10              34853         5.0000E+00
             10                 11              34715         6.0500E+00
             10                 12              24011         7.2000E+00
             10                 13              14780         8.4500E+00
             10                 14               7042         9.8000E+00
             10                 15               2742         1.1250E+01
             10                 16                795         1.2800E+01
             10                 17                212         1.4450E+01
             10                 18                 10         1.6200E+01
             11                  5                 26         1.3000E+00
             11                  6                293         1.8500E+00
             11                  7               1742         2.5000E+00
             11                  8               5338         3.2500E+00
             11                  9              10399         4.1000E+00
             11                 10              16267         5.0500E+00
             11                 11              16808         6.1000E+00
             11                 12              11800         7.2500E+00
             11                 13               6883         8.5000E+00
             11                 14               3218         9.8500E+00
             11                 15               1540         1.1300E+01
             11                 16                382         1.2850E+01
             11                 17                 71         1.4500E+01
             12                  6                 46         2.0000E+00
             12                  7                461         2.6500E+00
             12                  8               1528         3.4000E+00
             12                  9               3205         4.2500E+00
             12                 10               5120         5.2000E+00
             12                 11               5067         6.2500E+00
             12                 12               3596         7.4000E+00
             12                 13               2325         8.6500E+00
             12                 14                896         1.0000E+01
             12                 15                363         1.1450E+01
             12                 16                201         1.3000E+01
             12                 17                 57         1.4650E+01
             12                 18                  3         1.6400E+01
             13                  6                  3         2.2500E+00
             13                  7                 81         2.9000E+00
             13                  8                319         3.6500E+00
             13                  9                701         4.5000E+00
             13                 10               1030         5.4500E+00
             13                 11               1209         6.5000E+00
             13                 12                819         7.6500E+00
             13                 13                486         8.9000E+00
             13                 14                191         1.0250E+01
             13                 15                140         1.1700E+01
             13                 16                 41         1.3250E+01
             13                 17                  8         1.4900E+01
             13                 18                  1         1.6650E+01
             14                  7                  6         3.2500E+00
             14                  8                 38         4.0000E+00
             14                  9                142         4.8500E+00
             14                 10                194         5.8000E+00
             14                 11                193         6.8500E+00
             14                 12                149         8.0000E+00
             14                 13                105         9.2500E+00
             14                 14                 31         1.0600E+01
             14                 15                 20         1.2050E+01
             14                 16                  3         1.3600E+01
             15                  8                  3         4.4500E+00
             15                  9                 13         5.3000E+00
             15                 10                 12         6.2500E+00
             15                 11                  9         7.3000E+00
             15                 12                 20         8.4500E+00
             15                 13                  4         9.7000E+00
             15                 14                  2         1.1050E+01
             16                 10                  3         6.8000E+00
             16                 12                  2         9.0000E+00
