  #Crystal Size      Water Content              Count               Bias
              2                 18                  9         1.6900E+01
              3                 11                  1         9.0000E+00
              3                 12                  1         9.6500E+00
              3                 14                  6         1.1250E+01
              3                 15                  3         1.2200E+01
              3                 18                 26         1.5650E+01
              3                 19                  1         1.7000E+01
              4                  9                  5         6.8500E+00
              4                 10                  8         7.3000E+00
              4                 11                 16         7.8500E+00
              4                 12                 15         8.5000E+00
              4                 13                 18         9.2500E+00
              4                 14                 10         1.0100E+01
              4                 15                 26         1.1050E+01
              4                 16                 27         1.2100E+01
              4                 17                  6         1.3250E+01
              4                 18                  5         1.4500E+01
              4                 19                  1         1.5850E+01
              5                  8                  1         5.4500E+00
              5                  9                 13         5.8000E+00
              5                 10                 61         6.2500E+00
              5                 11                102         6.8000E+00
              5                 12                 82         7.4500E+00
              5                 13                 86         8.2000E+00
              5                 14                 87         9.0500E+00
              5                 15                122         1.0000E+01
              5                 16                 97         1.1050E+01
              5                 17                 53         1.2200E+01
              5                 18                 31         1.3450E+01
              5                 19                 17         1.4800E+01
              6                  7                  1         4.2500E+00
              6                  8                 48         4.5000E+00
              6                  9                104         4.8500E+00
              6                 10                306         5.3000E+00
              6                 11                375         5.8500E+00
              6                 12                362         6.5000E+00
              6                 13                405         7.2500E+00
              6                 14                462         8.1000E+00
              6                 15                526         9.0500E+00
              6                 16                520         1.0100E+01
              6                 17                469         1.1250E+01
              6                 18                345         1.2500E+01
              6                 19                218         1.3850E+01
              6                 20                 61         1.5300E+01
              6                 21                 20         1.6850E+01
              7                  6                  1         3.2500E+00
              7                  7                 21         3.4000E+00
              7                  8                 46         3.6500E+00
              7                  9                303         4.0000E+00
              7                 10                833         4.4500E+00
              7                 11                982         5.0000E+00
              7                 12               1130         5.6500E+00
              7                 13               1370         6.4000E+00
              7                 14               2066         7.2500E+00
              7                 15               2366         8.2000E+00
              7                 16               2338         9.2500E+00
              7                 17               1880         1.0400E+01
              7                 18               1506         1.1650E+01
              7                 19               1051         1.3000E+01
              7                 20                351         1.4450E+01
              7                 21                104         1.6000E+01
              7                 22                  9         1.7650E+01
              7                 23                 10         1.9400E+01
              8                  6                 26         2.5000E+00
              8                  7                 56         2.6500E+00
              8                  8                134         2.9000E+00
              8                  9                499         3.2500E+00
              8                 10               1115         3.7000E+00
              8                 11               1716         4.2500E+00
              8                 12               2397         4.9000E+00
              8                 13               3831         5.6500E+00
              8                 14               6337         6.5000E+00
              8                 15               8516         7.4500E+00
              8                 16               8848         8.5000E+00
              8                 17               7885         9.6500E+00
              8                 18               5817         1.0900E+01
              8                 19               3769         1.2250E+01
              8                 20               1742         1.3700E+01
              8                 21                785         1.5250E+01
              8                 22                151         1.6900E+01
              8                 23                 47         1.8650E+01
              8                 24                  1         2.0500E+01
              9                  6                  7         1.8500E+00
              9                  7                104         2.0000E+00
              9                  8                242         2.2500E+00
              9                  9                493         2.6000E+00
              9                 10               1260         3.0500E+00
              9                 11               2191         3.6000E+00
              9                 12               4603         4.2500E+00
              9                 13               8781         5.0000E+00
              9                 14              13950         5.8500E+00
              9                 15              18645         6.8000E+00
              9                 16              20079         7.8500E+00
              9                 17              18593         9.0000E+00
              9                 18              14122         1.0250E+01
              9                 19               9282         1.1600E+01
              9                 20               5031         1.3050E+01
              9                 21               2124         1.4600E+01
              9                 22                776         1.6250E+01
              9                 23                165         1.8000E+01
              9                 24                 27         1.9850E+01
             10                  5                  1         1.2500E+00
             10                  6                 18         1.3000E+00
             10                  7                112         1.4500E+00
             10                  8                391         1.7000E+00
             10                  9                690         2.0500E+00
             10                 10               1410         2.5000E+00
             10                 11               3014         3.0500E+00
             10                 12               5872         3.7000E+00
             10                 13              11405         4.4500E+00
             10                 14              19677         5.3000E+00
             10                 15              26615         6.2500E+00
             10                 16              28104         7.3000E+00
             10                 17              22576         8.4500E+00
             10                 18              16871         9.7000E+00
             10                 19              11961         1.1050E+01
             10                 20               6034         1.2500E+01
             10                 21               2491         1.4050E+01
             10                 22                834         1.5700E+01
             10                 23                183         1.7450E+01
             10                 24                 17         1.9300E+01
             11                  5                  2         8.0000E-01
             11                  6                 36         8.5000E-01
             11                  7                228         1.0000E+00
             11                  8                582         1.2500E+00
             11                  9               1213         1.6000E+00
             11                 10               2474         2.0500E+00
             11                 11               4347         2.6000E+00
             11                 12               6571         3.2500E+00
             11                 13              10857         4.0000E+00
             11                 14              16818         4.8500E+00
             11                 15              23350         5.8000E+00
             11                 16              24900         6.8500E+00
             11                 17              19448         8.0000E+00
             11                 18              12709         9.2500E+00
             11                 19               7729         1.0600E+01
             11                 20               3776         1.2050E+01
             11                 21               1547         1.3600E+01
             11                 22                603         1.5250E+01
             11                 23                183         1.7000E+01
             11                 24                 24         1.8850E+01
             12                  5                  6         4.5000E-01
             12                  6                131         5.0000E-01
             12                  7                399         6.5000E-01
             12                  8                999         9.0000E-01
             12                  9               2033         1.2500E+00
             12                 10               3558         1.7000E+00
             12                 11               5226         2.2500E+00
             12                 12               7221         2.9000E+00
             12                 13              10648         3.6500E+00
             12                 14              16087         4.5000E+00
             12                 15              19836         5.4500E+00
             12                 16              18364         6.5000E+00
             12                 17              13653         7.6500E+00
             12                 18               8139         8.9000E+00
             12                 19               3525         1.0250E+01
             12                 20               1323         1.1700E+01
             12                 21                622         1.3250E+01
             12                 22                196         1.4900E+01
             12                 23                 49         1.6650E+01
             12                 24                  1         1.8500E+01
             13                  5                  9         2.0000E-01
             13                  6                124         2.5000E-01
             13                  7                457         4.0000E-01
             13                  8               1032         6.5000E-01
             13                  9               2283         1.0000E+00
             13                 10               4141         1.4500E+00
             13                 11               6410         2.0000E+00
             13                 12               8150         2.6500E+00
             13                 13              10359         3.4000E+00
             13                 14              12994         4.2500E+00
             13                 15              14340         5.2000E+00
             13                 16              11284         6.2500E+00
             13                 17               7483         7.4000E+00
             13                 18               3768         8.6500E+00
             13                 19               1651         1.0000E+01
             13                 20                566         1.1450E+01
             13                 21                142         1.3000E+01
             13                 22                 75         1.4650E+01
             13                 23                  9         1.6400E+01
             14                  5                  5         5.0000E-02
             14                  6                 60         1.0000E-01
             14                  7                288         2.5000E-01
             14                  8                687         5.0000E-01
             14                  9               2213         8.5000E-01
             14                 10               4793         1.3000E+00
             14                 11               7767         1.8500E+00
             14                 12              10262         2.5000E+00
             14                 13              12260         3.2500E+00
             14                 14              12364         4.1000E+00
             14                 15               9340         5.0500E+00
             14                 16               6514         6.1000E+00
             14                 17               4090         7.2500E+00
             14                 18               1971         8.5000E+00
             14                 19                631         9.8500E+00
             14                 20                219         1.1300E+01
             14                 21                 38         1.2850E+01
             14                 22                 17         1.4500E+01
             14                 23                 21         1.6250E+01
             14                 24                  1         1.8100E+01
             15                  5                  2         0.0000E+00
             15                  6                 19         5.0000E-02
             15                  7                102         2.0000E-01
             15                  8                569         4.5000E-01
             15                  9               2128         8.0000E-01
             15                 10               5475         1.2500E+00
             15                 11               9562         1.8000E+00
             15                 12              12750         2.4500E+00
             15                 13              15283         3.2000E+00
             15                 14              12800         4.0500E+00
             15                 15               8228         5.0000E+00
             15                 16               4161         6.0500E+00
             15                 17               2168         7.2000E+00
             15                 18                860         8.4500E+00
             15                 19                235         9.8000E+00
             15                 20                 64         1.1250E+01
             15                 21                  8         1.2800E+01
             16                  6                 34         1.0000E-01
             16                  7                 57         2.5000E-01
             16                  8                549         5.0000E-01
             16                  9               2186         8.5000E-01
             16                 10               6067         1.3000E+00
             16                 11              10731         1.8500E+00
             16                 12              13853         2.5000E+00
             16                 13              15390         3.2500E+00
             16                 14              12491         4.1000E+00
             16                 15               7716         5.0500E+00
             16                 16               3581         6.1000E+00
             16                 17               1568         7.2500E+00
             16                 18                555         8.5000E+00
             16                 19                149         9.8500E+00
             16                 20                 57         1.1300E+01
             16                 21                  5         1.2850E+01
             17                  6                  2         2.5000E-01
             17                  7                 36         4.0000E-01
             17                  8                370         6.5000E-01
             17                  9               1745         1.0000E+00
             17                 10               4722         1.4500E+00
             17                 11               8362         2.0000E+00
             17                 12              10832         2.6500E+00
             17                 13              11307         3.4000E+00
             17                 14               8453         4.2500E+00
             17                 15               4445         5.2000E+00
             17                 16               2098         6.2500E+00
             17                 17                950         7.4000E+00
             17                 18                278         8.6500E+00
             17                 19                149         1.0000E+01
             17                 20                 58         1.1450E+01
             17                 21                  5         1.3000E+01
             18                  7                 35         6.5000E-01
             18                  8                276         9.0000E-01
             18                  9               1109         1.2500E+00
             18                 10               2613         1.7000E+00
             18                 11               4649         2.2500E+00
             18                 12               5571         2.9000E+00
             18                 13               5274         3.6500E+00
             18                 14               3650         4.5000E+00
             18                 15               1841         5.4500E+00
             18                 16                880         6.5000E+00
             18                 17                261         7.6500E+00
             18                 18                 56         8.9000E+00
             18                 19                  3         1.0250E+01
             18                 20                  3         1.1700E+01
             19                  7                 12         1.0000E+00
             19                  8                110         1.2500E+00
             19                  9                384         1.6000E+00
             19                 10                995         2.0500E+00
             19                 11               1315         2.6000E+00
             19                 12               1684         3.2500E+00
             19                 13               1368         4.0000E+00
             19                 14                771         4.8500E+00
             19                 15                402         5.8000E+00
             19                 16                202         6.8500E+00
             19                 17                 68         8.0000E+00
             19                 18                 18         9.2500E+00
             20                  8                  9         1.7000E+00
             20                  9                 38         2.0500E+00
             20                 10                144         2.5000E+00
             20                 11                252         3.0500E+00
             20                 12                209         3.7000E+00
             20                 13                173         4.4500E+00
             20                 14                136         5.3000E+00
             20                 15                 41         6.2500E+00
             20                 16                 13         7.3000E+00
             20                 17                 15         8.4500E+00
             20                 18                  1         9.7000E+00
             21                 10                  3         3.0500E+00
             21                 11                 11         3.6000E+00
             21                 12                 10         4.2500E+00
             21                 17                  1         9.0000E+00
