  #Crystal Size      Water Content              Count               Bias
              1                  2                  1         1.1250E+01
              1                  4                  1         1.3850E+01
              1                  5                  9         1.5300E+01
              1                  6                 10         1.6850E+01
              1                  7                 11         1.8500E+01
              1                  8                 15         2.0250E+01
              1                  9                 26         2.2100E+01
              2                  0                  1         8.2000E+00
              2                  1                  6         9.2500E+00
              2                  2                  4         1.0400E+01
              2                  3                  5         1.1650E+01
              2                  4                  2         1.3000E+01
              2                  5                 42         1.4450E+01
              2                  6                 62         1.6000E+01
              2                  7                 51         1.7650E+01
              2                  8                114         1.9400E+01
              2                  9                 26         2.1250E+01
              3                  0                 15         7.4500E+00
              3                  1                 61         8.5000E+00
              3                  2                 55         9.6500E+00
              3                  3                 78         1.0900E+01
              3                  4                127         1.2250E+01
              3                  5                354         1.3700E+01
              3                  6                356         1.5250E+01
              3                  7                257         1.6900E+01
              3                  8                159         1.8650E+01
              3                  9                 58         2.0500E+01
              3                 10                  9         2.2450E+01
              4                  0                197         6.8000E+00
              4                  1                344         7.8500E+00
              4                  2                475         9.0000E+00
              4                  3                516         1.0250E+01
              4                  4                888         1.1600E+01
              4                  5               1127         1.3050E+01
              4                  6               1227         1.4600E+01
              4                  7                937         1.6250E+01
              4                  8                479         1.8000E+01
              4                  9                219         1.9850E+01
              4                 10                 35         2.1800E+01
              4                 11                  1         2.3850E+01
              5                 -1                  5         5.3000E+00
              5                  0                754         6.2500E+00
              5                  1               1569         7.3000E+00
              5                  2               2467         8.4500E+00
              5                  3               2561         9.7000E+00
              5                  4               2948         1.1050E+01
              5                  5               3262         1.2500E+01
              5                  6               3651         1.4050E+01
              5                  7               2470         1.5700E+01
              5                  8               1139         1.7450E+01
              5                  9                282         1.9300E+01
              5                 10                 87         2.1250E+01
              5                 11                  1         2.3300E+01
              6                 -1                 26         4.8500E+00
              6                  0               2880         5.8000E+00
              6                  1               5159         6.8500E+00
              6                  2               7122         8.0000E+00
              6                  3               8570         9.2500E+00
              6                  4               9908         1.0600E+01
              6                  5              10951         1.2050E+01
              6                  6              10527         1.3600E+01
              6                  7               6684         1.5250E+01
              6                  8               3114         1.7000E+01
              6                  9                829         1.8850E+01
              6                 10                136         2.0800E+01
              6                 11                  6         2.2850E+01
              7                 -2                  5         3.6500E+00
              7                 -1                 90         4.5000E+00
              7                  0               6410         5.4500E+00
              7                  1              10675         6.5000E+00
              7                  2              15410         7.6500E+00
              7                  3              20696         8.9000E+00
              7                  4              25367         1.0250E+01
              7                  5              26146         1.1700E+01
              7                  6              22363         1.3250E+01
              7                  7              13690         1.4900E+01
              7                  8               6227         1.6650E+01
              7                  9               1885         1.8500E+01
              7                 10                349         2.0450E+01
              7                 11                 27         2.2500E+01
              8                 -2                 37         3.4000E+00
              8                 -1                272         4.2500E+00
              8                  0              11090         5.2000E+00
              8                  1              17833         6.2500E+00
              8                  2              25290         7.4000E+00
              8                  3              34201         8.6500E+00
              8                  4              44262         1.0000E+01
              8                  5              45521         1.1450E+01
              8                  6              35388         1.3000E+01
              8                  7              20082         1.4650E+01
              8                  8               8290         1.6400E+01
              8                  9               2219         1.8250E+01
              8                 10                440         2.0200E+01
              8                 11                 46         2.2250E+01
              8                 12                  1         2.4400E+01
              9                 -2                 27         3.2500E+00
              9                 -1                361         4.1000E+00
              9                  0              11597         5.0500E+00
              9                  1              19747         6.1000E+00
              9                  2              30140         7.2500E+00
              9                  3              39149         8.5000E+00
              9                  4              45826         9.8500E+00
              9                  5              44900         1.1300E+01
              9                  6              32731         1.2850E+01
              9                  7              17399         1.4500E+01
              9                  8               6370         1.6250E+01
              9                  9               1611         1.8100E+01
              9                 10                264         2.0050E+01
              9                 11                 27         2.2100E+01
              9                 12                  1         2.4250E+01
             10                 -2                  2         3.2000E+00
             10                 -1                204         4.0500E+00
             10                  0               8007         5.0000E+00
             10                  1              15446         6.0500E+00
             10                  2              22065         7.2000E+00
             10                  3              26513         8.4500E+00
             10                  4              28067         9.8000E+00
             10                  5              25852         1.1250E+01
             10                  6              18243         1.2800E+01
             10                  7               9423         1.4450E+01
             10                  8               3307         1.6200E+01
             10                  9                843         1.8050E+01
             10                 10                166         2.0000E+01
             10                 11                 31         2.2050E+01
             11                 -2                  2         3.2500E+00
             11                 -1                 51         4.1000E+00
             11                  0               4285         5.0500E+00
             11                  1               7676         6.1000E+00
             11                  2              11776         7.2500E+00
             11                  3              13276         8.5000E+00
             11                  4              12065         9.8500E+00
             11                  5              10795         1.1300E+01
             11                  6               6904         1.2850E+01
             11                  7               3395         1.4500E+01
             11                  8               1322         1.6250E+01
             11                  9                383         1.8100E+01
             11                 10                102         2.0050E+01
             11                 11                  8         2.2100E+01
             12                 -1                  9         4.2500E+00
             12                  0               1367         5.2000E+00
             12                  1               2612         6.2500E+00
             12                  2               4636         7.4000E+00
             12                  3               4710         8.6500E+00
             12                  4               3856         1.0000E+01
             12                  5               2838         1.1450E+01
             12                  6               2157         1.3000E+01
             12                  7               1005         1.4650E+01
             12                  8                321         1.6400E+01
             12                  9                 92         1.8250E+01
             12                 10                 25         2.0200E+01
             12                 11                 13         2.2250E+01
             13                  0                280         5.4500E+00
             13                  1                665         6.5000E+00
             13                  2               1045         7.6500E+00
             13                  3               1112         8.9000E+00
             13                  4                885         1.0250E+01
             13                  5                610         1.1700E+01
             13                  6                395         1.3250E+01
             13                  7                198         1.4900E+01
             13                  8                 77         1.6650E+01
             13                  9                 13         1.8500E+01
             13                 10                 25         2.0450E+01
             13                 11                  1         2.2500E+01
             14                  0                 37         5.8000E+00
             14                  1                145         6.8500E+00
             14                  2                161         8.0000E+00
             14                  3                169         9.2500E+00
             14                  4                144         1.0600E+01
             14                  5                 66         1.2050E+01
             14                  6                 65         1.3600E+01
             14                  7                 39         1.5250E+01
             14                  8                  5         1.7000E+01
             14                  9                  2         1.8850E+01
             15                  0                  6         6.2500E+00
             15                  1                 11         7.3000E+00
             15                  2                  7         8.4500E+00
             15                  3                 25         9.7000E+00
             15                  4                  7         1.1050E+01
             15                  5                  3         1.2500E+01
             15                  6                  4         1.4050E+01
             15                  7                  2         1.5700E+01
             16                  1                 12         7.8500E+00
             16                  4                  3         1.1600E+01
             16                  6                  1         1.4600E+01
