  #Crystal Size      Water Content              Count               Bias
             10                  1                  3         1.7800E+01
             11                  0                 31         1.5300E+01
             11                  1                 25         1.6850E+01
             11                  2                 17         1.8500E+01
             11                  3                  5         2.0250E+01
             11                  4                  1         2.2100E+01
             11                  5                  2         2.4050E+01
             12                 -1                  1         1.3000E+01
             12                  0                295         1.4450E+01
             12                  1                291         1.6000E+01
             12                  2                214         1.7650E+01
             12                  3                 89         1.9400E+01
             12                  4                 41         2.1250E+01
             12                  5                 19         2.3200E+01
             12                  6                  2         2.5250E+01
             13                 -2                  4         1.0900E+01
             13                 -1                 30         1.2250E+01
             13                  0               1510         1.3700E+01
             13                  1               1578         1.5250E+01
             13                  2               1333         1.6900E+01
             13                  3                661         1.8650E+01
             13                  4                170         2.0500E+01
             13                  5                 33         2.2450E+01
             14                 -2                  6         1.0250E+01
             14                 -1                 83         1.1600E+01
             14                  0               5637         1.3050E+01
             14                  1               6231         1.4600E+01
             14                  2               4791         1.6250E+01
             14                  3               2432         1.8000E+01
             14                  4                703         1.9850E+01
             14                  5                 94         2.1800E+01
             14                  6                  3         2.3850E+01
             14                  7                  1         2.6000E+01
             15                 -3                  7         8.4500E+00
             15                 -2                 44         9.7000E+00
             15                 -1                420         1.1050E+01
             15                  0              15043         1.2500E+01
             15                  1              16097         1.4050E+01
             15                  2              11946         1.5700E+01
             15                  3               5813         1.7450E+01
             15                  4               1470         1.9300E+01
             15                  5                205         2.1250E+01
             15                  6                 14         2.3300E+01
             16                 -3                 50         8.0000E+00
             16                 -2                246         9.2500E+00
             16                 -1                978         1.0600E+01
             16                  0              29421         1.2050E+01
             16                  1              31205         1.3600E+01
             16                  2              22338         1.5250E+01
             16                  3              10080         1.7000E+01
             16                  4               2808         1.8850E+01
             16                  5                513         2.0800E+01
             16                  6                 52         2.2850E+01
             16                  7                  4         2.5000E+01
             17                 -4                  1         6.5000E+00
             17                 -3                 82         7.6500E+00
             17                 -2                517         8.9000E+00
             17                 -1               1625         1.0250E+01
             17                  0              43101         1.1700E+01
             17                  1              43817         1.3250E+01
             17                  2              29706         1.4900E+01
             17                  3              13214         1.6650E+01
             17                  4               3786         1.8500E+01
             17                  5               1111         2.0450E+01
             17                  6                204         2.2500E+01
             17                  7                 16         2.4650E+01
             17                  8                  8         2.6900E+01
             17                  9                  1         2.9250E+01
             18                 -4                  6         6.2500E+00
             18                 -3                 87         7.4000E+00
             18                 -2                756         8.6500E+00
             18                 -1               2426         1.0000E+01
             18                  0              49564         1.1450E+01
             18                  1              46614         1.3000E+01
             18                  2              29992         1.4650E+01
             18                  3              13968         1.6400E+01
             18                  4               5164         1.8250E+01
             18                  5               2005         2.0200E+01
             18                  6                587         2.2250E+01
             18                  7                102         2.4400E+01
             18                  8                 44         2.6650E+01
             18                  9                  8         2.9000E+01
             19                 -4                 41         6.1000E+00
             19                 -3                170         7.2500E+00
             19                 -2               1132         8.5000E+00
             19                 -1               3018         9.8500E+00
             19                  0              44191         1.1300E+01
             19                  1              38096         1.2850E+01
             19                  2              27156         1.4500E+01
             19                  3              15409         1.6250E+01
             19                  4               8586         1.8100E+01
             19                  5               4628         2.0050E+01
             19                  6               1468         2.2100E+01
             19                  7                449         2.4250E+01
             19                  8                 44         2.6500E+01
             19                  9                  7         2.8850E+01
             20                 -4                  2         6.0500E+00
             20                 -3                230         7.2000E+00
             20                 -2               1276         8.4500E+00
             20                 -1               3071         9.8000E+00
             20                  0              30510         1.1250E+01
             20                  1              25845         1.2800E+01
             20                  2              22476         1.4450E+01
             20                  3              18612         1.6200E+01
             20                  4              14594         1.8050E+01
             20                  5               8992         2.0000E+01
             20                  6               3278         2.2050E+01
             20                  7                780         2.4200E+01
             20                  8                150         2.6450E+01
             20                  9                  9         2.8800E+01
             21                 -4                 10         6.1000E+00
             21                 -3                186         7.2500E+00
             21                 -2                916         8.5000E+00
             21                 -1               2119         9.8500E+00
             21                  0              16157         1.1300E+01
             21                  1              15468         1.2850E+01
             21                  2              19321         1.4500E+01
             21                  3              21728         1.6250E+01
             21                  4              18985         1.8100E+01
             21                  5              11413         2.0050E+01
             21                  6               4937         2.2100E+01
             21                  7               1162         2.4250E+01
             21                  8                158         2.6500E+01
             21                  9                  4         2.8850E+01
             22                 -3                 68         7.4000E+00
             22                 -2                409         8.6500E+00
             22                 -1                848         1.0000E+01
             22                  0               5910         1.1450E+01
             22                  1               8028         1.3000E+01
             22                  2              14491         1.4650E+01
             22                  3              19434         1.6400E+01
             22                  4              17731         1.8250E+01
             22                  5              10950         2.0200E+01
             22                  6               4565         2.2250E+01
             22                  7               1108         2.4400E+01
             22                  8                117         2.6650E+01
             22                  9                  3         2.9000E+01
             23                 -3                  9         7.6500E+00
             23                 -2                 70         8.9000E+00
             23                 -1                193         1.0250E+01
             23                  0               1876         1.1700E+01
             23                  1               3645         1.3250E+01
             23                  2               8258         1.4900E+01
             23                  3              11475         1.6650E+01
             23                  4              10061         1.8500E+01
             23                  5               6557         2.0450E+01
             23                  6               2728         2.2500E+01
             23                  7                560         2.4650E+01
             23                  8                 53         2.6900E+01
             23                  9                  2         2.9250E+01
             24                 -2                  3         9.2500E+00
             24                 -1                 17         1.0600E+01
             24                  0                433         1.2050E+01
             24                  1               1245         1.3600E+01
             24                  2               3238         1.5250E+01
             24                  3               4469         1.7000E+01
             24                  4               3657         1.8850E+01
             24                  5               2341         2.0800E+01
             24                  6                819         2.2850E+01
             24                  7                185         2.5000E+01
             24                  8                 17         2.7250E+01
             25                 -1                  1         1.1050E+01
             25                  0                 61         1.2500E+01
             25                  1                317         1.4050E+01
             25                  2                704         1.5700E+01
             25                  3                996         1.7450E+01
             25                  4                742         1.9300E+01
             25                  5                373         2.1250E+01
             25                  6                156         2.3300E+01
             25                  7                 30         2.5450E+01
             25                  8                  4         2.7700E+01
             26                  0                  4         1.3050E+01
             26                  1                 68         1.4600E+01
             26                  2                193         1.6250E+01
             26                  3                140         1.8000E+01
             26                  4                 94         1.9850E+01
             26                  5                 42         2.1800E+01
             26                  6                 36         2.3850E+01
             27                  1                 10         1.5250E+01
             27                  2                 41         1.6900E+01
             27                  3                 21         1.8650E+01
             27                  4                  6         2.0500E+01
             28                  0                  1         1.4450E+01
             28                  4                  1         2.1250E+01
