  #Crystal Size      Water Content              Count               Bias
              0                  8                  8         5.4500E+00
              0                  9                136         5.8000E+00
              0                 10                781         6.2500E+00
              0                 11               4236         6.8000E+00
              0                 12              12369         7.4500E+00
              0                 13              27429         8.2000E+00
              0                 14              48776         9.0500E+00
              0                 15              59993         1.0000E+01
              0                 16              54363         1.1050E+01
              0                 17              35002         1.2200E+01
              0                 18              15856         1.3450E+01
              0                 19               5801         1.4800E+01
              0                 20               1745         1.6250E+01
              0                 21                372         1.7800E+01
              0                 22                 48         1.9450E+01
              0                 23                 38         2.1200E+01
              1                  8                  5         4.5000E+00
              1                  9                 79         4.8500E+00
              1                 10                657         5.3000E+00
              1                 11               3492         5.8500E+00
              1                 12              10108         6.5000E+00
              1                 13              25808         7.2500E+00
              1                 14              50071         8.1000E+00
              1                 15              67642         9.0500E+00
              1                 16              63601         1.0100E+01
              1                 17              49986         1.1250E+01
              1                 18              28614         1.2500E+01
              1                 19              11688         1.3850E+01
              1                 20               4772         1.5300E+01
              1                 21               1530         1.6850E+01
              1                 22                714         1.8500E+01
              1                 23                318         2.0250E+01
              1                 24                146         2.2100E+01
              1                 25                 25         2.4050E+01
              2                  9                 76         4.0000E+00
              2                 10                325         4.4500E+00
              2                 11               1147         5.0000E+00
              2                 12               3554         5.6500E+00
              2                 13               9092         6.4000E+00
              2                 14              16752         7.2500E+00
              2                 15              22659         8.2000E+00
              2                 16              23846         9.2500E+00
              2                 17              18903         1.0400E+01
              2                 18              11633         1.1650E+01
              2                 19               5634         1.3000E+01
              2                 20               2511         1.4450E+01
              2                 21               1062         1.6000E+01
              2                 22                634         1.7650E+01
              2                 23                174         1.9400E+01
              2                 24                 73         2.1250E+01
              2                 25                  6         2.3200E+01
              3                  9                  2         3.2500E+00
              3                 10                 32         3.7000E+00
              3                 11                457         4.2500E+00
              3                 12               1579         4.9000E+00
              3                 13               5404         5.6500E+00
              3                 14              11122         6.5000E+00
              3                 15              15205         7.4500E+00
              3                 16              16575         8.5000E+00
              3                 17              15776         9.6500E+00
              3                 18              11859         1.0900E+01
              3                 19               7029         1.2250E+01
              3                 20               3708         1.3700E+01
              3                 21               2739         1.5250E+01
              3                 22               1249         1.6900E+01
              3                 23                686         1.8650E+01
              3                 24                253         2.0500E+01
              3                 25                 96         2.2450E+01
              3                 26                  1         2.4500E+01
              4                  9                  1         2.6000E+00
              4                 10                 82         3.0500E+00
              4                 11                339         3.6000E+00
              4                 12               1522         4.2500E+00
              4                 13               3388         5.0000E+00
              4                 14               6193         5.8500E+00
              4                 15               8618         6.8000E+00
              4                 16              10512         7.8500E+00
              4                 17              12145         9.0000E+00
              4                 18              10292         1.0250E+01
              4                 19               6706         1.1600E+01
              4                 20               3822         1.3050E+01
              4                 21               2360         1.4600E+01
              4                 22               1389         1.6250E+01
              4                 23                610         1.8000E+01
              4                 24                137         1.9850E+01
              4                 25                 28         2.1800E+01
              5                 10                  8         2.5000E+00
              5                 11                147         3.0500E+00
              5                 12                817         3.7000E+00
              5                 13               3027         4.4500E+00
              5                 14               5580         5.3000E+00
              5                 15               6753         6.2500E+00
              5                 16               8905         7.3000E+00
              5                 17              10142         8.4500E+00
              5                 18               8760         9.7000E+00
              5                 19               5373         1.1050E+01
              5                 20               3373         1.2500E+01
              5                 21               2172         1.4050E+01
              5                 22               1326         1.5700E+01
              5                 23                460         1.7450E+01
              5                 24                 59         1.9300E+01
              6                 10                  8         2.0500E+00
              6                 11                186         2.6000E+00
              6                 12                985         3.2500E+00
              6                 13               2461         4.0000E+00
              6                 14               4040         4.8500E+00
              6                 15               5515         5.8000E+00
              6                 16               6362         6.8500E+00
              6                 17               7342         8.0000E+00
              6                 18               6045         9.2500E+00
              6                 19               3963         1.0600E+01
              6                 20               2189         1.2050E+01
              6                 21               1326         1.3600E+01
              6                 22                810         1.5250E+01
              6                 23                174         1.7000E+01
              6                 24                 52         1.8850E+01
              6                 25                  4         2.0800E+01
              7                 10                 38         1.7000E+00
              7                 11                204         2.2500E+00
              7                 12                687         2.9000E+00
              7                 13               1494         3.6500E+00
              7                 14               2389         4.5000E+00
              7                 15               2625         5.4500E+00
              7                 16               2965         6.5000E+00
              7                 17               3658         7.6500E+00
              7                 18               3186         8.9000E+00
              7                 19               2371         1.0250E+01
              7                 20               1509         1.1700E+01
              7                 21                812         1.3250E+01
              7                 22                472         1.4900E+01
              7                 23                148         1.6650E+01
              7                 24                 70         1.8500E+01
              7                 25                  6         2.0450E+01
              8                  9                  2         1.0000E+00
              8                 10                 76         1.4500E+00
              8                 11                184         2.0000E+00
              8                 12                440         2.6500E+00
              8                 13                762         3.4000E+00
              8                 14                883         4.2500E+00
              8                 15               1029         5.2000E+00
              8                 16               1168         6.2500E+00
              8                 17               1304         7.4000E+00
              8                 18               1175         8.6500E+00
              8                 19                824         1.0000E+01
              8                 20                703         1.1450E+01
              8                 21                489         1.3000E+01
              8                 22                279         1.4650E+01
              8                 23                 67         1.6400E+01
              8                 24                 34         1.8250E+01
              9                 10                  5         1.3000E+00
              9                 11                  9         1.8500E+00
              9                 12                 91         2.5000E+00
              9                 13                120         3.2500E+00
              9                 14                185         4.1000E+00
              9                 15                270         5.0500E+00
              9                 16                268         6.1000E+00
              9                 17                336         7.2500E+00
              9                 18                491         8.5000E+00
              9                 19                369         9.8500E+00
              9                 20                332         1.1300E+01
              9                 21                153         1.2850E+01
              9                 22                137         1.4500E+01
              9                 23                 47         1.6250E+01
              9                 24                  2         1.8100E+01
             10                 12                  1         2.4500E+00
             10                 13                 18         3.2000E+00
             10                 14                 27         4.0500E+00
             10                 15                 36         5.0000E+00
             10                 16                 56         6.0500E+00
             10                 17                 60         7.2000E+00
             10                 18                 76         8.4500E+00
             10                 19                 63         9.8000E+00
             10                 20                 70         1.1250E+01
             10                 21                 29         1.2800E+01
             10                 22                 16         1.4450E+01
             11                 13                  8         3.2500E+00
             11                 14                  4         4.1000E+00
             11                 15                 29         5.0500E+00
             11                 16                 10         6.1000E+00
             11                 17                  3         7.2500E+00
             11                 18                  7         8.5000E+00
             11                 19                 16         9.8500E+00
             11                 20                 23         1.1300E+01
             11                 21                  1         1.2850E+01
             11                 22                  1         1.4500E+01
             12                 15                  1         5.2000E+00
             12                 16                  1         6.2500E+00
             12                 19                  6         1.0000E+01
