  #Crystal Size      Water Content              Count               Bias
             12                 -1                  1         1.2500E+01
             12                  0                  4         1.3450E+01
             12                  1                  8         1.4500E+01
             12                  2                 10         1.5650E+01
             12                  3                  9         1.6900E+01
             12                  4                 21         1.8250E+01
             12                  5                  2         1.9700E+01
             12                  6                  5         2.1250E+01
             13                 -1                  4         1.1250E+01
             13                  0                 63         1.2200E+01
             13                  1                 74         1.3250E+01
             13                  2                150         1.4400E+01
             13                  3                107         1.5650E+01
             13                  4                157         1.7000E+01
             13                  5                 96         1.8450E+01
             13                  6                 70         2.0000E+01
             13                  7                 11         2.1650E+01
             13                  8                  9         2.3400E+01
             14                 -1                  9         1.0100E+01
             14                  0                408         1.1050E+01
             14                  1                632         1.2100E+01
             14                  2                927         1.3250E+01
             14                  3                914         1.4500E+01
             14                  4               1124         1.5850E+01
             14                  5                686         1.7300E+01
             14                  6                325         1.8850E+01
             14                  7                199         2.0500E+01
             14                  8                 44         2.2250E+01
             14                  9                 13         2.4100E+01
             14                 10                  1         2.6050E+01
             15                 -2                  7         8.2000E+00
             15                 -1                 34         9.0500E+00
             15                  0               1132         1.0000E+01
             15                  1               2257         1.1050E+01
             15                  2               3871         1.2200E+01
             15                  3               4783         1.3450E+01
             15                  4               4380         1.4800E+01
             15                  5               3109         1.6250E+01
             15                  6               1641         1.7800E+01
             15                  7                773         1.9450E+01
             15                  8                325         2.1200E+01
             15                  9                 87         2.3050E+01
             15                 10                  3         2.5000E+01
             15                 11                  2         2.7050E+01
             16                 -2                 50         7.2500E+00
             16                 -1                245         8.1000E+00
             16                  0               3176         9.0500E+00
             16                  1               6710         1.0100E+01
             16                  2              11838         1.1250E+01
             16                  3              15298         1.2500E+01
             16                  4              13968         1.3850E+01
             16                  5               9385         1.5300E+01
             16                  6               5269         1.6850E+01
             16                  7               2559         1.8500E+01
             16                  8                964         2.0250E+01
             16                  9                447         2.2100E+01
             16                 10                 34         2.4050E+01
             16                 11                  6         2.6100E+01
             17                 -3                  2         5.6500E+00
             17                 -2                 98         6.4000E+00
             17                 -1                436         7.2500E+00
             17                  0               6651         8.2000E+00
             17                  1              13025         9.2500E+00
             17                  2              23900         1.0400E+01
             17                  3              31631         1.1650E+01
             17                  4              29140         1.3000E+01
             17                  5              20700         1.4450E+01
             17                  6              11225         1.6000E+01
             17                  7               5946         1.7650E+01
             17                  8               2984         1.9400E+01
             17                  9               1233         2.1250E+01
             17                 10                372         2.3200E+01
             17                 11                 54         2.5250E+01
             17                 12                  3         2.7400E+01
             18                 -3                  4         4.9000E+00
             18                 -2                178         5.6500E+00
             18                 -1                536         6.5000E+00
             18                  0               8754         7.4500E+00
             18                  1              17202         8.5000E+00
             18                  2              32459         9.6500E+00
             18                  3              45026         1.0900E+01
             18                  4              43010         1.2250E+01
             18                  5              30081         1.3700E+01
             18                  6              18761         1.5250E+01
             18                  7              11433         1.6900E+01
             18                  8               6123         1.8650E+01
             18                  9               2839         2.0500E+01
             18                 10                946         2.2450E+01
             18                 11                134         2.4500E+01
             18                 12                 15         2.6650E+01
             19                 -2                 83         5.0000E+00
             19                 -1                323         5.8500E+00
             19                  0               6995         6.8000E+00
             19                  1              15611         7.8500E+00
             19                  2              29324         9.0000E+00
             19                  3              42142         1.0250E+01
             19                  4              41031         1.1600E+01
             19                  5              32626         1.3050E+01
             19                  6              22086         1.4600E+01
             19                  7              16426         1.6250E+01
             19                  8               9271         1.8000E+01
             19                  9               4419         1.9850E+01
             19                 10               1641         2.1800E+01
             19                 11                527         2.3850E+01
             19                 12                 30         2.6000E+01
             20                 -2                 13         4.4500E+00
             20                 -1                112         5.3000E+00
             20                  0               4369         6.2500E+00
             20                  1               9178         7.3000E+00
             20                  2              18302         8.4500E+00
             20                  3              26209         9.7000E+00
             20                  4              28221         1.1050E+01
             20                  5              24919         1.2500E+01
             20                  6              20027         1.4050E+01
             20                  7              15723         1.5700E+01
             20                  8              10108         1.7450E+01
             20                  9               4785         1.9300E+01
             20                 10               2178         2.1250E+01
             20                 11                777         2.3300E+01
             20                 12                109         2.5450E+01
             20                 13                  5         2.7700E+01
             21                 -1                 37         4.8500E+00
             21                  0               2228         5.8000E+00
             21                  1               4280         6.8500E+00
             21                  2               9120         8.0000E+00
             21                  3              12613         9.2500E+00
             21                  4              15250         1.0600E+01
             21                  5              14948         1.2050E+01
             21                  6              13113         1.3600E+01
             21                  7              10793         1.5250E+01
             21                  8               6864         1.7000E+01
             21                  9               3467         1.8850E+01
             21                 10               1385         2.0800E+01
             21                 11                566         2.2850E+01
             21                 12                 55         2.5000E+01
             21                 13                  4         2.7250E+01
             22                 -1                  6         4.5000E+00
             22                  0                672         5.4500E+00
             22                  1               1248         6.5000E+00
             22                  2               3316         7.6500E+00
             22                  3               5608         8.9000E+00
             22                  4               6373         1.0250E+01
             22                  5               7158         1.1700E+01
             22                  6               6293         1.3250E+01
             22                  7               4513         1.4900E+01
             22                  8               2411         1.6650E+01
             22                  9               1669         1.8500E+01
             22                 10                679         2.0450E+01
             22                 11                133         2.2500E+01
             22                 12                138         2.4650E+01
             22                 13                 21         2.6900E+01
             23                  0                170         5.2000E+00
             23                  1                540         6.2500E+00
             23                  2               1172         7.4000E+00
             23                  3               2186         8.6500E+00
             23                  4               2037         1.0000E+01
             23                  5               2179         1.1450E+01
             23                  6               1942         1.3000E+01
             23                  7               1317         1.4650E+01
             23                  8                558         1.6400E+01
             23                  9                255         1.8250E+01
             23                 10                 51         2.0200E+01
             23                 11                 10         2.2250E+01
             24                  0                 38         5.0500E+00
             24                  1                114         6.1000E+00
             24                  2                281         7.2500E+00
             24                  3                457         8.5000E+00
             24                  4                258         9.8500E+00
             24                  5                292         1.1300E+01
             24                  6                122         1.2850E+01
             24                  7                 94         1.4500E+01
             24                  8                 25         1.6250E+01
             24                  9                  7         1.8100E+01
             24                 10                  5         2.0050E+01
             25                  1                  1         6.0500E+00
             25                  2                  1         7.2000E+00
             25                  3                  4         8.4500E+00
             25                  5                  8         1.1250E+01
             25                  6                  8         1.2800E+01
