  #Crystal Size      Water Content              Count               Bias
             48                 27                  1         2.9000E+00
             49                 26                  5         2.6000E+00
             49                 27                 23         3.2500E+00
             49                 28                  4         4.0000E+00
             49                 31                  1         6.8500E+00
             50                 24                 17         2.0500E+00
             50                 25                 12         2.5000E+00
             50                 26                 17         3.0500E+00
             50                 27                 59         3.7000E+00
             50                 28                 39         4.4500E+00
             50                 29                  8         5.3000E+00
             50                 30                 10         6.2500E+00
             50                 31                 15         7.3000E+00
             50                 32                  4         8.4500E+00
             51                 19                  2         1.8500E+00
             51                 20                 12         1.8000E+00
             51                 21                  1         1.8500E+00
             51                 22                 24         2.0000E+00
             51                 23                 51         2.2500E+00
             51                 24                107         2.6000E+00
             51                 25                187         3.0500E+00
             51                 26                150         3.6000E+00
             51                 27                220         4.2500E+00
             51                 28                189         5.0000E+00
             51                 29                 84         5.8500E+00
             51                 30                 46         6.8000E+00
             51                 31                 20         7.8500E+00
             51                 32                 14         9.0000E+00
             51                 35                  2         1.3050E+01
             52                 19                  1         2.5000E+00
             52                 20                 19         2.4500E+00
             52                 21                 30         2.5000E+00
             52                 22                 57         2.6500E+00
             52                 23                293         2.9000E+00
             52                 24                483         3.2500E+00
             52                 25                645         3.7000E+00
             52                 26                931         4.2500E+00
             52                 27                920         4.9000E+00
             52                 28                697         5.6500E+00
             52                 29                275         6.5000E+00
             52                 30                117         7.4500E+00
             52                 31                111         8.5000E+00
             52                 32                 27         9.6500E+00
             52                 33                  1         1.0900E+01
             52                 34                 17         1.2250E+01
             53                 19                  4         3.2500E+00
             53                 20                 39         3.2000E+00
             53                 21                129         3.2500E+00
             53                 22                233         3.4000E+00
             53                 23               1044         3.6500E+00
             53                 24               1672         4.0000E+00
             53                 25               2761         4.4500E+00
             53                 26               3097         5.0000E+00
             53                 27               3154         5.6500E+00
             53                 28               1895         6.4000E+00
             53                 29                937         7.2500E+00
             53                 30                437         8.2000E+00
             53                 31                160         9.2500E+00
             53                 32                 95         1.0400E+01
             53                 33                 43         1.1650E+01
             53                 34                  3         1.3000E+01
             54                 18                  3         4.2500E+00
             54                 19                 66         4.1000E+00
             54                 20                114         4.0500E+00
             54                 21                263         4.1000E+00
             54                 22                651         4.2500E+00
             54                 23               2318         4.5000E+00
             54                 24               4574         4.8500E+00
             54                 25               6782         5.3000E+00
             54                 26               7899         5.8500E+00
             54                 27               7423         6.5000E+00
             54                 28               4606         7.2500E+00
             54                 29               2302         8.1000E+00
             54                 30                983         9.0500E+00
             54                 31                268         1.0100E+01
             54                 32                130         1.1250E+01
             54                 33                 31         1.2500E+01
             54                 34                  5         1.3850E+01
             55                 18                  1         5.2000E+00
             55                 19                 18         5.0500E+00
             55                 20                100         5.0000E+00
             55                 21                410         5.0500E+00
             55                 22               1525         5.2000E+00
             55                 23               4119         5.4500E+00
             55                 24               8676         5.8000E+00
             55                 25              13445         6.2500E+00
             55                 26              16237         6.8000E+00
             55                 27              14811         7.4500E+00
             55                 28               9547         8.2000E+00
             55                 29               4462         9.0500E+00
             55                 30               1628         1.0000E+01
             55                 31                574         1.1050E+01
             55                 32                151         1.2200E+01
             55                 33                 37         1.3450E+01
             55                 34                  3         1.4800E+01
             56                 19                 21         6.1000E+00
             56                 20                149         6.0500E+00
             56                 21                825         6.1000E+00
             56                 22               2548         6.2500E+00
             56                 23               6890         6.5000E+00
             56                 24              14374         6.8500E+00
             56                 25              21722         7.3000E+00
             56                 26              26933         7.8500E+00
             56                 27              24021         8.5000E+00
             56                 28              14682         9.2500E+00
             56                 29               6444         1.0100E+01
             56                 30               2728         1.1050E+01
             56                 31                837         1.2100E+01
             56                 32                218         1.3250E+01
             56                 33                 22         1.4500E+01
             56                 34                  1         1.5850E+01
             57                 19                  9         7.2500E+00
             57                 20                119         7.2000E+00
             57                 21               1031         7.2500E+00
             57                 22               3417         7.4000E+00
             57                 23               8986         7.6500E+00
             57                 24              18365         8.0000E+00
             57                 25              30826         8.4500E+00
             57                 26              37937         9.0000E+00
             57                 27              33060         9.6500E+00
             57                 28              20608         1.0400E+01
             57                 29               9627         1.1250E+01
             57                 30               3983         1.2200E+01
             57                 31               1042         1.3250E+01
             57                 32                236         1.4400E+01
             57                 33                 18         1.5650E+01
             58                 19                 10         8.5000E+00
             58                 20                224         8.4500E+00
             58                 21               1182         8.5000E+00
             58                 22               3750         8.6500E+00
             58                 23               9434         8.9000E+00
             58                 24              20145         9.2500E+00
             58                 25              35000         9.7000E+00
             58                 26              44525         1.0250E+01
             58                 27              38827         1.0900E+01
             58                 28              24684         1.1650E+01
             58                 29              12732         1.2500E+01
             58                 30               4495         1.3450E+01
             58                 31               1362         1.4500E+01
             58                 32                223         1.5650E+01
             58                 33                 39         1.6900E+01
             59                 18                  3         1.0000E+01
             59                 19                  4         9.8500E+00
             59                 20                111         9.8000E+00
             59                 21                853         9.8500E+00
             59                 22               3296         1.0000E+01
             59                 23               8558         1.0250E+01
             59                 24              18662         1.0600E+01
             59                 25              32922         1.1050E+01
             59                 26              40646         1.1600E+01
             59                 27              34498         1.2250E+01
             59                 28              22239         1.3000E+01
             59                 29              10597         1.3850E+01
             59                 30               4214         1.4800E+01
             59                 31               1140         1.5850E+01
             59                 32                180         1.7000E+01
             59                 33                 52         1.8250E+01
             59                 34                 26         1.9600E+01
             60                 18                  5         1.1450E+01
             60                 19                  2         1.1300E+01
             60                 20                 61         1.1250E+01
             60                 21                453         1.1300E+01
             60                 22               2003         1.1450E+01
             60                 23               6159         1.1700E+01
             60                 24              13709         1.2050E+01
             60                 25              22644         1.2500E+01
             60                 26              27772         1.3050E+01
             60                 27              23211         1.3700E+01
             60                 28              14523         1.4450E+01
             60                 29               6996         1.5300E+01
             60                 30               2612         1.6250E+01
             60                 31                651         1.7300E+01
             60                 32                193         1.8450E+01
             60                 33                 43         1.9700E+01
             60                 34                  2         2.1050E+01
             61                 19                  3         1.2850E+01
             61                 20                 41         1.2800E+01
             61                 21                184         1.2850E+01
             61                 22                842         1.3000E+01
             61                 23               2991         1.3250E+01
             61                 24               6295         1.3600E+01
             61                 25              10705         1.4050E+01
             61                 26              12625         1.4600E+01
             61                 27              10253         1.5250E+01
             61                 28               6381         1.6000E+01
             61                 29               2946         1.6850E+01
             61                 30               1084         1.7800E+01
             61                 31                353         1.8850E+01
             61                 32                111         2.0000E+01
             61                 33                 15         2.1250E+01
             61                 34                  1         2.2600E+01
             62                 19                 16         1.4500E+01
             62                 20                 10         1.4450E+01
             62                 21                 80         1.4500E+01
             62                 22                381         1.4650E+01
             62                 23                989         1.4900E+01
             62                 24               2038         1.5250E+01
             62                 25               3539         1.5700E+01
             62                 26               3988         1.6250E+01
             62                 27               3310         1.6900E+01
             62                 28               1717         1.7650E+01
             62                 29                946         1.8500E+01
             62                 30                368         1.9450E+01
             62                 31                 95         2.0500E+01
             62                 32                 14         2.1650E+01
             62                 33                  4         2.2900E+01
             63                 19                  6         1.6250E+01
             63                 20                 31         1.6200E+01
             63                 21                 43         1.6250E+01
             63                 22                 62         1.6400E+01
             63                 23                272         1.6650E+01
             63                 24                570         1.7000E+01
             63                 25                731         1.7450E+01
             63                 26                909         1.8000E+01
             63                 27                669         1.8650E+01
             63                 28                335         1.9400E+01
             63                 29                161         2.0250E+01
             63                 30                 57         2.1200E+01
             63                 31                 32         2.2250E+01
             63                 32                  7         2.3400E+01
             64                 20                 10         1.8050E+01
             64                 21                  2         1.8100E+01
             64                 22                 13         1.8250E+01
             64                 23                 32         1.8500E+01
             64                 24                 77         1.8850E+01
             64                 25                117         1.9300E+01
             64                 26                 99         1.9850E+01
             64                 27                102         2.0500E+01
             64                 28                 73         2.1250E+01
             64                 29                  5         2.2100E+01
             64                 30                  1         2.3050E+01
             64                 31                  1         2.4100E+01
             64                 32                  1         2.5250E+01
             65                 24                  7         2.0800E+01
             65                 25                 30         2.1250E+01
             65                 26                 26         2.1800E+01
             65                 27                 21         2.2450E+01
             65                 28                  2         2.3200E+01
             66                 26                  6         2.3850E+01
             66                 27                  1         2.4500E+01
