  #Crystal Size      Water Content              Count               Bias
             60                 11                  2         6.8000E+00
             61                 10                  2         5.3000E+00
             61                 11                  1         5.8500E+00
             61                 12                  3         6.5000E+00
             61                 13                  1         7.2500E+00
             61                 14                  1         8.1000E+00
             62                  7                  1         3.4000E+00
             62                  8                  2         3.6500E+00
             62                  9                  9         4.0000E+00
             62                 10                 14         4.4500E+00
             62                 11                 33         5.0000E+00
             62                 12                 25         5.6500E+00
             62                 13                 23         6.4000E+00
             62                 14                 16         7.2500E+00
             63                  8                  8         2.9000E+00
             63                  9                 33         3.2500E+00
             63                 10                109         3.7000E+00
             63                 11                283         4.2500E+00
             63                 12                349         4.9000E+00
             63                 13                192         5.6500E+00
             63                 14                133         6.5000E+00
             63                 15                 31         7.4500E+00
             63                 16                 15         8.5000E+00
             63                 17                  6         9.6500E+00
             64                  7                  2         2.0000E+00
             64                  8                 43         2.2500E+00
             64                  9                229         2.6000E+00
             64                 10                614         3.0500E+00
             64                 11               1390         3.6000E+00
             64                 12               1737         4.2500E+00
             64                 13               1565         5.0000E+00
             64                 14                885         5.8500E+00
             64                 15                280         6.8000E+00
             64                 16                 81         7.8500E+00
             64                 17                 28         9.0000E+00
             64                 18                  2         1.0250E+01
             65                  7                 14         1.4500E+00
             65                  8                210         1.7000E+00
             65                  9                843         2.0500E+00
             65                 10               2823         2.5000E+00
             65                 11               5493         3.0500E+00
             65                 12               7080         3.7000E+00
             65                 13               6161         4.4500E+00
             65                 14               3652         5.3000E+00
             65                 15               1413         6.2500E+00
             65                 16                430         7.3000E+00
             65                 17                 75         8.4500E+00
             65                 18                 25         9.7000E+00
             66                  6                  7         8.5000E-01
             66                  7                 79         1.0000E+00
             66                  8                634         1.2500E+00
             66                  9               2953         1.6000E+00
             66                 10               8670         2.0500E+00
             66                 11              16039         2.6000E+00
             66                 12              20756         3.2500E+00
             66                 13              17555         4.0000E+00
             66                 14              10418         4.8500E+00
             66                 15               4200         5.8000E+00
             66                 16               1451         6.8500E+00
             66                 17                311         8.0000E+00
             66                 18                 48         9.2500E+00
             66                 19                  7         1.0600E+01
             67                  5                  4         4.5000E-01
             67                  6                 27         5.0000E-01
             67                  7                243         6.5000E-01
             67                  8               1733         9.0000E-01
             67                  9               7063         1.2500E+00
             67                 10              18782         1.7000E+00
             67                 11              33394         2.2500E+00
             67                 12              42294         2.9000E+00
             67                 13              36129         3.6500E+00
             67                 14              21290         4.5000E+00
             67                 15               8871         5.4500E+00
             67                 16               2715         6.5000E+00
             67                 17                607         7.6500E+00
             67                 18                111         8.9000E+00
             67                 19                  9         1.0250E+01
             68                  5                 11         2.0000E-01
             68                  6                 56         2.5000E-01
             68                  7                530         4.0000E-01
             68                  8               3231         6.5000E-01
             68                  9              12549         1.0000E+00
             68                 10              31225         1.4500E+00
             68                 11              52616         2.0000E+00
             68                 12              61450         2.6500E+00
             68                 13              50558         3.4000E+00
             68                 14              28137         4.2500E+00
             68                 15              11075         5.2000E+00
             68                 16               2995         6.2500E+00
             68                 17                653         7.4000E+00
             68                 18                 93         8.6500E+00
             68                 19                  3         1.0000E+01
             69                  5                  6         5.0000E-02
             69                  6                116         1.0000E-01
             69                  7                793         2.5000E-01
             69                  8               4226         5.0000E-01
             69                  9              14405         8.5000E-01
             69                 10              33120         1.3000E+00
             69                 11              52376         1.8500E+00
             69                 12              58026         2.5000E+00
             69                 13              46155         3.2500E+00
             69                 14              24251         4.1000E+00
             69                 15               9203         5.0500E+00
             69                 16               2329         6.1000E+00
             69                 17                400         7.2500E+00
             69                 18                 52         8.5000E+00
             69                 19                  1         9.8500E+00
             70                  5                  8         0.0000E+00
             70                  6                 89         5.0000E-02
             70                  7                675         2.0000E-01
             70                  8               3330         4.5000E-01
             70                  9               9682         8.0000E-01
             70                 10              22486         1.2500E+00
             70                 11              33905         1.8000E+00
             70                 12              34432         2.4500E+00
             70                 13              25053         3.2000E+00
             70                 14              12672         4.0500E+00
             70                 15               4371         5.0000E+00
             70                 16                997         6.0500E+00
             70                 17                137         7.2000E+00
             70                 18                 28         8.4500E+00
             71                  5                  7         5.0000E-02
             71                  6                 58         1.0000E-01
             71                  7                347         2.5000E-01
             71                  8               1402         5.0000E-01
             71                  9               3942         8.5000E-01
             71                 10               8691         1.3000E+00
             71                 11              12324         1.8500E+00
             71                 12              11192         2.5000E+00
             71                 13               7702         3.2500E+00
             71                 14               3876         4.1000E+00
             71                 15               1142         5.0500E+00
             71                 16                190         6.1000E+00
             71                 17                 32         7.2500E+00
             71                 18                  5         8.5000E+00
             72                  6                  8         2.5000E-01
             72                  7                 58         4.0000E-01
             72                  8                238         6.5000E-01
             72                  9                668         1.0000E+00
             72                 10               1336         1.4500E+00
             72                 11               1924         2.0000E+00
             72                 12               1705         2.6500E+00
             72                 13               1134         3.4000E+00
             72                 14                622         4.2500E+00
             72                 15                111         5.2000E+00
             72                 16                 13         6.2500E+00
