  #Crystal Size      Water Content              Count               Bias
             44                 25                  4         2.0500E+00
             44                 28                  2         4.0000E+00
             44                 29                  5         4.8500E+00
             44                 32                  8         8.0000E+00
             45                 25                  7         2.5000E+00
             45                 26                  8         3.0500E+00
             45                 27                 39         3.7000E+00
             45                 28                  9         4.4500E+00
             45                 29                  3         5.3000E+00
             45                 30                  6         6.2500E+00
             45                 31                  1         7.3000E+00
             45                 32                 39         8.4500E+00
             46                 23                 13         2.2500E+00
             46                 24                 19         2.6000E+00
             46                 25                 99         3.0500E+00
             46                 26                 62         3.6000E+00
             46                 27                 55         4.2500E+00
             46                 28                 71         5.0000E+00
             46                 29                 22         5.8500E+00
             46                 30                 31         6.8000E+00
             46                 31                 10         7.8500E+00
             46                 32                 20         9.0000E+00
             46                 33                  9         1.0250E+01
             47                 20                  9         2.4500E+00
             47                 22                 22         2.6500E+00
             47                 23                 52         2.9000E+00
             47                 24                196         3.2500E+00
             47                 25                524         3.7000E+00
             47                 26                341         4.2500E+00
             47                 27                227         4.9000E+00
             47                 28                278         5.6500E+00
             47                 29                135         6.5000E+00
             47                 30                 54         7.4500E+00
             47                 31                 22         8.5000E+00
             47                 32                 22         9.6500E+00
             48                 19                 14         3.2500E+00
             48                 20                 33         3.2000E+00
             48                 21                 31         3.2500E+00
             48                 22                117         3.4000E+00
             48                 23                353         3.6500E+00
             48                 24                725         4.0000E+00
             48                 25               1080         4.4500E+00
             48                 26               1327         5.0000E+00
             48                 27                989         5.6500E+00
             48                 28                587         6.4000E+00
             48                 29                315         7.2500E+00
             48                 30                180         8.2000E+00
             48                 31                 57         9.2500E+00
             48                 32                 38         1.0400E+01
             49                 17                  3         4.5000E+00
             49                 18                  1         4.2500E+00
             49                 19                 75         4.1000E+00
             49                 20                156         4.0500E+00
             49                 21                287         4.1000E+00
             49                 22                664         4.2500E+00
             49                 23               1281         4.5000E+00
             49                 24               2285         4.8500E+00
             49                 25               3402         5.3000E+00
             49                 26               3062         5.8500E+00
             49                 27               2385         6.5000E+00
             49                 28               1876         7.2500E+00
             49                 29                954         8.1000E+00
             49                 30                347         9.0500E+00
             49                 31                169         1.0100E+01
             49                 32                 48         1.1250E+01
             49                 33                 23         1.2500E+01
             50                 16                  3         5.8000E+00
             50                 17                 29         5.4500E+00
             50                 18                 52         5.2000E+00
             50                 19                205         5.0500E+00
             50                 20                392         5.0000E+00
             50                 21               1028         5.0500E+00
             50                 22               2131         5.2000E+00
             50                 23               3366         5.4500E+00
             50                 24               5926         5.8000E+00
             50                 25               7630         6.2500E+00
             50                 26               6605         6.8000E+00
             50                 27               5567         7.4500E+00
             50                 28               3402         8.2000E+00
             50                 29               1880         9.0500E+00
             50                 30                822         1.0000E+01
             50                 31                310         1.1050E+01
             50                 32                148         1.2200E+01
             50                 33                 17         1.3450E+01
             51                 16                 31         6.8500E+00
             51                 17                135         6.5000E+00
             51                 18                188         6.2500E+00
             51                 19                616         6.1000E+00
             51                 20               1001         6.0500E+00
             51                 21               2171         6.1000E+00
             51                 22               4874         6.2500E+00
             51                 23               7825         6.5000E+00
             51                 24              12384         6.8500E+00
             51                 25              13747         7.3000E+00
             51                 26              13113         7.8500E+00
             51                 27               9533         8.5000E+00
             51                 28               5570         9.2500E+00
             51                 29               2349         1.0100E+01
             51                 30               1168         1.1050E+01
             51                 31                521         1.2100E+01
             51                 32                153         1.3250E+01
             51                 33                 69         1.4500E+01
             52                 13                  2         9.6500E+00
             52                 14                 18         9.0000E+00
             52                 15                 54         8.4500E+00
             52                 16                124         8.0000E+00
             52                 17                135         7.6500E+00
             52                 18                457         7.4000E+00
             52                 19                868         7.2500E+00
             52                 20               1947         7.2000E+00
             52                 21               4763         7.2500E+00
             52                 22               8923         7.4000E+00
             52                 23              14644         7.6500E+00
             52                 24              19691         8.0000E+00
             52                 25              20749         8.4500E+00
             52                 26              19263         9.0000E+00
             52                 27              14304         9.6500E+00
             52                 28               7166         1.0400E+01
             52                 29               3046         1.1250E+01
             52                 30               1351         1.2200E+01
             52                 31                575         1.3250E+01
             52                 32                254         1.4400E+01
             52                 33                 43         1.5650E+01
             52                 34                  3         1.7000E+01
             53                 13                  4         1.0900E+01
             53                 14                 26         1.0250E+01
             53                 15                120         9.7000E+00
             53                 16                213         9.2500E+00
             53                 17                418         8.9000E+00
             53                 18                975         8.6500E+00
             53                 19               1478         8.5000E+00
             53                 20               3129         8.4500E+00
             53                 21               7342         8.5000E+00
             53                 22              13075         8.6500E+00
             53                 23              20958         8.9000E+00
             53                 24              25550         9.2500E+00
             53                 25              27297         9.7000E+00
             53                 26              24407         1.0250E+01
             53                 27              17255         1.0900E+01
             53                 28               8215         1.1650E+01
             53                 29               3113         1.2500E+01
             53                 30               1428         1.3450E+01
             53                 31                535         1.4500E+01
             53                 32                154         1.5650E+01
             53                 33                 24         1.6900E+01
             53                 34                  1         1.8250E+01
             54                 13                  4         1.2250E+01
             54                 14                 32         1.1600E+01
             54                 15                226         1.1050E+01
             54                 16                470         1.0600E+01
             54                 17                903         1.0250E+01
             54                 18               1549         1.0000E+01
             54                 19               2446         9.8500E+00
             54                 20               4916         9.8000E+00
             54                 21               9101         9.8500E+00
             54                 22              16202         1.0000E+01
             54                 23              24693         1.0250E+01
             54                 24              30781         1.0600E+01
             54                 25              30933         1.1050E+01
             54                 26              27025         1.1600E+01
             54                 27              17350         1.2250E+01
             54                 28               7850         1.3000E+01
             54                 29               2961         1.3850E+01
             54                 30                917         1.4800E+01
             54                 31                302         1.5850E+01
             54                 32                112         1.7000E+01
             54                 33                 17         1.8250E+01
             54                 34                  3         1.9600E+01
             55                 12                 14         1.4450E+01
             55                 13                 37         1.3700E+01
             55                 14                190         1.3050E+01
             55                 15                561         1.2500E+01
             55                 16                687         1.2050E+01
             55                 17               1313         1.1700E+01
             55                 18               2127         1.1450E+01
             55                 19               2987         1.1300E+01
             55                 20               4845         1.1250E+01
             55                 21               9309         1.1300E+01
             55                 22              16426         1.1450E+01
             55                 23              22831         1.1700E+01
             55                 24              28211         1.2050E+01
             55                 25              27581         1.2500E+01
             55                 26              22347         1.3050E+01
             55                 27              13754         1.3700E+01
             55                 28               5896         1.4450E+01
             55                 29               2071         1.5300E+01
             55                 30                650         1.6250E+01
             55                 31                156         1.7300E+01
             55                 32                 51         1.8450E+01
             55                 33                  6         1.9700E+01
             56                 12                 23         1.6000E+01
             56                 13                 67         1.5250E+01
             56                 14                165         1.4600E+01
             56                 15                435         1.4050E+01
             56                 16                950         1.3600E+01
             56                 17               1435         1.3250E+01
             56                 18               1652         1.3000E+01
             56                 19               2673         1.2850E+01
             56                 20               4548         1.2800E+01
             56                 21               8088         1.2850E+01
             56                 22              12421         1.3000E+01
             56                 23              17536         1.3250E+01
             56                 24              21602         1.3600E+01
             56                 25              20225         1.4050E+01
             56                 26              14768         1.4600E+01
             56                 27               8892         1.5250E+01
             56                 28               3586         1.6000E+01
             56                 29               1196         1.6850E+01
             56                 30                361         1.7800E+01
             56                 31                 84         1.8850E+01
             56                 32                 18         2.0000E+01
             57                 12                 14         1.7650E+01
             57                 13                 42         1.6900E+01
             57                 14                127         1.6250E+01
             57                 15                483         1.5700E+01
             57                 16               1026         1.5250E+01
             57                 17               1091         1.4900E+01
             57                 18               1158         1.4650E+01
             57                 19               1833         1.4500E+01
             57                 20               3125         1.4450E+01
             57                 21               5044         1.4500E+01
             57                 22               7788         1.4650E+01
             57                 23              10757         1.4900E+01
             57                 24              13024         1.5250E+01
             57                 25              11274         1.5700E+01
             57                 26               7667         1.6250E+01
             57                 27               4483         1.6900E+01
             57                 28               1986         1.7650E+01
             57                 29                690         1.8500E+01
             57                 30                162         1.9450E+01
             57                 31                104         2.0500E+01
             57                 32                 24         2.1650E+01
             57                 33                  1         2.2900E+01
             58                 11                  2         2.0250E+01
             58                 12                 24         1.9400E+01
             58                 13                 28         1.8650E+01
             58                 14                 61         1.8000E+01
             58                 15                269         1.7450E+01
             58                 16                541         1.7000E+01
             58                 17                635         1.6650E+01
             58                 18                788         1.6400E+01
             58                 19                970         1.6250E+01
             58                 20               1983         1.6200E+01
             58                 21               3136         1.6250E+01
             58                 22               3762         1.6400E+01
             58                 23               5104         1.6650E+01
             58                 24               6050         1.7000E+01
             58                 25               5403         1.7450E+01
             58                 26               3399         1.8000E+01
             58                 27               1696         1.8650E+01
             58                 28                782         1.9400E+01
             58                 29                249         2.0250E+01
             58                 30                129         2.1200E+01
             58                 31                 53         2.2250E+01
             58                 32                  7         2.3400E+01
             59                 12                  1         2.1250E+01
             59                 13                 27         2.0500E+01
             59                 14                 27         1.9850E+01
             59                 15                 83         1.9300E+01
             59                 16                194         1.8850E+01
             59                 17                237         1.8500E+01
             59                 18                233         1.8250E+01
             59                 19                503         1.8100E+01
             59                 20                846         1.8050E+01
             59                 21               1317         1.8100E+01
             59                 22               1506         1.8250E+01
             59                 23               1897         1.8500E+01
             59                 24               1997         1.8850E+01
             59                 25               1856         1.9300E+01
             59                 26               1252         1.9850E+01
             59                 27                601         2.0500E+01
             59                 28                181         2.1250E+01
             59                 29                 51         2.2100E+01
             59                 30                 29         2.3050E+01
             59                 31                 14         2.4100E+01
             59                 32                  2         2.5250E+01
             60                 13                  3         2.2450E+01
             60                 14                 14         2.1800E+01
             60                 15                 22         2.1250E+01
             60                 16                 26         2.0800E+01
             60                 17                 23         2.0450E+01
             60                 18                 92         2.0200E+01
             60                 19                119         2.0050E+01
             60                 20                230         2.0000E+01
             60                 21                357         2.0050E+01
             60                 22                366         2.0200E+01
             60                 23                490         2.0450E+01
             60                 24                532         2.0800E+01
             60                 25                477         2.1250E+01
             60                 26                475         2.1800E+01
             60                 27                244         2.2450E+01
             60                 28                 34         2.3200E+01
             60                 29                 24         2.4050E+01
             60                 30                 24         2.5000E+01
             60                 31                  1         2.6050E+01
             61                 14                  2         2.3850E+01
             61                 16                  2         2.2850E+01
             61                 17                 13         2.2500E+01
             61                 18                 19         2.2250E+01
             61                 19                 33         2.2100E+01
             61                 20                 33         2.2050E+01
             61                 21                 66         2.2100E+01
             61                 22                 61         2.2250E+01
             61                 23                 61         2.2500E+01
             61                 24                117         2.2850E+01
             61                 25                 75         2.3300E+01
             61                 26                 84         2.3850E+01
             61                 27                 28         2.4500E+01
             61                 28                  2         2.5250E+01
             61                 30                  1         2.7050E+01
             62                 17                  2         2.4650E+01
             62                 18                  1         2.4400E+01
             62                 19                  2         2.4250E+01
             62                 20                 13         2.4200E+01
             62                 21                 12         2.4250E+01
             62                 22                  2         2.4400E+01
             62                 23                 18         2.4650E+01
             62                 25                  8         2.5450E+01
             62                 26                 15         2.6000E+01
             62                 27                 22         2.6650E+01
             62                 28                  2         2.7400E+01
             63                 23                  8         2.6900E+01
             63                 25                  1         2.7700E+01
             63                 26                  2         2.8250E+01
