  #Crystal Size      Water Content              Count               Bias
             56                 12                  7         1.5250E+01
             57                  8                  2         8.9000E+00
             57                 10                  2         1.1700E+01
             57                 11                 13         1.3250E+01
             57                 12                  7         1.4900E+01
             58                  6                  1         6.2500E+00
             58                  7                  1         7.4000E+00
             58                  8                  8         8.6500E+00
             58                  9                  7         1.0000E+01
             58                 10                 11         1.1450E+01
             58                 11                 14         1.3000E+01
             58                 12                 41         1.4650E+01
             58                 13                 11         1.6400E+01
             59                  6                 10         6.1000E+00
             59                  7                 15         7.2500E+00
             59                  8                 39         8.5000E+00
             59                  9                 89         9.8500E+00
             59                 10                140         1.1300E+01
             59                 11                119         1.2850E+01
             59                 12                 71         1.4500E+01
             59                 13                 34         1.6250E+01
             60                  5                  2         5.0000E+00
             60                  6                 49         6.0500E+00
             60                  7                126         7.2000E+00
             60                  8                298         8.4500E+00
             60                  9                551         9.8000E+00
             60                 10                681         1.1250E+01
             60                 11                602         1.2800E+01
             60                 12                315         1.4450E+01
             60                 13                118         1.6200E+01
             60                 14                 14         1.8050E+01
             61                  5                 12         5.0500E+00
             61                  6                225         6.1000E+00
             61                  7                543         7.2500E+00
             61                  8               1075         8.5000E+00
             61                  9               2048         9.8500E+00
             61                 10               2349         1.1300E+01
             61                 11               2237         1.2850E+01
             61                 12               1370         1.4500E+01
             61                 13                404         1.6250E+01
             61                 14                104         1.8100E+01
             61                 15                  5         2.0050E+01
             61                 16                  2         2.2100E+01
             62                  5                 67         5.2000E+00
             62                  6                502         6.2500E+00
             62                  7               1515         7.4000E+00
             62                  8               2920         8.6500E+00
             62                  9               5805         1.0000E+01
             62                 10               7264         1.1450E+01
             62                 11               7070         1.3000E+01
             62                 12               4052         1.4650E+01
             62                 13               1265         1.6400E+01
             62                 14                294         1.8250E+01
             62                 15                 61         2.0200E+01
             62                 16                  3         2.2250E+01
             63                  4                  3         4.5000E+00
             63                  5                141         5.4500E+00
             63                  6               1024         6.5000E+00
             63                  7               2910         7.6500E+00
             63                  8               6973         8.9000E+00
             63                  9              13699         1.0250E+01
             63                 10              18513         1.1700E+01
             63                 11              16508         1.3250E+01
             63                 12               9199         1.4900E+01
             63                 13               2959         1.6650E+01
             63                 14                569         1.8500E+01
             63                 15                138         2.0450E+01
             63                 16                 25         2.2500E+01
             64                  4                 18         4.8500E+00
             64                  5                240         5.8000E+00
             64                  6               1405         6.8500E+00
             64                  7               5157         8.0000E+00
             64                  8              13447         9.2500E+00
             64                  9              26390         1.0600E+01
             64                 10              35509         1.2050E+01
             64                 11              30479         1.3600E+01
             64                 12              16972         1.5250E+01
             64                 13               5365         1.7000E+01
             64                 14               1074         1.8850E+01
             64                 15                271         2.0800E+01
             64                 16                 37         2.2850E+01
             64                 17                  2         2.5000E+01
             65                  4                  8         5.3000E+00
             65                  5                247         6.2500E+00
             65                  6               1801         7.3000E+00
             65                  7               8036         8.4500E+00
             65                  8              21432         9.7000E+00
             65                  9              40139         1.1050E+01
             65                 10              52461         1.2500E+01
             65                 11              43392         1.4050E+01
             65                 12              23553         1.5700E+01
             65                 13               7720         1.7450E+01
             65                 14               1673         1.9300E+01
             65                 15                266         2.1250E+01
             65                 16                 35         2.3300E+01
             65                 17                  7         2.5450E+01
             66                  4                 10         5.8500E+00
             66                  5                272         6.8000E+00
             66                  6               2226         7.8500E+00
             66                  7               9534         9.0000E+00
             66                  8              24887         1.0250E+01
             66                  9              45654         1.1600E+01
             66                 10              56371         1.3050E+01
             66                 11              45661         1.4600E+01
             66                 12              23943         1.6250E+01
             66                 13               8564         1.8000E+01
             66                 14               1668         1.9850E+01
             66                 15                249         2.1800E+01
             66                 16                 13         2.3850E+01
             66                 17                  3         2.6000E+01
             67                  4                 22         6.5000E+00
             67                  5                369         7.4500E+00
             67                  6               1993         8.5000E+00
             67                  7               8164         9.6500E+00
             67                  8              21362         1.0900E+01
             67                  9              37711         1.2250E+01
             67                 10              43839         1.3700E+01
             67                 11              34628         1.5250E+01
             67                 12              18058         1.6900E+01
             67                 13               6296         1.8650E+01
             67                 14               1205         2.0500E+01
             67                 15                138         2.2450E+01
             67                 16                 11         2.4500E+01
             67                 17                  2         2.6650E+01
             68                  4                101         7.2500E+00
             68                  5                309         8.2000E+00
             68                  6               1352         9.2500E+00
             68                  7               5643         1.0400E+01
             68                  8              13766         1.1650E+01
             68                  9              22500         1.3000E+01
             68                 10              24876         1.4450E+01
             68                 11              19389         1.6000E+01
             68                 12               9857         1.7650E+01
             68                 13               3027         1.9400E+01
             68                 14                497         2.1250E+01
             68                 15                 54         2.3200E+01
             68                 16                  7         2.5250E+01
             69                  3                  2         7.2500E+00
             69                  4                 81         8.1000E+00
             69                  5                336         9.0500E+00
             69                  6                707         1.0100E+01
             69                  7               2377         1.1250E+01
             69                  8               5726         1.2500E+01
             69                  9               8949         1.3850E+01
             69                 10              10181         1.5300E+01
             69                 11               7037         1.6850E+01
             69                 12               3462         1.8500E+01
             69                 13                932         2.0250E+01
             69                 14                166         2.2100E+01
             69                 15                 12         2.4050E+01
             70                  4                  4         9.0500E+00
             70                  5                 59         1.0000E+01
             70                  6                316         1.1050E+01
             70                  7                731         1.2200E+01
             70                  8               1576         1.3450E+01
             70                  9               2339         1.4800E+01
             70                 10               2279         1.6250E+01
             70                 11               1589         1.7800E+01
             70                 12                842         1.9450E+01
             70                 13                258         2.1200E+01
             70                 14                 42         2.3050E+01
             70                 15                 21         2.5000E+01
             71                  4                  2         1.0100E+01
             71                  5                 12         1.1050E+01
             71                  6                 50         1.2100E+01
             71                  7                126         1.3250E+01
             71                  8                195         1.4500E+01
             71                  9                272         1.5850E+01
             71                 10                307         1.7300E+01
             71                 11                152         1.8850E+01
             71                 12                 80         2.0500E+01
             71                 13                 23         2.2250E+01
             71                 14                 20         2.4100E+01
             71                 15                  2         2.6050E+01
             72                  5                  2         1.2200E+01
             72                  6                  5         1.3250E+01
             72                  7                 28         1.4400E+01
             72                  8                 28         1.5650E+01
             72                  9                 18         1.7000E+01
             72                 10                 17         1.8450E+01
             72                 11                  2         2.0000E+01
             72                 12                  6         2.1650E+01
             72                 13                  9         2.3400E+01
             72                 14                  2         2.5250E+01
