  #Crystal Size      Water Content              Count               Bias
             57                  9                  1         4.5000E+00
             57                 10                  3         5.4500E+00
             58                  7                  6         2.6500E+00
             58                  8                  2         3.4000E+00
             58                  9                  8         4.2500E+00
             58                 10                 33         5.2000E+00
             58                 11                 22         6.2500E+00
             58                 12                 15         7.4000E+00
             58                 13                  7         8.6500E+00
             58                 14                  2         1.0000E+01
             59                  7                 15         2.5000E+00
             59                  8                 29         3.2500E+00
             59                  9                 87         4.1000E+00
             59                 10                172         5.0500E+00
             59                 11                164         6.1000E+00
             59                 12                169         7.2500E+00
             59                 13                 80         8.5000E+00
             59                 14                 19         9.8500E+00
             59                 15                  2         1.1300E+01
             60                  6                 11         1.8000E+00
             60                  7                 49         2.4500E+00
             60                  8                162         3.2000E+00
             60                  9                417         4.0500E+00
             60                 10                694         5.0000E+00
             60                 11                673         6.0500E+00
             60                 12                630         7.2000E+00
             60                 13                360         8.4500E+00
             60                 14                137         9.8000E+00
             60                 15                 28         1.1250E+01
             60                 16                  8         1.2800E+01
             61                  4                  1         8.5000E-01
             61                  5                 13         1.3000E+00
             61                  6                 49         1.8500E+00
             61                  7                208         2.5000E+00
             61                  8                652         3.2500E+00
             61                  9               1643         4.1000E+00
             61                 10               2526         5.0500E+00
             61                 11               2863         6.1000E+00
             61                 12               2243         7.2500E+00
             61                 13               1308         8.5000E+00
             61                 14                487         9.8500E+00
             61                 15                165         1.1300E+01
             61                 16                 43         1.2850E+01
             61                 17                  1         1.4500E+01
             62                  4                  1         1.0000E+00
             62                  5                 19         1.4500E+00
             62                  6                143         2.0000E+00
             62                  7                702         2.6500E+00
             62                  8               2122         3.4000E+00
             62                  9               5041         4.2500E+00
             62                 10               7359         5.2000E+00
             62                 11               8510         6.2500E+00
             62                 12               7018         7.4000E+00
             62                 13               4183         8.6500E+00
             62                 14               1768         1.0000E+01
             62                 15                685         1.1450E+01
             62                 16                147         1.3000E+01
             62                 17                  4         1.4650E+01
             63                  4                  5         1.2500E+00
             63                  5                108         1.7000E+00
             63                  6                508         2.2500E+00
             63                  7               2140         2.9000E+00
             63                  8               5467         3.6500E+00
             63                  9              11370         4.5000E+00
             63                 10              17795         5.4500E+00
             63                 11              20995         6.5000E+00
             63                 12              17746         7.6500E+00
             63                 13              10465         8.9000E+00
             63                 14               4402         1.0250E+01
             63                 15               1272         1.1700E+01
             63                 16                279         1.3250E+01
             63                 17                 35         1.4900E+01
             63                 18                  3         1.6650E+01
             64                  4                  4         1.6000E+00
             64                  5                147         2.0500E+00
             64                  6                954         2.6000E+00
             64                  7               4207         3.2500E+00
             64                  8              10725         4.0000E+00
             64                  9              20837         4.8500E+00
             64                 10              31627         5.8000E+00
             64                 11              37247         6.8500E+00
             64                 12              32336         8.0000E+00
             64                 13              18767         9.2500E+00
             64                 14               7714         1.0600E+01
             64                 15               2077         1.2050E+01
             64                 16                489         1.3600E+01
             64                 17                 91         1.5250E+01
             64                 18                  8         1.7000E+01
             65                  4                 16         2.0500E+00
             65                  5                198         2.5000E+00
             65                  6               1608         3.0500E+00
             65                  7               6362         3.7000E+00
             65                  8              15525         4.4500E+00
             65                  9              29121         5.3000E+00
             65                 10              42479         6.2500E+00
             65                 11              50479         7.3000E+00
             65                 12              41754         8.4500E+00
             65                 13              23525         9.7000E+00
             65                 14               9664         1.1050E+01
             65                 15               2577         1.2500E+01
             65                 16                518         1.4050E+01
             65                 17                 82         1.5700E+01
             66                  4                 26         2.6000E+00
             66                  5                216         3.0500E+00
             66                  6               1732         3.6000E+00
             66                  7               6702         4.2500E+00
             66                  8              16454         5.0000E+00
             66                  9              30148         5.8500E+00
             66                 10              43154         6.8000E+00
             66                 11              48178         7.8500E+00
             66                 12              38309         9.0000E+00
             66                 13              21257         1.0250E+01
             66                 14               7972         1.1600E+01
             66                 15               2343         1.3050E+01
             66                 16                559         1.4600E+01
             66                 17                 47         1.6250E+01
             66                 18                  9         1.8000E+01
             66                 19                  1         1.9850E+01
             67                  4                 18         3.2500E+00
             67                  5                259         3.7000E+00
             67                  6               1431         4.2500E+00
             67                  7               5147         4.9000E+00
             67                  8              11958         5.6500E+00
             67                  9              22282         6.5000E+00
             67                 10              31599         7.4500E+00
             67                 11              31623         8.5000E+00
             67                 12              24514         9.6500E+00
             67                 13              13144         1.0900E+01
             67                 14               4606         1.2250E+01
             67                 15               1380         1.3700E+01
             67                 16                336         1.5250E+01
             67                 17                 53         1.6900E+01
             67                 18                 22         1.8650E+01
             67                 19                  2         2.0500E+01
             68                  3                  1         3.6500E+00
             68                  4                  9         4.0000E+00
             68                  5                116         4.4500E+00
             68                  6                985         5.0000E+00
             68                  7               2832         5.6500E+00
             68                  8               6491         6.4000E+00
             68                  9              11274         7.2500E+00
             68                 10              14786         8.2000E+00
             68                 11              14419         9.2500E+00
             68                 12              10574         1.0400E+01
             68                 13               5500         1.1650E+01
             68                 14               2063         1.3000E+01
             68                 15                525         1.4450E+01
             68                 16                171         1.6000E+01
             68                 17                 21         1.7650E+01
             69                  4                  4         4.8500E+00
             69                  5                 47         5.3000E+00
             69                  6                383         5.8500E+00
             69                  7               1295         6.5000E+00
             69                  8               2406         7.2500E+00
             69                  9               3490         8.1000E+00
             69                 10               4389         9.0500E+00
             69                 11               4347         1.0100E+01
             69                 12               3075         1.1250E+01
             69                 13               1492         1.2500E+01
             69                 14                517         1.3850E+01
             69                 15                125         1.5300E+01
             69                 16                 16         1.6850E+01
             69                 17                  1         1.8500E+01
             70                  4                  1         5.8000E+00
             70                  5                 40         6.2500E+00
             70                  6                147         6.8000E+00
             70                  7                469         7.4500E+00
             70                  8                629         8.2000E+00
             70                  9                911         9.0500E+00
             70                 10                932         1.0000E+01
             70                 11                822         1.1050E+01
             70                 12                491         1.2200E+01
             70                 13                213         1.3450E+01
             70                 14                 66         1.4800E+01
             70                 15                  9         1.6250E+01
             71                  4                  1         6.8500E+00
             71                  5                 14         7.3000E+00
             71                  6                 37         7.8500E+00
             71                  7                123         8.5000E+00
             71                  8                152         9.2500E+00
             71                  9                152         1.0100E+01
             71                 10                123         1.1050E+01
             71                 11                106         1.2100E+01
             71                 12                 50         1.3250E+01
             71                 13                  5         1.4500E+01
             71                 14                  5         1.5850E+01
             72                  7                  9         9.6500E+00
             72                  8                  9         1.0400E+01
             72                  9                  6         1.1250E+01
             72                 10                  3         1.2200E+01
             72                 11                  3         1.3250E+01
