  #Crystal Size      Water Content              Count               Bias
             41                 21                  2         1.8500E+00
             41                 22                  4         2.5000E+00
             41                 30                  2         1.1300E+01
             41                 31                  1         1.2850E+01
             42                 17                  5         4.0000E-01
             42                 18                  1         6.5000E-01
             42                 19                  8         1.0000E+00
             42                 20                  9         1.4500E+00
             42                 21                 12         2.0000E+00
             42                 22                 20         2.6500E+00
             42                 23                 33         3.4000E+00
             42                 24                  2         4.2500E+00
             42                 25                 13         5.2000E+00
             42                 26                  9         6.2500E+00
             42                 27                  3         7.4000E+00
             42                 28                  3         8.6500E+00
             42                 29                  1         1.0000E+01
             42                 30                  5         1.1450E+01
             43                 14                  2         5.0000E-01
             43                 16                  4         5.0000E-01
             43                 17                 25         6.5000E-01
             43                 18                 49         9.0000E-01
             43                 19                 45         1.2500E+00
             43                 20                 80         1.7000E+00
             43                 21                 83         2.2500E+00
             43                 22                 58         2.9000E+00
             43                 23                 75         3.6500E+00
             43                 24                 49         4.5000E+00
             43                 25                 53         5.4500E+00
             43                 26                 74         6.5000E+00
             43                 27                 56         7.6500E+00
             43                 28                 28         8.9000E+00
             43                 29                 16         1.0250E+01
             43                 30                  6         1.1700E+01
             44                 16                 11         8.5000E-01
             44                 17                 96         1.0000E+00
             44                 18                216         1.2500E+00
             44                 19                285         1.6000E+00
             44                 20                421         2.0500E+00
             44                 21                433         2.6000E+00
             44                 22                473         3.2500E+00
             44                 23                394         4.0000E+00
             44                 24                500         4.8500E+00
             44                 25                374         5.8000E+00
             44                 26                282         6.8500E+00
             44                 27                247         8.0000E+00
             44                 28                148         9.2500E+00
             44                 29                121         1.0600E+01
             44                 30                 11         1.2050E+01
             44                 31                  1         1.3600E+01
             45                 14                  5         1.3000E+00
             45                 15                 25         1.2500E+00
             45                 16                103         1.3000E+00
             45                 17                460         1.4500E+00
             45                 18                861         1.7000E+00
             45                 19               1286         2.0500E+00
             45                 20               1591         2.5000E+00
             45                 21               1657         3.0500E+00
             45                 22               1552         3.7000E+00
             45                 23               1632         4.4500E+00
             45                 24               1666         5.3000E+00
             45                 25               1375         6.2500E+00
             45                 26                987         7.3000E+00
             45                 27                886         8.4500E+00
             45                 28                477         9.7000E+00
             45                 29                217         1.1050E+01
             45                 30                 35         1.2500E+01
             45                 31                  9         1.4050E+01
             45                 32                  2         1.5700E+01
             45                 33                  1         1.7450E+01
             46                 13                  1         2.0000E+00
             46                 14                 12         1.8500E+00
             46                 15                 91         1.8000E+00
             46                 16                429         1.8500E+00
             46                 17               1195         2.0000E+00
             46                 18               2867         2.2500E+00
             46                 19               3842         2.6000E+00
             46                 20               4231         3.0500E+00
             46                 21               4942         3.6000E+00
             46                 22               5204         4.2500E+00
             46                 23               5268         5.0000E+00
             46                 24               4678         5.8500E+00
             46                 25               3833         6.8000E+00
             46                 26               2991         7.8500E+00
             46                 27               2287         9.0000E+00
             46                 28                998         1.0250E+01
             46                 29                483         1.1600E+01
             46                 30                144         1.3050E+01
             46                 31                 21         1.4600E+01
             46                 32                 18         1.6250E+01
             46                 33                  1         1.8000E+01
             47                 13                  1         2.6500E+00
             47                 14                 19         2.5000E+00
             47                 15                190         2.4500E+00
             47                 16                951         2.5000E+00
             47                 17               3213         2.6500E+00
             47                 18               6124         2.9000E+00
             47                 19               9098         3.2500E+00
             47                 20              10236         3.7000E+00
             47                 21              11718         4.2500E+00
             47                 22              13587         4.9000E+00
             47                 23              12667         5.6500E+00
             47                 24              10477         6.5000E+00
             47                 25               8298         7.4500E+00
             47                 26               6309         8.5000E+00
             47                 27               3845         9.6500E+00
             47                 28               1863         1.0900E+01
             47                 29                792         1.2250E+01
             47                 30                247         1.3700E+01
             47                 31                 45         1.5250E+01
             47                 32                 24         1.6900E+01
             47                 33                 13         1.8650E+01
             48                 13                  3         3.4000E+00
             48                 14                 28         3.2500E+00
             48                 15                259         3.2000E+00
             48                 16               1561         3.2500E+00
             48                 17               5449         3.4000E+00
             48                 18              10567         3.6500E+00
             48                 19              15764         4.0000E+00
             48                 20              18033         4.4500E+00
             48                 21              22147         5.0000E+00
             48                 22              24466         5.6500E+00
             48                 23              22354         6.4000E+00
             48                 24              17599         7.2500E+00
             48                 25              12272         8.2000E+00
             48                 26               8279         9.2500E+00
             48                 27               4959         1.0400E+01
             48                 28               2271         1.1650E+01
             48                 29                990         1.3000E+01
             48                 30                280         1.4450E+01
             48                 31                 37         1.6000E+01
             48                 32                 12         1.7650E+01
             48                 33                  1         1.9400E+01
             49                 13                  1         4.2500E+00
             49                 14                 71         4.1000E+00
             49                 15                387         4.0500E+00
             49                 16               1996         4.1000E+00
             49                 17               6809         4.2500E+00
             49                 18              13476         4.5000E+00
             49                 19              19266         4.8500E+00
             49                 20              24101         5.3000E+00
             49                 21              28945         5.8500E+00
             49                 22              32228         6.5000E+00
             49                 23              30495         7.2500E+00
             49                 24              22916         8.1000E+00
             49                 25              14761         9.0500E+00
             49                 26               8772         1.0100E+01
             49                 27               4731         1.1250E+01
             49                 28               2145         1.2500E+01
             49                 29                891         1.3850E+01
             49                 30                302         1.5300E+01
             49                 31                 35         1.6850E+01
             49                 32                  6         1.8500E+01
             49                 33                  1         2.0250E+01
             50                 13                  1         5.2000E+00
             50                 14                 59         5.0500E+00
             50                 15                366         5.0000E+00
             50                 16               2053         5.0500E+00
             50                 17               7013         5.2000E+00
             50                 18              12994         5.4500E+00
             50                 19              18463         5.8000E+00
             50                 20              22772         6.2500E+00
             50                 21              28826         6.8000E+00
             50                 22              31878         7.4500E+00
             50                 23              29673         8.2000E+00
             50                 24              21257         9.0500E+00
             50                 25              12768         1.0000E+01
             50                 26               7439         1.1050E+01
             50                 27               3423         1.2200E+01
             50                 28               1362         1.3450E+01
             50                 29                408         1.4800E+01
             50                 30                150         1.6250E+01
             50                 31                 17         1.7800E+01
             51                 14                 69         6.1000E+00
             51                 15                278         6.0500E+00
             51                 16               1412         6.1000E+00
             51                 17               4431         6.2500E+00
             51                 18               9288         6.5000E+00
             51                 19              12890         6.8500E+00
             51                 20              16018         7.3000E+00
             51                 21              20554         7.8500E+00
             51                 22              23263         8.5000E+00
             51                 23              21602         9.2500E+00
             51                 24              15444         1.0100E+01
             51                 25               9176         1.1050E+01
             51                 26               4905         1.2100E+01
             51                 27               2128         1.3250E+01
             51                 28                675         1.4500E+01
             51                 29                195         1.5850E+01
             51                 30                 64         1.7300E+01
             52                 13                  3         7.4000E+00
             52                 14                 54         7.2500E+00
             52                 15                215         7.2000E+00
             52                 16                675         7.2500E+00
             52                 17               2061         7.4000E+00
             52                 18               4958         7.6500E+00
             52                 19               7084         8.0000E+00
             52                 20               8486         8.4500E+00
             52                 21              11222         9.0000E+00
             52                 22              12307         9.6500E+00
             52                 23              11038         1.0400E+01
             52                 24               8764         1.1250E+01
             52                 25               4680         1.2200E+01
             52                 26               2188         1.3250E+01
             52                 27               1006         1.4400E+01
             52                 28                357         1.5650E+01
             52                 29                 34         1.7000E+01
             53                 14                  7         8.5000E+00
             53                 15                 42         8.4500E+00
             53                 16                176         8.5000E+00
             53                 17                679         8.6500E+00
             53                 18               1685         8.9000E+00
             53                 19               2619         9.2500E+00
             53                 20               3329         9.7000E+00
             53                 21               4056         1.0250E+01
             53                 22               4563         1.0900E+01
             53                 23               4633         1.1650E+01
             53                 24               3487         1.2500E+01
             53                 25               1946         1.3450E+01
             53                 26                897         1.4500E+01
             53                 27                404         1.5650E+01
             53                 28                151         1.6900E+01
             53                 29                 11         1.8250E+01
             54                 15                  9         9.8000E+00
             54                 16                 40         9.8500E+00
             54                 17                262         1.0000E+01
             54                 18                567         1.0250E+01
             54                 19                814         1.0600E+01
             54                 20                757         1.1050E+01
             54                 21               1158         1.1600E+01
             54                 22               1226         1.2250E+01
             54                 23               1455         1.3000E+01
             54                 24               1028         1.3850E+01
             54                 25                578         1.4800E+01
             54                 26                259         1.5850E+01
             54                 27                 89         1.7000E+01
             54                 28                 45         1.8250E+01
             54                 29                 13         1.9600E+01
             54                 30                  2         2.1050E+01
             54                 31                  1         2.2600E+01
             55                 16                  8         1.1300E+01
             55                 17                 72         1.1450E+01
             55                 18                107         1.1700E+01
             55                 19                140         1.2050E+01
             55                 20                162         1.2500E+01
             55                 21                171         1.3050E+01
             55                 22                218         1.3700E+01
             55                 23                388         1.4450E+01
             55                 24                219         1.5300E+01
             55                 25                121         1.6250E+01
             55                 26                 50         1.7300E+01
             55                 27                 23         1.8450E+01
             55                 28                 14         1.9700E+01
             55                 29                  1         2.1050E+01
             56                 16                  4         1.2850E+01
             56                 17                 10         1.3000E+01
             56                 18                 11         1.3250E+01
             56                 19                 20         1.3600E+01
             56                 20                 23         1.4050E+01
             56                 21                 21         1.4600E+01
             56                 22                 57         1.5250E+01
             56                 23                 54         1.6000E+01
             56                 24                 28         1.6850E+01
             56                 25                  6         1.7800E+01
             56                 26                 20         1.8850E+01
             56                 27                  1         2.0000E+01
             56                 28                  4         2.1250E+01
             57                 19                  1         1.5250E+01
             57                 20                  4         1.5700E+01
             57                 21                  1         1.6250E+01
             57                 22                  4         1.6900E+01
             57                 23                  6         1.7650E+01
             57                 24                  1         1.8500E+01
             58                 21                  1         1.8000E+01
