  #Crystal Size      Water Content              Count               Bias
             59                  6                  2         7.8500E+00
             59                  7                  4         9.0000E+00
             59                  8                  3         1.0250E+01
             59                  9                  8         1.1600E+01
             59                 10                  5         1.3050E+01
             59                 12                  1         1.6250E+01
             59                 13                  1         1.8000E+01
             60                  6                  5         7.3000E+00
             60                  7                 20         8.4500E+00
             60                  8                 26         9.7000E+00
             60                  9                 56         1.1050E+01
             60                 10                 52         1.2500E+01
             60                 11                 31         1.4050E+01
             60                 12                 22         1.5700E+01
             60                 13                 13         1.7450E+01
             60                 14                  4         1.9300E+01
             60                 15                  2         2.1250E+01
             61                  5                 15         5.8000E+00
             61                  6                 68         6.8500E+00
             61                  7                124         8.0000E+00
             61                  8                167         9.2500E+00
             61                  9                257         1.0600E+01
             61                 10                211         1.2050E+01
             61                 11                138         1.3600E+01
             61                 12                140         1.5250E+01
             61                 13                 82         1.7000E+01
             61                 14                 42         1.8850E+01
             61                 15                 11         2.0800E+01
             62                  4                  5         4.5000E+00
             62                  5                 87         5.4500E+00
             62                  6                353         6.5000E+00
             62                  7                726         7.6500E+00
             62                  8               1016         8.9000E+00
             62                  9               1230         1.0250E+01
             62                 10               1167         1.1700E+01
             62                 11               1057         1.3250E+01
             62                 12                803         1.4900E+01
             62                 13                479         1.6650E+01
             62                 14                166         1.8500E+01
             62                 15                 23         2.0450E+01
             62                 16                  3         2.2500E+01
             63                  4                 31         4.2500E+00
             63                  5                392         5.2000E+00
             63                  6               1424         6.2500E+00
             63                  7               3032         7.4000E+00
             63                  8               4281         8.6500E+00
             63                  9               4618         1.0000E+01
             63                 10               4233         1.1450E+01
             63                 11               3597         1.3000E+01
             63                 12               2410         1.4650E+01
             63                 13               1347         1.6400E+01
             63                 14                322         1.8250E+01
             63                 15                 92         2.0200E+01
             63                 16                  3         2.2250E+01
             64                  3                  8         3.2500E+00
             64                  4                150         4.1000E+00
             64                  5               1325         5.0500E+00
             64                  6               4358         6.1000E+00
             64                  7               8635         7.2500E+00
             64                  8              12319         8.5000E+00
             64                  9              13150         9.8500E+00
             64                 10              11722         1.1300E+01
             64                 11               9444         1.2850E+01
             64                 12               5988         1.4500E+01
             64                 13               2739         1.6250E+01
             64                 14                760         1.8100E+01
             64                 15                175         2.0050E+01
             64                 16                 13         2.2100E+01
             65                  2                  1         2.4500E+00
             65                  3                 12         3.2000E+00
             65                  4                502         4.0500E+00
             65                  5               3427         5.0000E+00
             65                  6              10314         6.0500E+00
             65                  7              19094         7.2000E+00
             65                  8              25866         8.4500E+00
             65                  9              27945         9.8000E+00
             65                 10              23715         1.1250E+01
             65                 11              18559         1.2800E+01
             65                 12              10332         1.4450E+01
             65                 13               4587         1.6200E+01
             65                 14               1129         1.8050E+01
             65                 15                238         2.0000E+01
             65                 16                 40         2.2050E+01
             66                  3                 66         3.2500E+00
             66                  4                981         4.1000E+00
             66                  5               6092         5.0500E+00
             66                  6              16981         6.1000E+00
             66                  7              31268         7.2500E+00
             66                  8              39673         8.5000E+00
             66                  9              41507         9.8500E+00
             66                 10              36067         1.1300E+01
             66                 11              27243         1.2850E+01
             66                 12              14563         1.4500E+01
             66                 13               5273         1.6250E+01
             66                 14               1396         1.8100E+01
             66                 15                258         2.0050E+01
             66                 16                 43         2.2100E+01
             66                 17                  1         2.4250E+01
             67                  3                 53         3.4000E+00
             67                  4               1127         4.2500E+00
             67                  5               7290         5.2000E+00
             67                  6              21130         6.2500E+00
             67                  7              35203         7.4000E+00
             67                  8              44223         8.6500E+00
             67                  9              44593         1.0000E+01
             67                 10              39047         1.1450E+01
             67                 11              27244         1.3000E+01
             67                 12              13455         1.4650E+01
             67                 13               4497         1.6400E+01
             67                 14               1184         1.8250E+01
             67                 15                222         2.0200E+01
             67                 16                 35         2.2250E+01
             68                  3                 75         3.6500E+00
             68                  4               1047         4.5000E+00
             68                  5               6237         5.4500E+00
             68                  6              17029         6.5000E+00
             68                  7              27027         7.6500E+00
             68                  8              32729         8.9000E+00
             68                  9              33263         1.0250E+01
             68                 10              27987         1.1700E+01
             68                 11              18844         1.3250E+01
             68                 12               8116         1.4900E+01
             68                 13               2559         1.6650E+01
             68                 14                684         1.8500E+01
             68                 15                141         2.0450E+01
             68                 16                  4         2.2500E+01
             69                  3                 47         4.0000E+00
             69                  4                778         4.8500E+00
             69                  5               3762         5.8000E+00
             69                  6               9156         6.8500E+00
             69                  7              13786         8.0000E+00
             69                  8              15993         9.2500E+00
             69                  9              15990         1.0600E+01
             69                 10              12802         1.2050E+01
             69                 11               8232         1.3600E+01
             69                 12               3323         1.5250E+01
             69                 13                933         1.7000E+01
             69                 14                218         1.8850E+01
             69                 15                 85         2.0800E+01
             69                 16                 17         2.2850E+01
             70                  3                 24         4.4500E+00
             70                  4                246         5.3000E+00
             70                  5               1290         6.2500E+00
             70                  6               2722         7.3000E+00
             70                  7               4341         8.4500E+00
             70                  8               4814         9.7000E+00
             70                  9               4330         1.1050E+01
             70                 10               3184         1.2500E+01
             70                 11               1963         1.4050E+01
             70                 12                896         1.5700E+01
             70                 13                193         1.7450E+01
             70                 14                 75         1.9300E+01
             70                 15                 34         2.1250E+01
             70                 16                 15         2.3300E+01
             71                  3                  5         5.0000E+00
             71                  4                 53         5.8500E+00
             71                  5                185         6.8000E+00
             71                  6                475         7.8500E+00
             71                  7                631         9.0000E+00
             71                  8                616         1.0250E+01
             71                  9                547         1.1600E+01
             71                 10                451         1.3050E+01
             71                 11                244         1.4600E+01
             71                 12                 71         1.6250E+01
             71                 13                 12         1.8000E+01
             71                 14                 18         1.9850E+01
             71                 15                  8         2.1800E+01
             72                  6                  3         8.5000E+00
             72                  7                  9         9.6500E+00
             72                  9                  4         1.2250E+01
             72                 10                  1         1.3700E+01
             72                 11                  5         1.5250E+01
             72                 12                  2         1.6900E+01
