  #Crystal Size      Water Content              Count               Bias
             55                 13                  2         3.2000E+00
             55                 17                  1         7.2000E+00
             56                 12                  4         2.5000E+00
             56                 13                 18         3.2500E+00
             56                 14                  4         4.1000E+00
             56                 16                 10         6.1000E+00
             56                 17                  9         7.2500E+00
             57                 11                 22         2.0000E+00
             57                 12                 59         2.6500E+00
             57                 13                 86         3.4000E+00
             57                 14                 56         4.2500E+00
             57                 15                 42         5.2000E+00
             57                 16                 41         6.2500E+00
             57                 17                 18         7.4000E+00
             58                  9                  3         1.2500E+00
             58                 10                 19         1.7000E+00
             58                 11                130         2.2500E+00
             58                 12                258         2.9000E+00
             58                 13                452         3.6500E+00
             58                 14                363         4.5000E+00
             58                 15                228         5.4500E+00
             58                 16                151         6.5000E+00
             58                 17                 56         7.6500E+00
             58                 18                  9         8.9000E+00
             59                  8                  3         1.2500E+00
             59                  9                 47         1.6000E+00
             59                 10                212         2.0500E+00
             59                 11                690         2.6000E+00
             59                 12               1168         3.2500E+00
             59                 13               1728         4.0000E+00
             59                 14               1414         4.8500E+00
             59                 15               1009         5.8000E+00
             59                 16                528         6.8500E+00
             59                 17                153         8.0000E+00
             59                 18                 30         9.2500E+00
             59                 19                  2         1.0600E+01
             59                 20                  2         1.2050E+01
             60                  7                  6         1.4500E+00
             60                  8                 36         1.7000E+00
             60                  9                220         2.0500E+00
             60                 10                951         2.5000E+00
             60                 11               2083         3.0500E+00
             60                 12               3730         3.7000E+00
             60                 13               5054         4.4500E+00
             60                 14               4542         5.3000E+00
             60                 15               2829         6.2500E+00
             60                 16               1481         7.3000E+00
             60                 17                483         8.4500E+00
             60                 18                 83         9.7000E+00
             60                 19                  2         1.1050E+01
             60                 20                  2         1.2500E+01
             61                  6                 14         1.8500E+00
             61                  7                 42         2.0000E+00
             61                  8                278         2.2500E+00
             61                  9                859         2.6000E+00
             61                 10               2843         3.0500E+00
             61                 11               6578         3.6000E+00
             61                 12              10223         4.2500E+00
             61                 13              12454         5.0000E+00
             61                 14              10422         5.8500E+00
             61                 15               6594         6.8000E+00
             61                 16               3247         7.8500E+00
             61                 17               1099         9.0000E+00
             61                 18                279         1.0250E+01
             61                 19                 11         1.1600E+01
             62                  5                  2         2.4500E+00
             62                  6                 27         2.5000E+00
             62                  7                201         2.6500E+00
             62                  8                648         2.9000E+00
             62                  9               2093         3.2500E+00
             62                 10               6401         3.7000E+00
             62                 11              13336         4.2500E+00
             62                 12              20525         4.9000E+00
             62                 13              24549         5.6500E+00
             62                 14              20347         6.5000E+00
             62                 15              12733         7.4500E+00
             62                 16               5635         8.5000E+00
             62                 17               1834         9.6500E+00
             62                 18                364         1.0900E+01
             62                 19                 36         1.2250E+01
             62                 20                  2         1.3700E+01
             63                  6                 47         3.2500E+00
             63                  7                405         3.4000E+00
             63                  8               1474         3.6500E+00
             63                  9               4108         4.0000E+00
             63                 10              11554         4.4500E+00
             63                 11              24220         5.0000E+00
             63                 12              34816         5.6500E+00
             63                 13              37841         6.4000E+00
             63                 14              30561         7.2500E+00
             63                 15              17368         8.2000E+00
             63                 16               7302         9.2500E+00
             63                 17               2440         1.0400E+01
             63                 18                561         1.1650E+01
             63                 19                152         1.3000E+01
             63                 20                 27         1.4450E+01
             64                  5                  1         4.0500E+00
             64                  6                109         4.1000E+00
             64                  7                725         4.2500E+00
             64                  8               2488         4.5000E+00
             64                  9               6382         4.8500E+00
             64                 10              16241         5.3000E+00
             64                 11              32170         5.8500E+00
             64                 12              45572         6.5000E+00
             64                 13              45110         7.2500E+00
             64                 14              34200         8.1000E+00
             64                 15              18503         9.0500E+00
             64                 16               6848         1.0100E+01
             64                 17               2224         1.1250E+01
             64                 18                641         1.2500E+01
             64                 19                194         1.3850E+01
             64                 20                 42         1.5300E+01
             65                  5                 17         5.0000E+00
             65                  6                117         5.0500E+00
             65                  7               1006         5.2000E+00
             65                  8               2985         5.4500E+00
             65                  9               7193         5.8000E+00
             65                 10              16696         6.2500E+00
             65                 11              31573         6.8000E+00
             65                 12              42405         7.4500E+00
             65                 13              40724         8.2000E+00
             65                 14              29153         9.0500E+00
             65                 15              14626         1.0000E+01
             65                 16               5532         1.1050E+01
             65                 17               1617         1.2200E+01
             65                 18                457         1.3450E+01
             65                 19                105         1.4800E+01
             65                 20                 25         1.6250E+01
             66                  5                  9         6.0500E+00
             66                  6                194         6.1000E+00
             66                  7                846         6.2500E+00
             66                  8               2422         6.5000E+00
             66                  9               5543         6.8500E+00
             66                 10              12427         7.3000E+00
             66                 11              22672         7.8500E+00
             66                 12              29355         8.5000E+00
             66                 13              27885         9.2500E+00
             66                 14              17759         1.0100E+01
             66                 15               7921         1.1050E+01
             66                 16               2972         1.2100E+01
             66                 17                912         1.3250E+01
             66                 18                185         1.4500E+01
             66                 19                 36         1.5850E+01
             66                 20                  2         1.7300E+01
             67                  5                 30         7.2000E+00
             67                  6                 96         7.2500E+00
             67                  7                490         7.4000E+00
             67                  8               1265         7.6500E+00
             67                  9               3054         8.0000E+00
             67                 10               7335         8.4500E+00
             67                 11              12051         9.0000E+00
             67                 12              14688         9.6500E+00
             67                 13              13170         1.0400E+01
             67                 14               7756         1.1250E+01
             67                 15               3347         1.2200E+01
             67                 16               1087         1.3250E+01
             67                 17                363         1.4400E+01
             67                 18                 76         1.5650E+01
             67                 19                 19         1.7000E+01
             67                 20                  2         1.8450E+01
             68                  5                  5         8.4500E+00
             68                  6                 40         8.5000E+00
             68                  7                204         8.6500E+00
             68                  8                474         8.9000E+00
             68                  9               1490         9.2500E+00
             68                 10               2966         9.7000E+00
             68                 11               4743         1.0250E+01
             68                 12               5670         1.0900E+01
             68                 13               4688         1.1650E+01
             68                 14               2592         1.2500E+01
             68                 15               1120         1.3450E+01
             68                 16                349         1.4500E+01
             68                 17                 63         1.5650E+01
             68                 18                 14         1.6900E+01
             69                  6                 28         9.8500E+00
             69                  7                 61         1.0000E+01
             69                  8                156         1.0250E+01
             69                  9                473         1.0600E+01
             69                 10                900         1.1050E+01
             69                 11               1277         1.1600E+01
             69                 12               1427         1.2250E+01
             69                 13               1022         1.3000E+01
             69                 14                453         1.3850E+01
             69                 15                156         1.4800E+01
             69                 16                 55         1.5850E+01
             69                 17                  4         1.7000E+01
             70                  6                  5         1.1300E+01
             70                  7                  6         1.1450E+01
             70                  8                 23         1.1700E+01
             70                  9                 94         1.2050E+01
             70                 10                162         1.2500E+01
             70                 11                162         1.3050E+01
             70                 12                146         1.3700E+01
             70                 13                113         1.4450E+01
             70                 14                 62         1.5300E+01
             70                 15                 15         1.6250E+01
             70                 16                  2         1.7300E+01
             71                  8                  1         1.3250E+01
             71                  9                  9         1.3600E+01
             71                 10                  4         1.4050E+01
             71                 11                  4         1.4600E+01
             71                 12                 11         1.5250E+01
             71                 13                 11         1.6000E+01
             71                 14                  8         1.6850E+01
             71                 16                  1         1.8850E+01
