  #Crystal Size      Water Content              Count               Bias
             59                 12                  4         4.2500E+00
             59                 13                  1         5.0000E+00
             59                 14                  1         5.8500E+00
             59                 15                  5         6.8000E+00
             60                 11                 18         3.0500E+00
             60                 12                 17         3.7000E+00
             60                 13                  8         4.4500E+00
             60                 14                 41         5.3000E+00
             60                 15                 27         6.2500E+00
             60                 16                  8         7.3000E+00
             60                 17                  2         8.4500E+00
             61                  7                  1         1.0000E+00
             61                  8                  2         1.2500E+00
             61                 10                 12         2.0500E+00
             61                 11                 98         2.6000E+00
             61                 12                101         3.2500E+00
             61                 13                129         4.0000E+00
             61                 14                130         4.8500E+00
             61                 15                 76         5.8000E+00
             61                 16                 68         6.8500E+00
             61                 17                 22         8.0000E+00
             61                 18                  1         9.2500E+00
             62                  7                  3         6.5000E-01
             62                  8                 10         9.0000E-01
             62                  9                 29         1.2500E+00
             62                 10                133         1.7000E+00
             62                 11                297         2.2500E+00
             62                 12                558         2.9000E+00
             62                 13                768         3.6500E+00
             62                 14                502         4.5000E+00
             62                 15                367         5.4500E+00
             62                 16                245         6.5000E+00
             62                 17                 82         7.6500E+00
             62                 18                  9         8.9000E+00
             63                  6                  4         2.5000E-01
             63                  7                 17         4.0000E-01
             63                  8                 71         6.5000E-01
             63                  9                234         1.0000E+00
             63                 10                687         1.4500E+00
             63                 11               1647         2.0000E+00
             63                 12               2738         2.6500E+00
             63                 13               2984         3.4000E+00
             63                 14               2151         4.2500E+00
             63                 15               1321         5.2000E+00
             63                 16                620         6.2500E+00
             63                 17                205         7.4000E+00
             63                 18                 42         8.6500E+00
             63                 19                  1         1.0000E+01
             64                  6                 14         1.0000E-01
             64                  7                 58         2.5000E-01
             64                  8                280         5.0000E-01
             64                  9                882         8.5000E-01
             64                 10               2763         1.3000E+00
             64                 11               6065         1.8500E+00
             64                 12               8874         2.5000E+00
             64                 13               9087         3.2500E+00
             64                 14               6495         4.1000E+00
             64                 15               3493         5.0500E+00
             64                 16               1498         6.1000E+00
             64                 17                440         7.2500E+00
             64                 18                101         8.5000E+00
             64                 19                  8         9.8500E+00
             65                  5                  1         0.0000E+00
             65                  6                 36         5.0000E-02
             65                  7                139         2.0000E-01
             65                  8                821         4.5000E-01
             65                  9               2854         8.0000E-01
             65                 10               7955         1.2500E+00
             65                 11              16263         1.8000E+00
             65                 12              22603         2.4500E+00
             65                 13              21364         3.2000E+00
             65                 14              14348         4.0500E+00
             65                 15               7330         5.0000E+00
             65                 16               2753         6.0500E+00
             65                 17                818         7.2000E+00
             65                 18                201         8.4500E+00
             65                 19                 13         9.8000E+00
             66                  5                 19         5.0000E-02
             66                  6                 88         1.0000E-01
             66                  7                463         2.5000E-01
             66                  8               1978         5.0000E-01
             66                  9               6541         8.5000E-01
             66                 10              17583         1.3000E+00
             66                 11              32997         1.8500E+00
             66                 12              42488         2.5000E+00
             66                 13              37553         3.2500E+00
             66                 14              24524         4.1000E+00
             66                 15              10940         5.0500E+00
             66                 16               3985         6.1000E+00
             66                 17                996         7.2500E+00
             66                 18                229         8.5000E+00
             66                 19                 41         9.8500E+00
             67                  5                 10         2.0000E-01
             67                  6                116         2.5000E-01
             67                  7                820         4.0000E-01
             67                  8               3566         6.5000E-01
             67                  9              10649         1.0000E+00
             67                 10              26681         1.4500E+00
             67                 11              45942         2.0000E+00
             67                 12              56684         2.6500E+00
             67                 13              47302         3.4000E+00
             67                 14              27714         4.2500E+00
             67                 15              12052         5.2000E+00
             67                 16               4111         6.2500E+00
             67                 17               1084         7.4000E+00
             67                 18                179         8.6500E+00
             67                 19                 13         1.0000E+01
             68                  5                  1         4.5000E-01
             68                  6                 87         5.0000E-01
             68                  7                967         6.5000E-01
             68                  8               3972         9.0000E-01
             68                  9              11627         1.2500E+00
             68                 10              27323         1.7000E+00
             68                 11              46822         2.2500E+00
             68                 12              53653         2.9000E+00
             68                 13              41031         3.6500E+00
             68                 14              22167         4.5000E+00
             68                 15               8950         5.4500E+00
             68                 16               2791         6.5000E+00
             68                 17                765         7.6500E+00
             68                 18                127         8.9000E+00
             68                 19                  6         1.0250E+01
             69                  6                 57         8.5000E-01
             69                  7                706         1.0000E+00
             69                  8               2815         1.2500E+00
             69                  9               8332         1.6000E+00
             69                 10              19127         2.0500E+00
             69                 11              31205         2.6000E+00
             69                 12              33326         3.2500E+00
             69                 13              24460         4.0000E+00
             69                 14              12744         4.8500E+00
             69                 15               4581         5.8000E+00
             69                 16               1520         6.8500E+00
             69                 17                351         8.0000E+00
             69                 18                 66         9.2500E+00
             69                 19                 10         1.0600E+01
             70                  6                 26         1.3000E+00
             70                  7                265         1.4500E+00
             70                  8               1311         1.7000E+00
             70                  9               3782         2.0500E+00
             70                 10               8770         2.5000E+00
             70                 11              12968         3.0500E+00
             70                 12              12759         3.7000E+00
             70                 13               8810         4.4500E+00
             70                 14               4183         5.3000E+00
             70                 15               1534         6.2500E+00
             70                 16                389         7.3000E+00
             70                 17                100         8.4500E+00
             70                 18                 20         9.7000E+00
             71                  6                 13         1.8500E+00
             71                  7                109         2.0000E+00
             71                  8                397         2.2500E+00
             71                  9               1052         2.6000E+00
             71                 10               2396         3.0500E+00
             71                 11               3302         3.6000E+00
             71                 12               2883         4.2500E+00
             71                 13               1836         5.0000E+00
             71                 14                749         5.8500E+00
             71                 15                228         6.8000E+00
             71                 16                 60         7.8500E+00
             71                 17                 19         9.0000E+00
             72                  7                  7         2.6500E+00
             72                  8                 44         2.9000E+00
             72                  9                113         3.2500E+00
             72                 10                249         3.7000E+00
             72                 11                340         4.2500E+00
             72                 12                140         4.9000E+00
             72                 13                 90         5.6500E+00
             72                 14                 29         6.5000E+00
             72                 15                 32         7.4500E+00
             72                 16                  4         8.5000E+00
