  #Crystal Size      Water Content              Count               Bias
             52                 11                  1         6.2500E+00
             53                 11                 12         6.5000E+00
             53                 12                  6         7.6500E+00
             53                 13                 11         8.9000E+00
             53                 14                 13         1.0250E+01
             53                 15                 11         1.1700E+01
             53                 16                  1         1.3250E+01
             53                 17                  5         1.4900E+01
             54                 10                 17         5.8000E+00
             54                 11                 59         6.8500E+00
             54                 12                 78         8.0000E+00
             54                 13                 88         9.2500E+00
             54                 14                 83         1.0600E+01
             54                 15                 64         1.2050E+01
             54                 16                 20         1.3600E+01
             54                 17                  3         1.5250E+01
             54                 18                  2         1.7000E+01
             55                  9                  1         5.3000E+00
             55                 10                 83         6.2500E+00
             55                 11                319         7.3000E+00
             55                 12                582         8.4500E+00
             55                 13                551         9.7000E+00
             55                 14                572         1.1050E+01
             55                 15                257         1.2500E+01
             55                 16                 95         1.4050E+01
             55                 17                 14         1.5700E+01
             56                  9                103         5.8500E+00
             56                 10                330         6.8000E+00
             56                 11               1065         7.8500E+00
             56                 12               1954         9.0000E+00
             56                 13               2305         1.0250E+01
             56                 14               1925         1.1600E+01
             56                 15               1147         1.3050E+01
             56                 16                446         1.4600E+01
             56                 17                 85         1.6250E+01
             56                 18                  7         1.8000E+01
             57                  8                 26         5.6500E+00
             57                  9                306         6.5000E+00
             57                 10               1341         7.4500E+00
             57                 11               3578         8.5000E+00
             57                 12               6363         9.6500E+00
             57                 13               7110         1.0900E+01
             57                 14               5868         1.2250E+01
             57                 15               3174         1.3700E+01
             57                 16               1161         1.5250E+01
             57                 17                340         1.6900E+01
             57                 18                 29         1.8650E+01
             57                 19                  1         2.0500E+01
             58                  8                 98         6.4000E+00
             58                  9                844         7.2500E+00
             58                 10               3350         8.2000E+00
             58                 11               8468         9.2500E+00
             58                 12              14806         1.0400E+01
             58                 13              17444         1.1650E+01
             58                 14              13523         1.3000E+01
             58                 15               6933         1.4450E+01
             58                 16               2684         1.6000E+01
             58                 17                612         1.7650E+01
             58                 18                103         1.9400E+01
             58                 19                  3         2.1250E+01
             59                  7                 42         6.5000E+00
             59                  8                308         7.2500E+00
             59                  9               1907         8.1000E+00
             59                 10               7441         9.0500E+00
             59                 11              17044         1.0100E+01
             59                 12              28402         1.1250E+01
             59                 13              31214         1.2500E+01
             59                 14              23653         1.3850E+01
             59                 15              11015         1.5300E+01
             59                 16               4299         1.6850E+01
             59                 17               1192         1.8500E+01
             59                 18                169         2.0250E+01
             59                 19                 23         2.2100E+01
             60                  7                 38         7.4500E+00
             60                  8                627         8.2000E+00
             60                  9               2898         9.0500E+00
             60                 10              10682         1.0000E+01
             60                 11              27033         1.1050E+01
             60                 12              43175         1.2200E+01
             60                 13              44772         1.3450E+01
             60                 14              32003         1.4800E+01
             60                 15              15575         1.6250E+01
             60                 16               5860         1.7800E+01
             60                 17               1573         1.9450E+01
             60                 18                239         2.1200E+01
             60                 19                 38         2.3050E+01
             61                  7                 94         8.5000E+00
             61                  8                574         9.2500E+00
             61                  9               3774         1.0100E+01
             61                 10              13785         1.1050E+01
             61                 11              32685         1.2100E+01
             61                 12              51846         1.3250E+01
             61                 13              50821         1.4500E+01
             61                 14              35805         1.5850E+01
             61                 15              16223         1.7300E+01
             61                 16               5892         1.8850E+01
             61                 17               1650         2.0500E+01
             61                 18                398         2.2250E+01
             61                 19                 18         2.4100E+01
             61                 20                  1         2.6050E+01
             62                  7                 92         9.6500E+00
             62                  8                722         1.0400E+01
             62                  9               3598         1.1250E+01
             62                 10              12188         1.2200E+01
             62                 11              29852         1.3250E+01
             62                 12              44354         1.4400E+01
             62                 13              43945         1.5650E+01
             62                 14              29523         1.7000E+01
             62                 15              13536         1.8450E+01
             62                 16               4346         2.0000E+01
             62                 17               1261         2.1650E+01
             62                 18                236         2.3400E+01
             62                 19                  2         2.5250E+01
             63                  7                 48         1.0900E+01
             63                  8                579         1.1650E+01
             63                  9               2367         1.2500E+01
             63                 10               7889         1.3450E+01
             63                 11              19375         1.4500E+01
             63                 12              28986         1.5650E+01
             63                 13              26416         1.6900E+01
             63                 14              17221         1.8250E+01
             63                 15               7696         1.9700E+01
             63                 16               2424         2.1250E+01
             63                 17                793         2.2900E+01
             63                 18                120         2.4650E+01
             63                 19                 15         2.6500E+01
             63                 20                  2         2.8450E+01
             64                  7                 41         1.2250E+01
             64                  8                286         1.3000E+01
             64                  9               1181         1.3850E+01
             64                 10               3672         1.4800E+01
             64                 11               8366         1.5850E+01
             64                 12              12146         1.7000E+01
             64                 13              11362         1.8250E+01
             64                 14               7123         1.9600E+01
             64                 15               3017         2.1050E+01
             64                 16                966         2.2600E+01
             64                 17                263         2.4250E+01
             64                 18                 37         2.6000E+01
             64                 19                  1         2.7850E+01
             65                  7                 12         1.3700E+01
             65                  8                102         1.4450E+01
             65                  9                438         1.5300E+01
             65                 10               1337         1.6250E+01
             65                 11               2850         1.7300E+01
             65                 12               3709         1.8450E+01
             65                 13               3630         1.9700E+01
             65                 14               2226         2.1050E+01
             65                 15                856         2.2500E+01
             65                 16                251         2.4050E+01
             65                 17                 84         2.5700E+01
             65                 18                  5         2.7450E+01
             66                  8                  8         1.6000E+01
             66                  9                 71         1.6850E+01
             66                 10                313         1.7800E+01
             66                 11                610         1.8850E+01
             66                 12                627         2.0000E+01
             66                 13                547         2.1250E+01
             66                 14                338         2.2600E+01
             66                 15                134         2.4050E+01
             66                 16                 46         2.5600E+01
             66                 17                 11         2.7250E+01
             67                  8                  5         1.7650E+01
             67                  9                 25         1.8500E+01
             67                 10                 33         1.9450E+01
             67                 11                 91         2.0500E+01
             67                 12                117         2.1650E+01
             67                 13                 75         2.2900E+01
             67                 14                 46         2.4250E+01
             67                 15                 23         2.5700E+01
             67                 16                  2         2.7250E+01
             68                  9                  5         2.0250E+01
             68                 10                 22         2.1200E+01
             68                 11                 15         2.2250E+01
             68                 12                 11         2.3400E+01
             68                 13                  3         2.4650E+01
             68                 14                  7         2.6000E+01
