  #Crystal Size      Water Content              Count               Bias
             55                 12                  8         7.2000E+00
             56                 10                  1         5.0500E+00
             56                 11                  5         6.1000E+00
             56                 12                 12         7.2500E+00
             57                  9                 10         4.2500E+00
             57                 10                 15         5.2000E+00
             57                 11                 37         6.2500E+00
             57                 12                 56         7.4000E+00
             57                 13                 40         8.6500E+00
             57                 14                  4         1.0000E+01
             58                  6                  7         2.2500E+00
             58                  7                  5         2.9000E+00
             58                  8                 19         3.6500E+00
             58                  9                 68         4.5000E+00
             58                 10                139         5.4500E+00
             58                 11                203         6.5000E+00
             58                 12                255         7.6500E+00
             58                 13                135         8.9000E+00
             58                 14                 33         1.0250E+01
             59                  5                  1         2.0500E+00
             59                  6                  6         2.6000E+00
             59                  7                 11         3.2500E+00
             59                  8                116         4.0000E+00
             59                  9                390         4.8500E+00
             59                 10                781         5.8000E+00
             59                 11               1298         6.8500E+00
             59                 12               1279         8.0000E+00
             59                 13                653         9.2500E+00
             59                 14                219         1.0600E+01
             59                 15                 82         1.2050E+01
             59                 16                 16         1.3600E+01
             59                 17                  1         1.5250E+01
             60                  4                  2         2.0500E+00
             60                  5                  7         2.5000E+00
             60                  6                 22         3.0500E+00
             60                  7                167         3.7000E+00
             60                  8                714         4.4500E+00
             60                  9               2025         5.3000E+00
             60                 10               3071         6.2500E+00
             60                 11               4812         7.3000E+00
             60                 12               4081         8.4500E+00
             60                 13               2234         9.7000E+00
             60                 14                883         1.1050E+01
             60                 15                269         1.2500E+01
             60                 16                 71         1.4050E+01
             60                 17                  9         1.5700E+01
             60                 18                  1         1.7450E+01
             61                  4                  5         2.6000E+00
             61                  5                 18         3.0500E+00
             61                  6                123         3.6000E+00
             61                  7                619         4.2500E+00
             61                  8               2555         5.0000E+00
             61                  9               5531         5.8500E+00
             61                 10               8876         6.8000E+00
             61                 11              11244         7.8500E+00
             61                 12               9429         9.0000E+00
             61                 13               4796         1.0250E+01
             61                 14               2085         1.1600E+01
             61                 15                551         1.3050E+01
             61                 16                136         1.4600E+01
             61                 17                  6         1.6250E+01
             61                 18                  5         1.8000E+01
             62                  4                  1         3.2500E+00
             62                  5                 23         3.7000E+00
             62                  6                374         4.2500E+00
             62                  7               2316         4.9000E+00
             62                  8               7128         5.6500E+00
             62                  9              13912         6.5000E+00
             62                 10              20433         7.4500E+00
             62                 11              22821         8.5000E+00
             62                 12              17971         9.6500E+00
             62                 13               9539         1.0900E+01
             62                 14               3518         1.2250E+01
             62                 15                918         1.3700E+01
             62                 16                198         1.5250E+01
             62                 17                 18         1.6900E+01
             63                  3                  5         3.6500E+00
             63                  4                  4         4.0000E+00
             63                  5                 75         4.4500E+00
             63                  6                945         5.0000E+00
             63                  7               5064         5.6500E+00
             63                  8              13971         6.4000E+00
             63                  9              24988         7.2500E+00
             63                 10              35312         8.2000E+00
             63                 11              37190         9.2500E+00
             63                 12              28494         1.0400E+01
             63                 13              14876         1.1650E+01
             63                 14               5154         1.3000E+01
             63                 15               1221         1.4450E+01
             63                 16                287         1.6000E+01
             63                 17                 27         1.7650E+01
             64                  3                  3         4.5000E+00
             64                  4                 11         4.8500E+00
             64                  5                168         5.3000E+00
             64                  6               1670         5.8500E+00
             64                  7               7562         6.5000E+00
             64                  8              20010         7.2500E+00
             64                  9              35290         8.1000E+00
             64                 10              46130         9.0500E+00
             64                 11              47143         1.0100E+01
             64                 12              34224         1.1250E+01
             64                 13              16394         1.2500E+01
             64                 14               5980         1.3850E+01
             64                 15               1267         1.5300E+01
             64                 16                238         1.6850E+01
             64                 17                 18         1.8500E+01
             65                  3                  2         5.4500E+00
             65                  4                 22         5.8000E+00
             65                  5                145         6.2500E+00
             65                  6               1963         6.8000E+00
             65                  7               8305         7.4500E+00
             65                  8              21324         8.2000E+00
             65                  9              36074         9.0500E+00
             65                 10              44878         1.0000E+01
             65                 11              44180         1.1050E+01
             65                 12              30495         1.2200E+01
             65                 13              14140         1.3450E+01
             65                 14               4602         1.4800E+01
             65                 15               1024         1.6250E+01
             65                 16                152         1.7800E+01
             65                 17                 11         1.9450E+01
             66                  4                  1         6.8500E+00
             66                  5                121         7.3000E+00
             66                  6               1785         7.8500E+00
             66                  7               6810         8.5000E+00
             66                  8              15281         9.2500E+00
             66                  9              25817         1.0100E+01
             66                 10              31700         1.1050E+01
             66                 11              30164         1.2100E+01
             66                 12              19228         1.3250E+01
             66                 13               8676         1.4500E+01
             66                 14               2540         1.5850E+01
             66                 15                555         1.7300E+01
             66                 16                 52         1.8850E+01
             66                 17                  1         2.0500E+01
             67                  4                  3         8.0000E+00
             67                  5                 99         8.4500E+00
             67                  6               1082         9.0000E+00
             67                  7               3768         9.6500E+00
             67                  8               8243         1.0400E+01
             67                  9              12973         1.1250E+01
             67                 10              15056         1.2200E+01
             67                 11              13366         1.3250E+01
             67                 12               8956         1.4400E+01
             67                 13               3807         1.5650E+01
             67                 14                896         1.7000E+01
             67                 15                237         1.8450E+01
             67                 16                 18         2.0000E+01
             67                 17                  2         2.1650E+01
             68                  5                 44         9.7000E+00
             68                  6                412         1.0250E+01
             68                  7               1598         1.0900E+01
             68                  8               2959         1.1650E+01
             68                  9               4615         1.2500E+01
             68                 10               4772         1.3450E+01
             68                 11               4145         1.4500E+01
             68                 12               2616         1.5650E+01
             68                 13               1222         1.6900E+01
             68                 14                282         1.8250E+01
             68                 15                 48         1.9700E+01
             68                 16                  5         2.1250E+01
             69                  5                  3         1.1050E+01
             69                  6                 82         1.1600E+01
             69                  7                339         1.2250E+01
             69                  8                765         1.3000E+01
             69                  9               1077         1.3850E+01
             69                 10               1124         1.4800E+01
             69                 11                855         1.5850E+01
             69                 12                431         1.7000E+01
             69                 13                155         1.8250E+01
             69                 14                 40         1.9600E+01
             69                 15                  4         2.1050E+01
             70                  5                  3         1.2500E+01
             70                  6                  7         1.3050E+01
             70                  7                 48         1.3700E+01
             70                  8                131         1.4450E+01
             70                  9                216         1.5300E+01
             70                 10                129         1.6250E+01
             70                 11                 96         1.7300E+01
             70                 12                 16         1.8450E+01
             70                 13                 14         1.9700E+01
             70                 14                  2         2.1050E+01
             71                  6                  8         1.4600E+01
             71                  7                  2         1.5250E+01
             71                  8                 10         1.6000E+01
             71                  9                 14         1.6850E+01
             71                 10                  9         1.7800E+01
             71                 11                  5         1.8850E+01
