  #Crystal Size      Water Content              Count               Bias
             56                 21                  6         4.1000E+00
             56                 22                  7         4.2500E+00
             57                 20                  1         3.2000E+00
             57                 21                 17         3.2500E+00
             57                 22                  4         3.4000E+00
             57                 23                  2         3.6500E+00
             57                 25                  2         4.4500E+00
             57                 28                  3         6.4000E+00
             58                 18                  1         2.6500E+00
             58                 19                  3         2.5000E+00
             58                 20                 10         2.4500E+00
             58                 21                 43         2.5000E+00
             58                 22                 45         2.6500E+00
             58                 23                 25         2.9000E+00
             58                 24                  6         3.2500E+00
             58                 25                 22         3.7000E+00
             58                 26                  3         4.2500E+00
             58                 27                  2         4.9000E+00
             58                 28                  1         5.6500E+00
             59                 15                  3         3.0500E+00
             59                 16                  4         2.6000E+00
             59                 17                  1         2.2500E+00
             59                 18                  8         2.0000E+00
             59                 19                 37         1.8500E+00
             59                 20                 60         1.8000E+00
             59                 21                121         1.8500E+00
             59                 22                151         2.0000E+00
             59                 23                144         2.2500E+00
             59                 24                102         2.6000E+00
             59                 25                 83         3.0500E+00
             59                 26                 28         3.6000E+00
             59                 27                  4         4.2500E+00
             59                 28                  5         5.0000E+00
             59                 29                  3         5.8500E+00
             60                 14                  5         3.0500E+00
             60                 15                 17         2.5000E+00
             60                 16                 26         2.0500E+00
             60                 17                 29         1.7000E+00
             60                 18                 31         1.4500E+00
             60                 19                139         1.3000E+00
             60                 20                286         1.2500E+00
             60                 21                449         1.3000E+00
             60                 22                729         1.4500E+00
             60                 23                731         1.7000E+00
             60                 24                572         2.0500E+00
             60                 25                345         2.5000E+00
             60                 26                153         3.0500E+00
             60                 27                 74         3.7000E+00
             60                 28                 32         4.4500E+00
             60                 29                 14         5.3000E+00
             61                 13                  5         3.2500E+00
             61                 14                 29         2.6000E+00
             61                 15                 91         2.0500E+00
             61                 16                140         1.6000E+00
             61                 17                207         1.2500E+00
             61                 18                262         1.0000E+00
             61                 19                447         8.5000E-01
             61                 20                970         8.0000E-01
             61                 21               1712         8.5000E-01
             61                 22               2175         1.0000E+00
             61                 23               2253         1.2500E+00
             61                 24               1971         1.6000E+00
             61                 25               1255         2.0500E+00
             61                 26                618         2.6000E+00
             61                 27                254         3.2500E+00
             61                 28                116         4.0000E+00
             61                 29                 26         4.8500E+00
             61                 30                  1         5.8000E+00
             62                 12                  1         3.6500E+00
             62                 13                 20         2.9000E+00
             62                 14                 95         2.2500E+00
             62                 15                365         1.7000E+00
             62                 16                748         1.2500E+00
             62                 17               1037         9.0000E-01
             62                 18               1084         6.5000E-01
             62                 19               1534         5.0000E-01
             62                 20               2668         4.5000E-01
             62                 21               4268         5.0000E-01
             62                 22               5505         6.5000E-01
             62                 23               5983         9.0000E-01
             62                 24               5048         1.2500E+00
             62                 25               3328         1.7000E+00
             62                 26               1937         2.2500E+00
             62                 27                834         2.9000E+00
             62                 28                299         3.6500E+00
             62                 29                 90         4.5000E+00
             62                 30                 12         5.4500E+00
             63                 11                  1         4.2500E+00
             63                 12                 26         3.4000E+00
             63                 13                113         2.6500E+00
             63                 14                451         2.0000E+00
             63                 15               1393         1.4500E+00
             63                 16               2838         1.0000E+00
             63                 17               3680         6.5000E-01
             63                 18               3937         4.0000E-01
             63                 19               4296         2.5000E-01
             63                 20               6240         2.0000E-01
             63                 21               8910         2.5000E-01
             63                 22              10963         4.0000E-01
             63                 23              12124         6.5000E-01
             63                 24              10608         1.0000E+00
             63                 25               7063         1.4500E+00
             63                 26               4085         2.0000E+00
             63                 27               1779         2.6500E+00
             63                 28                657         3.4000E+00
             63                 29                172         4.2500E+00
             63                 30                 38         5.2000E+00
             63                 31                  1         6.2500E+00
             64                 10                  2         5.0500E+00
             64                 11                 22         4.1000E+00
             64                 12                119         3.2500E+00
             64                 13                524         2.5000E+00
             64                 14               1607         1.8500E+00
             64                 15               4439         1.3000E+00
             64                 16               7366         8.5000E-01
             64                 17               9443         5.0000E-01
             64                 18               9615         2.5000E-01
             64                 19               9236         1.0000E-01
             64                 20              10880         5.0000E-02
             64                 21              14067         1.0000E-01
             64                 22              17293         2.5000E-01
             64                 23              18094         5.0000E-01
             64                 24              15493         8.5000E-01
             64                 25              10076         1.3000E+00
             64                 26               6055         1.8500E+00
             64                 27               2719         2.5000E+00
             64                 28               1071         3.2500E+00
             64                 29                270         4.1000E+00
             64                 30                 57         5.0500E+00
             64                 31                  1         6.1000E+00
             65                 10                  3         5.0000E+00
             65                 11                 39         4.0500E+00
             65                 12                243         3.2000E+00
             65                 13               1285         2.4500E+00
             65                 14               3930         1.8000E+00
             65                 15               9176         1.2500E+00
             65                 16              15709         8.0000E-01
             65                 17              18669         4.5000E-01
             65                 18              17862         2.0000E-01
             65                 19              14880         5.0000E-02
             65                 20              14531         0.0000E+00
             65                 21              16672         5.0000E-02
             65                 22              19463         2.0000E-01
             65                 23              19618         4.5000E-01
             65                 24              16492         8.0000E-01
             65                 25              10540         1.2500E+00
             65                 26               6026         1.8000E+00
             65                 27               2765         2.4500E+00
             65                 28               1057         3.2000E+00
             65                 29                381         4.0500E+00
             65                 30                 57         5.0000E+00
             65                 31                  4         6.0500E+00
             66                 10                  2         5.0500E+00
             66                 11                 52         4.1000E+00
             66                 12                466         3.2500E+00
             66                 13               1993         2.5000E+00
             66                 14               6656         1.8500E+00
             66                 15              14841         1.3000E+00
             66                 16              23507         8.5000E-01
             66                 17              27288         5.0000E-01
             66                 18              24363         2.5000E-01
             66                 19              18566         1.0000E-01
             66                 20              14796         5.0000E-02
             66                 21              14339         1.0000E-01
             66                 22              15870         2.5000E-01
             66                 23              15165         5.0000E-01
             66                 24              12291         8.5000E-01
             66                 25               7992         1.3000E+00
             66                 26               4466         1.8500E+00
             66                 27               1979         2.5000E+00
             66                 28                689         3.2500E+00
             66                 29                224         4.1000E+00
             66                 30                 50         5.0500E+00
             66                 31                  3         6.1000E+00
             67                 10                  6         5.2000E+00
             67                 11                 63         4.2500E+00
             67                 12                541         3.4000E+00
             67                 13               2580         2.6500E+00
             67                 14               7632         2.0000E+00
             67                 15              16490         1.4500E+00
             67                 16              24914         1.0000E+00
             67                 17              28145         6.5000E-01
             67                 18              23906         4.0000E-01
             67                 19              16336         2.5000E-01
             67                 20              10879         2.0000E-01
             67                 21               8761         2.5000E-01
             67                 22               8415         4.0000E-01
             67                 23               8446         6.5000E-01
             67                 24               6895         1.0000E+00
             67                 25               4462         1.4500E+00
             67                 26               2355         2.0000E+00
             67                 27                978         2.6500E+00
             67                 28                321         3.4000E+00
             67                 29                133         4.2500E+00
             67                 30                 20         5.2000E+00
             68                 10                  3         5.4500E+00
             68                 11                 55         4.5000E+00
             68                 12                516         3.6500E+00
             68                 13               1954         2.9000E+00
             68                 14               5836         2.2500E+00
             68                 15              12348         1.7000E+00
             68                 16              18336         1.2500E+00
             68                 17              19534         9.0000E-01
             68                 18              15821         6.5000E-01
             68                 19              10100         5.0000E-01
             68                 20               6146         4.5000E-01
             68                 21               4124         5.0000E-01
             68                 22               3147         6.5000E-01
             68                 23               3094         9.0000E-01
             68                 24               2419         1.2500E+00
             68                 25               1621         1.7000E+00
             68                 26                892         2.2500E+00
             68                 27                343         2.9000E+00
             68                 28                109         3.6500E+00
             68                 29                 33         4.5000E+00
             68                 30                  7         5.4500E+00
             69                 10                  7         5.8000E+00
             69                 11                 47         4.8500E+00
             69                 12                256         4.0000E+00
             69                 13               1003         3.2500E+00
             69                 14               2938         2.6000E+00
             69                 15               5968         2.0500E+00
             69                 16               8247         1.6000E+00
             69                 17               8563         1.2500E+00
             69                 18               6627         1.0000E+00
             69                 19               4068         8.5000E-01
             69                 20               2089         8.0000E-01
             69                 21               1342         8.5000E-01
             69                 22                847         1.0000E+00
             69                 23                591         1.2500E+00
             69                 24                563         1.6000E+00
             69                 25                378         2.0500E+00
             69                 26                257         2.6000E+00
             69                 27                 87         3.2500E+00
             69                 28                 31         4.0000E+00
             69                 29                 10         4.8500E+00
             69                 30                  6         5.8000E+00
             70                 10                  5         6.2500E+00
             70                 11                 10         5.3000E+00
             70                 12                 92         4.4500E+00
             70                 13                346         3.7000E+00
             70                 14                928         3.0500E+00
             70                 15               1592         2.5000E+00
             70                 16               2171         2.0500E+00
             70                 17               2099         1.7000E+00
             70                 18               1586         1.4500E+00
             70                 19                911         1.3000E+00
             70                 20                482         1.2500E+00
             70                 21                311         1.3000E+00
             70                 22                185         1.4500E+00
             70                 23                108         1.7000E+00
             70                 24                117         2.0500E+00
             70                 25                 80         2.5000E+00
             70                 26                 22         3.0500E+00
             70                 27                 25         3.7000E+00
             70                 28                 11         4.4500E+00
             70                 29                  7         5.3000E+00
             71                 11                  5         5.8500E+00
             71                 12                 20         5.0000E+00
             71                 13                 57         4.2500E+00
             71                 14                111         3.6000E+00
             71                 15                219         3.0500E+00
             71                 16                240         2.6000E+00
             71                 17                308         2.2500E+00
             71                 18                230         2.0000E+00
             71                 19                103         1.8500E+00
             71                 20                 58         1.8000E+00
             71                 21                 15         1.8500E+00
             71                 22                 14         2.0000E+00
             71                 23                  5         2.2500E+00
             71                 24                  4         2.6000E+00
             71                 25                  5         3.0500E+00
             71                 28                  1         5.0000E+00
             71                 29                  1         5.8500E+00
             72                 14                 12         4.2500E+00
             72                 15                 12         3.7000E+00
             72                 16                 16         3.2500E+00
             72                 17                 21         2.9000E+00
             72                 18                 13         2.6500E+00
