  #Crystal Size      Water Content              Count               Bias
              5                  5                  1         1.0000E+01
              5                  7                  8         1.2200E+01
              5                  8                  4         1.3450E+01
              5                  9                  1         1.4800E+01
              5                 10                  1         1.6250E+01
              5                 11                  6         1.7800E+01
              5                 12                  4         1.9450E+01
              6                  4                  1         8.1000E+00
              6                  5                  1         9.0500E+00
              6                  6                  5         1.0100E+01
              6                  7                  5         1.1250E+01
              6                  8                 30         1.2500E+01
              6                  9                 40         1.3850E+01
              6                 10                 10         1.5300E+01
              6                 11                 35         1.6850E+01
              6                 12                 22         1.8500E+01
              6                 13                  4         2.0250E+01
              7                  4                 13         7.2500E+00
              7                  5                  6         8.2000E+00
              7                  6                 24         9.2500E+00
              7                  7                 94         1.0400E+01
              7                  8                166         1.1650E+01
              7                  9                259         1.3000E+01
              7                 10                179         1.4450E+01
              7                 11                171         1.6000E+01
              7                 12                109         1.7650E+01
              7                 13                 35         1.9400E+01
              7                 14                 20         2.1250E+01
              7                 15                  5         2.3200E+01
              8                  3                 26         5.6500E+00
              8                  4                114         6.5000E+00
              8                  5                175         7.4500E+00
              8                  6                210         8.5000E+00
              8                  7                415         9.6500E+00
              8                  8                636         1.0900E+01
              8                  9                910         1.2250E+01
              8                 10                726         1.3700E+01
              8                 11                443         1.5250E+01
              8                 12                253         1.6900E+01
              8                 13                190         1.8650E+01
              8                 14                 41         2.0500E+01
              9                  2                 18         4.2500E+00
              9                  3                143         5.0000E+00
              9                  4                413         5.8500E+00
              9                  5                721         6.8000E+00
              9                  6                861         7.8500E+00
              9                  7               1282         9.0000E+00
              9                  8               1969         1.0250E+01
              9                  9               2475         1.1600E+01
              9                 10               2270         1.3050E+01
              9                 11               1499         1.4600E+01
              9                 12                632         1.6250E+01
              9                 13                364         1.8000E+01
              9                 14                 67         1.9850E+01
              9                 15                  2         2.1800E+01
             10                  1                 10         3.0500E+00
             10                  2                133         3.7000E+00
             10                  3                490         4.4500E+00
             10                  4               1201         5.3000E+00
             10                  5               1737         6.2500E+00
             10                  6               2478         7.3000E+00
             10                  7               3551         8.4500E+00
             10                  8               5532         9.7000E+00
             10                  9               5909         1.1050E+01
             10                 10               5062         1.2500E+01
             10                 11               2942         1.4050E+01
             10                 12               1396         1.5700E+01
             10                 13                621         1.7450E+01
             10                 14                151         1.9300E+01
             10                 15                 52         2.1250E+01
             11                  1                 25         2.6000E+00
             11                  2                197         3.2500E+00
             11                  3                916         4.0000E+00
             11                  4               2761         4.8500E+00
             11                  5               4514         5.8000E+00
             11                  6               6669         6.8500E+00
             11                  7               8757         8.0000E+00
             11                  8              11122         9.2500E+00
             11                  9              11399         1.0600E+01
             11                 10               9705         1.2050E+01
             11                 11               6306         1.3600E+01
             11                 12               3664         1.5250E+01
             11                 13               1561         1.7000E+01
             11                 14                386         1.8850E+01
             11                 15                 82         2.0800E+01
             11                 16                  8         2.2850E+01
             12                  1                 31         2.2500E+00
             12                  2                308         2.9000E+00
             12                  3               1514         3.6500E+00
             12                  4               4973         4.5000E+00
             12                  5              10553         5.4500E+00
             12                  6              16567         6.5000E+00
             12                  7              18528         7.6500E+00
             12                  8              21788         8.9000E+00
             12                  9              20610         1.0250E+01
             12                 10              18190         1.1700E+01
             12                 11              12932         1.3250E+01
             12                 12               7680         1.4900E+01
             12                 13               3165         1.6650E+01
             12                 14                909         1.8500E+01
             12                 15                250         2.0450E+01
             12                 16                 18         2.2500E+01
             12                 17                  1         2.4650E+01
             13                  1                 41         2.0000E+00
             13                  2                490         2.6500E+00
             13                  3               2545         3.4000E+00
             13                  4               9840         4.2500E+00
             13                  5              23354         5.2000E+00
             13                  6              35907         6.2500E+00
             13                  7              39853         7.4000E+00
             13                  8              41364         8.6500E+00
             13                  9              38358         1.0000E+01
             13                 10              32369         1.1450E+01
             13                 11              23552         1.3000E+01
             13                 12              13039         1.4650E+01
             13                 13               5973         1.6400E+01
             13                 14               1609         1.8250E+01
             13                 15                330         2.0200E+01
             13                 16                 62         2.2250E+01
             13                 17                 10         2.4400E+01
             14                  0                 17         1.3000E+00
             14                  1                121         1.8500E+00
             14                  2                900         2.5000E+00
             14                  3               5192         3.2500E+00
             14                  4              18224         4.1000E+00
             14                  5              42607         5.0500E+00
             14                  6              66775         6.1000E+00
             14                  7              76140         7.2500E+00
             14                  8              75905         8.5000E+00
             14                  9              63991         9.8500E+00
             14                 10              50078         1.1300E+01
             14                 11              32214         1.2850E+01
             14                 12              16747         1.4500E+01
             14                 13               6509         1.6250E+01
             14                 14               1784         1.8100E+01
             14                 15                448         2.0050E+01
             14                 16                 60         2.2100E+01
             15                  0                 35         1.2500E+00
             15                  1                224         1.8000E+00
             15                  2               1749         2.4500E+00
             15                  3               8352         3.2000E+00
             15                  4              27950         4.0500E+00
             15                  5              67482         5.0000E+00
             15                  6             106979         6.0500E+00
             15                  7             123872         7.2000E+00
             15                  8             118813         8.4500E+00
             15                  9              95037         9.8000E+00
             15                 10              66013         1.1250E+01
             15                 11              38489         1.2800E+01
             15                 12              18015         1.4450E+01
             15                 13               6050         1.6200E+01
             15                 14               1512         1.8050E+01
             15                 15                314         2.0000E+01
             15                 16                 24         2.2050E+01
             16                  0                 29         1.3000E+00
             16                  1                305         1.8500E+00
             16                  2               2597         2.5000E+00
             16                  3              12464         3.2500E+00
             16                  4              39581         4.1000E+00
             16                  5              89915         5.0500E+00
             16                  6             143380         6.1000E+00
             16                  7             163122         7.2500E+00
             16                  8             151955         8.5000E+00
             16                  9             114753         9.8500E+00
             16                 10              74092         1.1300E+01
             16                 11              41876         1.2850E+01
             16                 12              19668         1.4500E+01
             16                 13               6907         1.6250E+01
             16                 14               1807         1.8100E+01
             16                 15                303         2.0050E+01
             16                 16                 52         2.2100E+01
             17                  0                 22         1.4500E+00
             17                  1                368         2.0000E+00
             17                  2               3421         2.6500E+00
             17                  3              15609         3.4000E+00
             17                  4              46789         4.2500E+00
             17                  5              98558         5.2000E+00
             17                  6             153702         6.2500E+00
             17                  7             178292         7.4000E+00
             17                  8             161581         8.6500E+00
             17                  9             119990         1.0000E+01
             17                 10              80685         1.1450E+01
             17                 11              48808         1.3000E+01
             17                 12              24781         1.4650E+01
             17                 13               9728         1.6400E+01
             17                 14               3045         1.8250E+01
             17                 15                649         2.0200E+01
             17                 16                 52         2.2250E+01
             18                  0                 36         1.7000E+00
             18                  1                645         2.2500E+00
             18                  2               3799         2.9000E+00
             18                  3              15458         3.6500E+00
             18                  4              41543         4.5000E+00
             18                  5              82128         5.4500E+00
             18                  6             123198         6.5000E+00
             18                  7             144408         7.6500E+00
             18                  8             137902         8.9000E+00
             18                  9             108532         1.0250E+01
             18                 10              73750         1.1700E+01
             18                 11              45818         1.3250E+01
             18                 12              24862         1.4900E+01
             18                 13              11171         1.6650E+01
             18                 14               3324         1.8500E+01
             18                 15                594         2.0450E+01
             18                 16                104         2.2500E+01
             18                 17                  7         2.4650E+01
             18                 18                  5         2.6900E+01
             19                  0                 27         2.0500E+00
             19                  1                440         2.6000E+00
             19                  2               2424         3.2500E+00
             19                  3               9700         4.0000E+00
             19                  4              24049         4.8500E+00
             19                  5              44757         5.8000E+00
             19                  6              65971         6.8500E+00
             19                  7              80906         8.0000E+00
             19                  8              83260         9.2500E+00
             19                  9              71576         1.0600E+01
             19                 10              51217         1.2050E+01
             19                 11              33430         1.3600E+01
             19                 12              17168         1.5250E+01
             19                 13               7276         1.7000E+01
             19                 14               2086         1.8850E+01
             19                 15                415         2.0800E+01
             19                 16                 93         2.2850E+01
             19                 17                 34         2.5000E+01
             19                 18                  6         2.7250E+01
             20                  0                  4         2.5000E+00
             20                  1                173         3.0500E+00
             20                  2               1235         3.7000E+00
             20                  3               3660         4.4500E+00
             20                  4               8176         5.3000E+00
             20                  5              13836         6.2500E+00
             20                  6              19596         7.3000E+00
             20                  7              26200         8.4500E+00
             20                  8              29848         9.7000E+00
             20                  9              29024         1.1050E+01
             20                 10              22092         1.2500E+01
             20                 11              14188         1.4050E+01
             20                 12               6942         1.5700E+01
             20                 13               2574         1.7450E+01
             20                 14                920         1.9300E+01
             20                 15                147         2.1250E+01
             20                 16                 34         2.3300E+01
             20                 17                 64         2.5450E+01
             21                  1                 60         3.6000E+00
             21                  2                402         4.2500E+00
             21                  3               1023         5.0000E+00
             21                  4               1931         5.8500E+00
             21                  5               2014         6.8000E+00
             21                  6               2436         7.8500E+00
             21                  7               3773         9.0000E+00
             21                  8               5602         1.0250E+01
             21                  9               5846         1.1600E+01
             21                 10               4415         1.3050E+01
             21                 11               3091         1.4600E+01
             21                 12               1514         1.6250E+01
             21                 13                598         1.8000E+01
             21                 14                149         1.9850E+01
             21                 15                 15         2.1800E+01
             21                 16                 10         2.3850E+01
             21                 17                  1         2.6000E+01
             22                  0                  2         3.7000E+00
             22                  1                  5         4.2500E+00
             22                  2                 78         4.9000E+00
             22                  3                213         5.6500E+00
             22                  4                365         6.5000E+00
             22                  5                329         7.4500E+00
             22                  6                318         8.5000E+00
             22                  7                500         9.6500E+00
             22                  8                725         1.0900E+01
             22                  9                559         1.2250E+01
             22                 10                406         1.3700E+01
             22                 11                382         1.5250E+01
             22                 12                169         1.6900E+01
             22                 13                 91         1.8650E+01
             22                 14                 17         2.0500E+01
             22                 17                  1         2.6650E+01
             23                  2                  1         5.6500E+00
             23                  3                 29         6.4000E+00
             23                  4                 74         7.2500E+00
             23                  5                106         8.2000E+00
             23                  6                 43         9.2500E+00
             23                  7                 17         1.0400E+01
             23                  8                 12         1.1650E+01
             23                  9                 58         1.3000E+01
             23                 10                 16         1.4450E+01
             23                 11                 31         1.6000E+01
             23                 12                  4         1.7650E+01
             23                 13                  1         1.9400E+01
             24                  3                  1         7.2500E+00
             24                  4                 26         8.1000E+00
             24                  5                 27         9.0500E+00
             24                  6                  2         1.0100E+01
             24                  8                  1         1.2500E+01
             25                  4                  6         9.0500E+00
             25                  5                  1         1.0000E+01
