  #Crystal Size      Water Content              Count               Bias
              0                 18                  1         1.4450E+01
              1                 17                  4         1.2250E+01
              1                 18                 18         1.3000E+01
              1                 19                 59         1.3850E+01
              1                 20                 25         1.4800E+01
              1                 21                 11         1.5850E+01
              1                 22                  9         1.7000E+01
              1                 23                 22         1.8250E+01
              1                 24                 16         1.9600E+01
              1                 25                 34         2.1050E+01
              1                 26                 20         2.2600E+01
              1                 27                  2         2.4250E+01
              2                 14                  7         9.2500E+00
              2                 15                  5         9.7000E+00
              2                 16                 12         1.0250E+01
              2                 17                 26         1.0900E+01
              2                 18                 90         1.1650E+01
              2                 19                151         1.2500E+01
              2                 20                171         1.3450E+01
              2                 21                266         1.4500E+01
              2                 22                311         1.5650E+01
              2                 23                280         1.6900E+01
              2                 24                152         1.8250E+01
              2                 25                122         1.9700E+01
              2                 26                 35         2.1250E+01
              2                 27                 21         2.2900E+01
              2                 28                  3         2.4650E+01
              3                 13                 12         7.6500E+00
              3                 14                 38         8.0000E+00
              3                 15                 27         8.4500E+00
              3                 16                121         9.0000E+00
              3                 17                290         9.6500E+00
              3                 18                278         1.0400E+01
              3                 19                445         1.1250E+01
              3                 20                555         1.2200E+01
              3                 21                780         1.3250E+01
              3                 22                899         1.4400E+01
              3                 23                860         1.5650E+01
              3                 24                566         1.7000E+01
              3                 25                441         1.8450E+01
              3                 26                220         2.0000E+01
              3                 27                131         2.1650E+01
              3                 28                 18         2.3400E+01
              4                 12                  7         6.2500E+00
              4                 13                 45         6.5000E+00
              4                 14                 82         6.8500E+00
              4                 15                171         7.3000E+00
              4                 16                380         7.8500E+00
              4                 17                786         8.5000E+00
              4                 18               1342         9.2500E+00
              4                 19               1827         1.0100E+01
              4                 20               2526         1.1050E+01
              4                 21               3466         1.2100E+01
              4                 22               3636         1.3250E+01
              4                 23               2948         1.4500E+01
              4                 24               2033         1.5850E+01
              4                 25               1088         1.7300E+01
              4                 26                399         1.8850E+01
              4                 27                154         2.0500E+01
              4                 28                 61         2.2250E+01
              4                 29                  1         2.4100E+01
              5                 11                  2         5.0500E+00
              5                 12                 13         5.2000E+00
              5                 13                 50         5.4500E+00
              5                 14                214         5.8000E+00
              5                 15                584         6.2500E+00
              5                 16               1135         6.8000E+00
              5                 17               2090         7.4500E+00
              5                 18               3254         8.2000E+00
              5                 19               5070         9.0500E+00
              5                 20               8411         1.0000E+01
              5                 21              11024         1.1050E+01
              5                 22              12434         1.2200E+01
              5                 23              11431         1.3450E+01
              5                 24               8309         1.4800E+01
              5                 25               4593         1.6250E+01
              5                 26               1723         1.7800E+01
              5                 27                582         1.9450E+01
              5                 28                260         2.1200E+01
              5                 29                 30         2.3050E+01
              5                 30                  1         2.5000E+01
              6                 10                  4         4.0500E+00
              6                 11                  4         4.1000E+00
              6                 12                 20         4.2500E+00
              6                 13                 87         4.5000E+00
              6                 14                263         4.8500E+00
              6                 15               1078         5.3000E+00
              6                 16               2778         5.8500E+00
              6                 17               5467         6.5000E+00
              6                 18               9454         7.2500E+00
              6                 19              16167         8.1000E+00
              6                 20              24309         9.0500E+00
              6                 21              32641         1.0100E+01
              6                 22              38776         1.1250E+01
              6                 23              34831         1.2500E+01
              6                 24              24606         1.3850E+01
              6                 25              13998         1.5300E+01
              6                 26               6254         1.6850E+01
              6                 27               2174         1.8500E+01
              6                 28                623         2.0250E+01
              6                 29                132         2.2100E+01
              6                 30                 15         2.4050E+01
              7                 10                 12         3.2000E+00
              7                 11                 43         3.2500E+00
              7                 12                100         3.4000E+00
              7                 13                139         3.6500E+00
              7                 14                684         4.0000E+00
              7                 15               2725         4.4500E+00
              7                 16               6665         5.0000E+00
              7                 17              13292         5.6500E+00
              7                 18              24782         6.4000E+00
              7                 19              40437         7.2500E+00
              7                 20              59083         8.2000E+00
              7                 21              75983         9.2500E+00
              7                 22              83968         1.0400E+01
              7                 23              77516         1.1650E+01
              7                 24              57760         1.3000E+01
              7                 25              31114         1.4450E+01
              7                 26              13483         1.6000E+01
              7                 27               4543         1.7650E+01
              7                 28               1567         1.9400E+01
              7                 29                534         2.1250E+01
              7                 30                 94         2.3200E+01
              8                  9                  1         2.5000E+00
              8                 10                  4         2.4500E+00
              8                 11                 54         2.5000E+00
              8                 12                189         2.6500E+00
              8                 13                553         2.9000E+00
              8                 14               1345         3.2500E+00
              8                 15               4171         3.7000E+00
              8                 16              10868         4.2500E+00
              8                 17              24212         4.9000E+00
              8                 18              43974         5.6500E+00
              8                 19              70059         6.5000E+00
              8                 20             100064         7.4500E+00
              8                 21             125467         8.5000E+00
              8                 22             134274         9.6500E+00
              8                 23             121099         1.0900E+01
              8                 24              91247         1.2250E+01
              8                 25              51289         1.3700E+01
              8                 26              22412         1.5250E+01
              8                 27               7928         1.6900E+01
              8                 28               3026         1.8650E+01
              8                 29                654         2.0500E+01
              8                 30                 78         2.2450E+01
              8                 31                  2         2.4500E+01
              9                 10                  3         1.8000E+00
              9                 11                 65         1.8500E+00
              9                 12                248         2.0000E+00
              9                 13                689         2.2500E+00
              9                 14               1958         2.6000E+00
              9                 15               5919         3.0500E+00
              9                 16              15536         3.6000E+00
              9                 17              31051         4.2500E+00
              9                 18              53186         5.0000E+00
              9                 19              80482         5.8500E+00
              9                 20             108058         6.8000E+00
              9                 21             139360         7.8500E+00
              9                 22             149460         9.0000E+00
              9                 23             135682         1.0250E+01
              9                 24             100961         1.1600E+01
              9                 25              54944         1.3050E+01
              9                 26              23781         1.4600E+01
              9                 27               8440         1.6250E+01
              9                 28               3268         1.8000E+01
              9                 29                913         1.9850E+01
              9                 30                136         2.1800E+01
             10                 10                  1         1.2500E+00
             10                 11                 32         1.3000E+00
             10                 12                242         1.4500E+00
             10                 13                802         1.7000E+00
             10                 14               2612         2.0500E+00
             10                 15               7797         2.5000E+00
             10                 16              19286         3.0500E+00
             10                 17              37635         3.7000E+00
             10                 18              60696         4.4500E+00
             10                 19              85775         5.3000E+00
             10                 20             107622         6.2500E+00
             10                 21             126187         7.3000E+00
             10                 22             130512         8.4500E+00
             10                 23             119402         9.7000E+00
             10                 24              88729         1.1050E+01
             10                 25              51931         1.2500E+01
             10                 26              22887         1.4050E+01
             10                 27               7811         1.5700E+01
             10                 28               2231         1.7450E+01
             10                 29                525         1.9300E+01
             10                 30                 53         2.1250E+01
             10                 31                  2         2.3300E+01
             11                 11                 14         8.5000E-01
             11                 12                171         1.0000E+00
             11                 13               1034         1.2500E+00
             11                 14               3677         1.6000E+00
             11                 15              10721         2.0500E+00
             11                 16              23275         2.6000E+00
             11                 17              41370         3.2500E+00
             11                 18              63984         4.0000E+00
             11                 19              83009         4.8500E+00
             11                 20              99504         5.8000E+00
             11                 21             106801         6.8500E+00
             11                 22              98984         8.0000E+00
             11                 23              84898         9.2500E+00
             11                 24              60651         1.0600E+01
             11                 25              35747         1.2050E+01
             11                 26              15777         1.3600E+01
             11                 27               5443         1.5250E+01
             11                 28               1319         1.7000E+01
             11                 29                236         1.8850E+01
             11                 30                 10         2.0800E+01
             12                 10                  3         4.5000E-01
             12                 11                  8         5.0000E-01
             12                 12                 91         6.5000E-01
             12                 13                933         9.0000E-01
             12                 14               3348         1.2500E+00
             12                 15              11007         1.7000E+00
             12                 16              23592         2.2500E+00
             12                 17              41181         2.9000E+00
             12                 18              56644         3.6500E+00
             12                 19              67799         4.5000E+00
             12                 20              73927         5.4500E+00
             12                 21              72809         6.5000E+00
             12                 22              64121         7.6500E+00
             12                 23              50335         8.9000E+00
             12                 24              33539         1.0250E+01
             12                 25              18832         1.1700E+01
             12                 26               7156         1.3250E+01
             12                 27               2870         1.4900E+01
             12                 28                800         1.6650E+01
             12                 29                145         1.8500E+01
             12                 30                  5         2.0450E+01
             13                 11                 11         2.5000E-01
             13                 12                 33         4.0000E-01
             13                 13                287         6.5000E-01
             13                 14               1809         1.0000E+00
             13                 15               5902         1.4500E+00
             13                 16              13309         2.0000E+00
             13                 17              21492         2.6500E+00
             13                 18              29186         3.4000E+00
             13                 19              33430         4.2500E+00
             13                 20              33466         5.2000E+00
             13                 21              30179         6.2500E+00
             13                 22              26000         7.4000E+00
             13                 23              20400         8.6500E+00
             13                 24              13003         1.0000E+01
             13                 25               6719         1.1450E+01
             13                 26               3047         1.3000E+01
             13                 27               1041         1.4650E+01
             13                 28                342         1.6400E+01
             13                 29                 91         1.8250E+01
             13                 30                  3         2.0200E+01
             14                 11                 15         1.0000E-01
             14                 12                 56         2.5000E-01
             14                 13                113         5.0000E-01
             14                 14                599         8.5000E-01
             14                 15               1937         1.3000E+00
             14                 16               3873         1.8500E+00
             14                 17               6604         2.5000E+00
             14                 18               9135         3.2500E+00
             14                 19              10842         4.1000E+00
             14                 20              10415         5.0500E+00
             14                 21               9131         6.1000E+00
             14                 22               7830         7.2500E+00
             14                 23               5701         8.5000E+00
             14                 24               3107         9.8500E+00
             14                 25               1603         1.1300E+01
             14                 26                679         1.2850E+01
             14                 27                325         1.4500E+01
             14                 28                 69         1.6250E+01
             14                 29                 11         1.8100E+01
             15                 12                  3         2.0000E-01
             15                 13                 25         4.5000E-01
             15                 14                133         8.0000E-01
             15                 15                406         1.2500E+00
             15                 16                781         1.8000E+00
             15                 17               1099         2.4500E+00
             15                 18               1824         3.2000E+00
             15                 19               2179         4.0500E+00
             15                 20               2027         5.0000E+00
             15                 21               1587         6.0500E+00
             15                 22               1301         7.2000E+00
             15                 23                954         8.4500E+00
             15                 24                472         9.8000E+00
             15                 25                124         1.1250E+01
             15                 26                 45         1.2800E+01
             15                 27                 31         1.4450E+01
             15                 28                 12         1.6200E+01
             16                 14                 23         8.5000E-01
             16                 15                 43         1.3000E+00
             16                 16                 81         1.8500E+00
             16                 17                120         2.5000E+00
             16                 18                170         3.2500E+00
             16                 19                225         4.1000E+00
             16                 20                400         5.0500E+00
             16                 21                213         6.1000E+00
             16                 22                127         7.2500E+00
             16                 23                 53         8.5000E+00
             16                 24                  7         9.8500E+00
             16                 25                  3         1.1300E+01
             17                 15                  8         1.4500E+00
             17                 16                  5         2.0000E+00
             17                 17                 16         2.6500E+00
             17                 18                 23         3.4000E+00
             17                 19                 57         4.2500E+00
             17                 20                 28         5.2000E+00
             17                 21                 21         6.2500E+00
             17                 22                  5         7.4000E+00
             17                 23                  1         8.6500E+00
             18                 20                  1         5.4500E+00
             18                 21                  1         6.5000E+00
