  #Crystal Size      Water Content              Count               Bias
             11                  9                  1         2.7850E+01
             12                  0                  3         1.7450E+01
             12                  2                  1         1.8650E+01
             12                  3                  6         1.9400E+01
             12                  4                  6         2.0250E+01
             12                  5                 22         2.1200E+01
             12                  6                 11         2.2250E+01
             12                  7                 26         2.3400E+01
             12                  8                 10         2.4650E+01
             12                  9                  4         2.6000E+01
             13                  0                 12         1.5700E+01
             13                  1                 12         1.6250E+01
             13                  2                 12         1.6900E+01
             13                  3                 51         1.7650E+01
             13                  4                180         1.8500E+01
             13                  5                259         1.9450E+01
             13                  6                188         2.0500E+01
             13                  7                134         2.1650E+01
             13                  8                 37         2.2900E+01
             13                  9                 45         2.4250E+01
             13                 11                  2         2.7250E+01
             14                 -1                  1         1.3600E+01
             14                  0                 84         1.4050E+01
             14                  1                197         1.4600E+01
             14                  2                270         1.5250E+01
             14                  3                605         1.6000E+01
             14                  4                794         1.6850E+01
             14                  5                890         1.7800E+01
             14                  6                779         1.8850E+01
             14                  7                582         2.0000E+01
             14                  8                337         2.1250E+01
             14                  9                112         2.2600E+01
             14                 10                 12         2.4050E+01
             14                 11                  2         2.5600E+01
             15                 -1                 39         1.2050E+01
             15                  0                567         1.2500E+01
             15                  1                939         1.3050E+01
             15                  2               2043         1.3700E+01
             15                  3               3384         1.4450E+01
             15                  4               4049         1.5300E+01
             15                  5               4265         1.6250E+01
             15                  6               3137         1.7300E+01
             15                  7               2117         1.8450E+01
             15                  8               1019         1.9700E+01
             15                  9                456         2.1050E+01
             15                 10                142         2.2500E+01
             15                 11                 39         2.4050E+01
             16                 -3                  1         1.0000E+01
             16                 -2                  2         1.0250E+01
             16                 -1                 44         1.0600E+01
             16                  0               1977         1.1050E+01
             16                  1               4745         1.1600E+01
             16                  2              10005         1.2250E+01
             16                  3              15777         1.3000E+01
             16                  4              17796         1.3850E+01
             16                  5              15054         1.4800E+01
             16                  6              10763         1.5850E+01
             16                  7               6053         1.7000E+01
             16                  8               2602         1.8250E+01
             16                  9               1008         1.9600E+01
             16                 10                245         2.1050E+01
             16                 11                 34         2.2600E+01
             17                 -2                 20         8.9000E+00
             17                 -1                 83         9.2500E+00
             17                  0               5790         9.7000E+00
             17                  1              15501         1.0250E+01
             17                  2              33487         1.0900E+01
             17                  3              52791         1.1650E+01
             17                  4              58231         1.2500E+01
             17                  5              50592         1.3450E+01
             17                  6              34536         1.4500E+01
             17                  7              16769         1.5650E+01
             17                  8               6986         1.6900E+01
             17                  9               2554         1.8250E+01
             17                 10                796         1.9700E+01
             17                 11                230         2.1250E+01
             17                 12                 42         2.2900E+01
             17                 13                 14         2.4650E+01
             18                 -2                 23         7.6500E+00
             18                 -1                287         8.0000E+00
             18                  0              13735         8.4500E+00
             18                  1              36767         9.0000E+00
             18                  2              80239         9.6500E+00
             18                  3             123651         1.0400E+01
             18                  4             144696         1.1250E+01
             18                  5             117774         1.2200E+01
             18                  6              76852         1.3250E+01
             18                  7              38547         1.4400E+01
             18                  8              14953         1.5650E+01
             18                  9               5214         1.7000E+01
             18                 10               1921         1.8450E+01
             18                 11                496         2.0000E+01
             18                 12                 71         2.1650E+01
             18                 13                  5         2.3400E+01
             19                 -2                 28         6.5000E+00
             19                 -1                387         6.8500E+00
             19                  0              22819         7.3000E+00
             19                  1              62313         7.8500E+00
             19                  2             129827         8.5000E+00
             19                  3             197694         9.2500E+00
             19                  4             222465         1.0100E+01
             19                  5             184025         1.1050E+01
             19                  6             116629         1.2100E+01
             19                  7              58953         1.3250E+01
             19                  8              24298         1.4500E+01
             19                  9               8708         1.5850E+01
             19                 10               3319         1.7300E+01
             19                 11                899         1.8850E+01
             19                 12                132         2.0500E+01
             19                 13                 31         2.2250E+01
             20                 -2                 71         5.4500E+00
             20                 -1                605         5.8000E+00
             20                  0              25906         6.2500E+00
             20                  1              68484         6.8000E+00
             20                  2             140188         7.4500E+00
             20                  3             203655         8.2000E+00
             20                  4             227652         9.0500E+00
             20                  5             191464         1.0000E+01
             20                  6             121006         1.1050E+01
             20                  7              61121         1.2200E+01
             20                  8              25321         1.3450E+01
             20                  9               9319         1.4800E+01
             20                 10               3225         1.6250E+01
             20                 11                957         1.7800E+01
             20                 12                163         1.9450E+01
             20                 13                 30         2.1200E+01
             20                 14                  2         2.3050E+01
             21                 -3                  5         4.2500E+00
             21                 -2                111         4.5000E+00
             21                 -1                523         4.8500E+00
             21                  0              23683         5.3000E+00
             21                  1              60662         5.8500E+00
             21                  2             120553         6.5000E+00
             21                  3             170884         7.2500E+00
             21                  4             188827         8.1000E+00
             21                  5             158532         9.0500E+00
             21                  6             100273         1.0100E+01
             21                  7              50745         1.1250E+01
             21                  8              20373         1.2500E+01
             21                  9               7802         1.3850E+01
             21                 10               2747         1.5300E+01
             21                 11                834         1.6850E+01
             21                 12                174         1.8500E+01
             21                 13                 29         2.0250E+01
             22                 -2                 44         3.6500E+00
             22                 -1                570         4.0000E+00
             22                  0              17492         4.4500E+00
             22                  1              40480         5.0000E+00
             22                  2              78184         5.6500E+00
             22                  3             112446         6.4000E+00
             22                  4             120663         7.2500E+00
             22                  5              98589         8.2000E+00
             22                  6              63269         9.2500E+00
             22                  7              33147         1.0400E+01
             22                  8              12816         1.1650E+01
             22                  9               4520         1.3000E+01
             22                 10               1605         1.4450E+01
             22                 11                419         1.6000E+01
             22                 12                 79         1.7650E+01
             22                 13                  4         1.9400E+01
             23                 -2                 26         2.9000E+00
             23                 -1                241         3.2500E+00
             23                  0               8644         3.7000E+00
             23                  1              19193         4.2500E+00
             23                  2              35964         4.9000E+00
             23                  3              51215         5.6500E+00
             23                  4              53369         6.5000E+00
             23                  5              41977         7.4500E+00
             23                  6              28054         8.5000E+00
             23                  7              14001         9.6500E+00
             23                  8               5006         1.0900E+01
             23                  9               1536         1.2250E+01
             23                 10                466         1.3700E+01
             23                 11                143         1.5250E+01
             23                 12                  6         1.6900E+01
             24                 -2                 20         2.2500E+00
             24                 -1                126         2.6000E+00
             24                  0               3185         3.0500E+00
             24                  1               5744         3.6000E+00
             24                  2              10420         4.2500E+00
             24                  3              14775         5.0000E+00
             24                  4              16192         5.8500E+00
             24                  5              12457         6.8000E+00
             24                  6               7226         7.8500E+00
             24                  7               3602         9.0000E+00
             24                  8               1028         1.0250E+01
             24                  9                318         1.1600E+01
             24                 10                 87         1.3050E+01
             24                 11                 15         1.4600E+01
             24                 12                  5         1.6250E+01
             25                 -2                  1         1.7000E+00
             25                 -1                 80         2.0500E+00
             25                  0                531         2.5000E+00
             25                  1               1040         3.0500E+00
             25                  2               1891         3.7000E+00
             25                  3               2508         4.4500E+00
             25                  4               2813         5.3000E+00
             25                  5               2553         6.2500E+00
             25                  6               1415         7.3000E+00
             25                  7                493         8.4500E+00
             25                  8                160         9.7000E+00
             25                  9                 59         1.1050E+01
             25                 10                 16         1.2500E+01
             26                 -1                  2         1.6000E+00
             26                  0                 31         2.0500E+00
             26                  1                 62         2.6000E+00
             26                  2                155         3.2500E+00
             26                  3                261         4.0000E+00
             26                  4                170         4.8500E+00
             26                  5                117         5.8000E+00
             26                  6                102         6.8500E+00
             26                  7                 11         8.0000E+00
             26                  8                 14         9.2500E+00
             26                  9                 12         1.0600E+01
             27                  2                 15         2.9000E+00
             27                  3                  2         3.6500E+00
             27                  4                 23         4.5000E+00
