  #Crystal Size      Water Content              Count               Bias
              0                  3                  7         8.2000E+00
              0                  4                 16         9.0500E+00
              0                  5                 48         1.0000E+01
              0                  6                 78         1.1050E+01
              0                  7                 85         1.2200E+01
              0                  8                 81         1.3450E+01
              0                  9                 48         1.4800E+01
              0                 10                  9         1.6250E+01
              0                 11                  4         1.7800E+01
              0                 12                  2         1.9450E+01
              1                  0                  2         5.3000E+00
              1                  1                 47         5.8500E+00
              1                  2                 49         6.5000E+00
              1                  3                547         7.2500E+00
              1                  4               1367         8.1000E+00
              1                  5               2297         9.0500E+00
              1                  6               3102         1.0100E+01
              1                  7               3238         1.1250E+01
              1                  8               2564         1.2500E+01
              1                  9               1342         1.3850E+01
              1                 10                705         1.5300E+01
              1                 11                313         1.6850E+01
              1                 12                 83         1.8500E+01
              1                 13                  9         2.0250E+01
              1                 14                  1         2.2100E+01
              2                  0                 10         4.4500E+00
              2                  1                108         5.0000E+00
              2                  2                206         5.6500E+00
              2                  3                872         6.4000E+00
              2                  4               1822         7.2500E+00
              2                  5               2936         8.2000E+00
              2                  6               4128         9.2500E+00
              2                  7               4888         1.0400E+01
              2                  8               4837         1.1650E+01
              2                  9               3518         1.3000E+01
              2                 10               1821         1.4450E+01
              2                 11                889         1.6000E+01
              2                 12                249         1.7650E+01
              2                 13                 75         1.9400E+01
              2                 14                  3         2.1250E+01
              2                 15                  6         2.3200E+01
              2                 16                  4         2.5250E+01
              3                  0                 23         3.7000E+00
              3                  1                209         4.2500E+00
              3                  2                439         4.9000E+00
              3                  3               1865         5.6500E+00
              3                  4               3896         6.5000E+00
              3                  5               7078         7.4500E+00
              3                  6              10610         8.5000E+00
              3                  7              11683         9.6500E+00
              3                  8              12126         1.0900E+01
              3                  9               9714         1.2250E+01
              3                 10               6516         1.3700E+01
              3                 11               4008         1.5250E+01
              3                 12               1325         1.6900E+01
              3                 13                323         1.8650E+01
              3                 14                 62         2.0500E+01
              3                 15                 59         2.2450E+01
              3                 16                  4         2.4500E+01
              3                 17                 14         2.6650E+01
              4                  0                 43         3.0500E+00
              4                  1                318         3.6000E+00
              4                  2               1361         4.2500E+00
              4                  3               4129         5.0000E+00
              4                  4               7391         5.8500E+00
              4                  5              13117         6.8000E+00
              4                  6              19173         7.8500E+00
              4                  7              25038         9.0000E+00
              4                  8              27033         1.0250E+01
              4                  9              21940         1.1600E+01
              4                 10              15558         1.3050E+01
              4                 11               8438         1.4600E+01
              4                 12               3312         1.6250E+01
              4                 13                881         1.8000E+01
              4                 14                134         1.9850E+01
              4                 15                 23         2.1800E+01
              4                 16                 10         2.3850E+01
              4                 17                 45         2.6000E+01
              4                 18                  3         2.8250E+01
              5                  0                 94         2.5000E+00
              5                  1                788         3.0500E+00
              5                  2               3628         3.7000E+00
              5                  3               7892         4.4500E+00
              5                  4              15095         5.3000E+00
              5                  5              27642         6.2500E+00
              5                  6              42524         7.3000E+00
              5                  7              53466         8.4500E+00
              5                  8              54850         9.7000E+00
              5                  9              45541         1.1050E+01
              5                 10              32054         1.2500E+01
              5                 11              17674         1.4050E+01
              5                 12               7985         1.5700E+01
              5                 13               2397         1.7450E+01
              5                 14                443         1.9300E+01
              5                 15                220         2.1250E+01
              5                 16                 26         2.3300E+01
              5                 17                 24         2.5450E+01
              5                 18                  2         2.7700E+01
              6                  0                120         2.0500E+00
              6                  1               1470         2.6000E+00
              6                  2               6130         3.2500E+00
              6                  3              13766         4.0000E+00
              6                  4              27640         4.8500E+00
              6                  5              52358         5.8000E+00
              6                  6              80722         6.8500E+00
              6                  7              98766         8.0000E+00
              6                  8              97443         9.2500E+00
              6                  9              78449         1.0600E+01
              6                 10              52387         1.2050E+01
              6                 11              28859         1.3600E+01
              6                 12              13141         1.5250E+01
              6                 13               4461         1.7000E+01
              6                 14                929         1.8850E+01
              6                 15                371         2.0800E+01
              6                 16                 87         2.2850E+01
              6                 17                  1         2.5000E+01
              7                  0                154         1.7000E+00
              7                  1               1588         2.2500E+00
              7                  2               7063         2.9000E+00
              7                  3              17688         3.6500E+00
              7                  4              36873         4.5000E+00
              7                  5              70312         5.4500E+00
              7                  6             111101         6.5000E+00
              7                  7             129634         7.6500E+00
              7                  8             124813         8.9000E+00
              7                  9              97869         1.0250E+01
              7                 10              65001         1.1700E+01
              7                 11              36063         1.3250E+01
              7                 12              15452         1.4900E+01
              7                 13               5041         1.6650E+01
              7                 14               1296         1.8500E+01
              7                 15                477         2.0450E+01
              7                 16                106         2.2500E+01
              8                  0                235         1.4500E+00
              8                  1               1856         2.0000E+00
              8                  2               7064         2.6500E+00
              8                  3              18635         3.4000E+00
              8                  4              41347         4.2500E+00
              8                  5              83756         5.2000E+00
              8                  6             131473         6.2500E+00
              8                  7             156610         7.4000E+00
              8                  8             147117         8.6500E+00
              8                  9             110827         1.0000E+01
              8                 10              68378         1.1450E+01
              8                 11              36242         1.3000E+01
              8                 12              15888         1.4650E+01
              8                 13               4879         1.6400E+01
              8                 14               1468         1.8250E+01
              8                 15                404         2.0200E+01
              8                 16                175         2.2250E+01
              8                 17                 36         2.4400E+01
              9                  0                216         1.3000E+00
              9                  1               1529         1.8500E+00
              9                  2               5575         2.5000E+00
              9                  3              17022         3.2500E+00
              9                  4              44686         4.1000E+00
              9                  5              95234         5.0500E+00
              9                  6             149914         6.1000E+00
              9                  7             170216         7.2500E+00
              9                  8             151086         8.5000E+00
              9                  9             103116         9.8500E+00
              9                 10              57157         1.1300E+01
              9                 11              26704         1.2850E+01
              9                 12              10674         1.4500E+01
              9                 13               3192         1.6250E+01
              9                 14                729         1.8100E+01
              9                 15                208         2.0050E+01
              9                 16                 44         2.2100E+01
              9                 17                 15         2.4250E+01
             10                  0                148         1.2500E+00
             10                  1                974         1.8000E+00
             10                  2               4874         2.4500E+00
             10                  3              14676         3.2000E+00
             10                  4              40928         4.0500E+00
             10                  5              88230         5.0000E+00
             10                  6             135177         6.0500E+00
             10                  7             148809         7.2000E+00
             10                  8             118327         8.4500E+00
             10                  9              73494         9.8000E+00
             10                 10              38076         1.1250E+01
             10                 11              15144         1.2800E+01
             10                 12               5792         1.4450E+01
             10                 13               1762         1.6200E+01
             10                 14                417         1.8050E+01
             10                 15                116         2.0000E+01
             10                 16                 23         2.2050E+01
             10                 17                  3         2.4200E+01
             11                  0                 80         1.3000E+00
             11                  1                855         1.8500E+00
             11                  2               3417         2.5000E+00
             11                  3              10999         3.2500E+00
             11                  4              29697         4.1000E+00
             11                  5              59644         5.0500E+00
             11                  6              87467         6.1000E+00
             11                  7              92420         7.2500E+00
             11                  8              70209         8.5000E+00
             11                  9              42489         9.8500E+00
             11                 10              19902         1.1300E+01
             11                 11               7701         1.2850E+01
             11                 12               2799         1.4500E+01
             11                 13                782         1.6250E+01
             11                 14                165         1.8100E+01
             11                 15                 48         2.0050E+01
             11                 16                  4         2.2100E+01
             12                  0                 80         1.4500E+00
             12                  1                763         2.0000E+00
             12                  2               2450         2.6500E+00
             12                  3               7534         3.4000E+00
             12                  4              18752         4.2500E+00
             12                  5              34213         5.2000E+00
             12                  6              46547         6.2500E+00
             12                  7              45739         7.4000E+00
             12                  8              35353         8.6500E+00
             12                  9              20489         1.0000E+01
             12                 10               9348         1.1450E+01
             12                 11               3613         1.3000E+01
             12                 12               1402         1.4650E+01
             12                 13                452         1.6400E+01
             12                 14                130         1.8250E+01
             12                 15                 35         2.0200E+01
             12                 16                  2         2.2250E+01
             13                  0                 52         1.7000E+00
             13                  1                472         2.2500E+00
             13                  2               1508         2.9000E+00
             13                  3               4608         3.6500E+00
             13                  4               9646         4.5000E+00
             13                  5              16499         5.4500E+00
             13                  6              20417         6.5000E+00
             13                  7              18828         7.6500E+00
             13                  8              14360         8.9000E+00
             13                  9               8482         1.0250E+01
             13                 10               3943         1.1700E+01
             13                 11               1428         1.3250E+01
             13                 12                614         1.4900E+01
             13                 13                197         1.6650E+01
             13                 14                 42         1.8500E+01
             13                 15                 21         2.0450E+01
             14                  0                 20         2.0500E+00
             14                  1                167         2.6000E+00
             14                  2                618         3.2500E+00
             14                  3               1518         4.0000E+00
             14                  4               3612         4.8500E+00
             14                  5               5807         5.8000E+00
             14                  6               6040         6.8500E+00
             14                  7               5642         8.0000E+00
             14                  8               3979         9.2500E+00
             14                  9               2675         1.0600E+01
             14                 10               1549         1.2050E+01
             14                 11                676         1.3600E+01
             14                 12                212         1.5250E+01
             14                 13                 88         1.7000E+01
             14                 14                 40         1.8850E+01
             14                 15                  1         2.0800E+01
             15                  0                 12         2.5000E+00
             15                  1                 47         3.0500E+00
             15                  2                110         3.7000E+00
             15                  3                527         4.4500E+00
             15                  4                927         5.3000E+00
             15                  5               1540         6.2500E+00
             15                  6               1307         7.3000E+00
             15                  7               1149         8.4500E+00
             15                  8                900         9.7000E+00
             15                  9                566         1.1050E+01
             15                 10                394         1.2500E+01
             15                 11                184         1.4050E+01
             15                 12                 33         1.5700E+01
             15                 13                 27         1.7450E+01
             15                 14                  4         1.9300E+01
             16                  1                  2         3.6000E+00
             16                  2                 39         4.2500E+00
             16                  3                 91         5.0000E+00
             16                  4                261         5.8500E+00
             16                  5                399         6.8000E+00
             16                  6                337         7.8500E+00
             16                  7                276         9.0000E+00
             16                  8                132         1.0250E+01
             16                  9                 75         1.1600E+01
             16                 10                 32         1.3050E+01
             16                 11                  9         1.4600E+01
             16                 13                  1         1.8000E+01
             16                 14                  4         1.9850E+01
             17                  2                  1         4.9000E+00
             17                  3                  9         5.6500E+00
             17                  4                 49         6.5000E+00
             17                  5                 39         7.4500E+00
             17                  6                 36         8.5000E+00
             17                  7                 49         9.6500E+00
             17                  8                 50         1.0900E+01
             17                  9                 24         1.2250E+01
             17                 11                  1         1.5250E+01
             18                  3                  7         6.4000E+00
             18                  4                 14         7.2500E+00
             18                  5                  6         8.2000E+00
             18                  6                  4         9.2500E+00
             18                  7                  5         1.0400E+01
             18                  8                  9         1.1650E+01
             18                  9                  1         1.3000E+01
