  #Crystal Size      Water Content              Count               Bias
              9                 13                  4         9.2500E+00
              9                 14                  2         1.0100E+01
              9                 16                  1         1.2100E+01
             10                 13                  5         8.2000E+00
             10                 14                  9         9.0500E+00
             10                 15                  4         1.0000E+01
             10                 16                  9         1.1050E+01
             10                 17                  5         1.2200E+01
             10                 18                  4         1.3450E+01
             11                 12                  1         6.5000E+00
             11                 13                 26         7.2500E+00
             11                 14                121         8.1000E+00
             11                 15                150         9.0500E+00
             11                 16                 74         1.0100E+01
             11                 17                 27         1.1250E+01
             11                 18                 23         1.2500E+01
             11                 19                  5         1.3850E+01
             11                 20                  2         1.5300E+01
             12                 11                  7         5.0000E+00
             12                 12                 23         5.6500E+00
             12                 13                180         6.4000E+00
             12                 14                398         7.2500E+00
             12                 15                511         8.2000E+00
             12                 16                444         9.2500E+00
             12                 17                205         1.0400E+01
             12                 18                 94         1.1650E+01
             12                 19                 52         1.3000E+01
             12                 20                 30         1.4450E+01
             12                 21                  1         1.6000E+01
             13                 10                  4         3.7000E+00
             13                 11                 40         4.2500E+00
             13                 12                208         4.9000E+00
             13                 13                699         5.6500E+00
             13                 14               1471         6.5000E+00
             13                 15               2030         7.4500E+00
             13                 16               1809         8.5000E+00
             13                 17               1087         9.6500E+00
             13                 18                623         1.0900E+01
             13                 19                265         1.2250E+01
             13                 20                108         1.3700E+01
             13                 21                 28         1.5250E+01
             13                 22                  7         1.6900E+01
             13                 23                  7         1.8650E+01
             14                  9                  3         2.6000E+00
             14                 10                 34         3.0500E+00
             14                 11                185         3.6000E+00
             14                 12                915         4.2500E+00
             14                 13               2882         5.0000E+00
             14                 14               5945         5.8500E+00
             14                 15               8254         6.8000E+00
             14                 16               7289         7.8500E+00
             14                 17               5292         9.0000E+00
             14                 18               3098         1.0250E+01
             14                 19               1673         1.1600E+01
             14                 20                708         1.3050E+01
             14                 21                162         1.4600E+01
             14                 22                 31         1.6250E+01
             14                 23                 17         1.8000E+01
             15                  9                 19         2.0500E+00
             15                 10                 89         2.5000E+00
             15                 11                677         3.0500E+00
             15                 12               3131         3.7000E+00
             15                 13               9029         4.4500E+00
             15                 14              17967         5.3000E+00
             15                 15              25330         6.2500E+00
             15                 16              24877         7.3000E+00
             15                 17              19674         8.4500E+00
             15                 18              12928         9.7000E+00
             15                 19               7078         1.1050E+01
             15                 20               2937         1.2500E+01
             15                 21                878         1.4050E+01
             15                 22                260         1.5700E+01
             15                 23                 79         1.7450E+01
             15                 24                  4         1.9300E+01
             16                  8                  1         1.2500E+00
             16                  9                 27         1.6000E+00
             16                 10                338         2.0500E+00
             16                 11               1916         2.6000E+00
             16                 12               8942         3.2500E+00
             16                 13              23957         4.0000E+00
             16                 14              46479         4.8500E+00
             16                 15              64921         5.8000E+00
             16                 16              67948         6.8500E+00
             16                 17              55823         8.0000E+00
             16                 18              38511         9.2500E+00
             16                 19              23302         1.0600E+01
             16                 20              10027         1.2050E+01
             16                 21               3410         1.3600E+01
             16                 22                856         1.5250E+01
             16                 23                227         1.7000E+01
             16                 24                 34         1.8850E+01
             16                 25                  4         2.0800E+01
             17                  7                  5         6.5000E-01
             17                  8                 20         9.0000E-01
             17                  9                165         1.2500E+00
             17                 10                995         1.7000E+00
             17                 11               4508         2.2500E+00
             17                 12              16877         2.9000E+00
             17                 13              44219         3.6500E+00
             17                 14              82620         4.5000E+00
             17                 15             118696         5.4500E+00
             17                 16             130311         6.5000E+00
             17                 17             112541         7.6500E+00
             17                 18              82379         8.9000E+00
             17                 19              49842         1.0250E+01
             17                 20              22408         1.1700E+01
             17                 21               7886         1.3250E+01
             17                 22               2273         1.4900E+01
             17                 23                503         1.6650E+01
             17                 24                109         1.8500E+01
             17                 25                 70         2.0450E+01
             17                 26                  3         2.2500E+01
             18                  7                  4         4.0000E-01
             18                  8                 72         6.5000E-01
             18                  9                501         1.0000E+00
             18                 10               2488         1.4500E+00
             18                 11               9056         2.0000E+00
             18                 12              27007         2.6500E+00
             18                 13              63417         3.4000E+00
             18                 14             111652         4.2500E+00
             18                 15             156376         5.2000E+00
             18                 16             175594         6.2500E+00
             18                 17             158321         7.4000E+00
             18                 18             118133         8.6500E+00
             18                 19              71097         1.0000E+01
             18                 20              32066         1.1450E+01
             18                 21              11391         1.3000E+01
             18                 22               3095         1.4650E+01
             18                 23                518         1.6400E+01
             18                 24                134         1.8250E+01
             18                 25                 26         2.0200E+01
             19                  7                  6         2.5000E-01
             19                  8                157         5.0000E-01
             19                  9                810         8.5000E-01
             19                 10               3848         1.3000E+00
             19                 11              14183         1.8500E+00
             19                 12              38056         2.5000E+00
             19                 13              74157         3.2500E+00
             19                 14             119137         4.1000E+00
             19                 15             160120         5.0500E+00
             19                 16             175391         6.1000E+00
             19                 17             154752         7.2500E+00
             19                 18             110570         8.5000E+00
             19                 19              60913         9.8500E+00
             19                 20              26293         1.1300E+01
             19                 21               9441         1.2850E+01
             19                 22               2674         1.4500E+01
             19                 23                701         1.6250E+01
             19                 24                158         1.8100E+01
             19                 25                 18         2.0050E+01
             20                  7                  9         2.0000E-01
             20                  8                248         4.5000E-01
             20                  9               1535         8.0000E-01
             20                 10               6277         1.2500E+00
             20                 11              20429         1.8000E+00
             20                 12              46393         2.4500E+00
             20                 13              80085         3.2000E+00
             20                 14             111735         4.0500E+00
             20                 15             128947         5.0000E+00
             20                 16             126885         6.0500E+00
             20                 17             100882         7.2000E+00
             20                 18              65442         8.4500E+00
             20                 19              32604         9.8000E+00
             20                 20              13548         1.1250E+01
             20                 21               3971         1.2800E+01
             20                 22               1219         1.4450E+01
             20                 23                251         1.6200E+01
             20                 24                 36         1.8050E+01
             20                 25                  9         2.0000E+01
             21                  7                 41         2.5000E-01
             21                  8                285         5.0000E-01
             21                  9               1920         8.5000E-01
             21                 10               8008         1.3000E+00
             21                 11              24058         1.8500E+00
             21                 12              49898         2.5000E+00
             21                 13              77742         3.2500E+00
             21                 14              93468         4.1000E+00
             21                 15              92196         5.0500E+00
             21                 16              74712         6.1000E+00
             21                 17              49040         7.2500E+00
             21                 18              27796         8.5000E+00
             21                 19              13422         9.8500E+00
             21                 20               4858         1.1300E+01
             21                 21               1702         1.2850E+01
             21                 22                362         1.4500E+01
             21                 23                 51         1.6250E+01
             21                 24                  2         1.8100E+01
             22                  6                  1         2.5000E-01
             22                  7                 27         4.0000E-01
             22                  8                246         6.5000E-01
             22                  9               2007         1.0000E+00
             22                 10               8168         1.4500E+00
             22                 11              22988         2.0000E+00
             22                 12              45532         2.6500E+00
             22                 13              64084         3.4000E+00
             22                 14              68254         4.2500E+00
             22                 15              57872         5.2000E+00
             22                 16              38893         6.2500E+00
             22                 17              22672         7.4000E+00
             22                 18              10183         8.6500E+00
             22                 19               3794         1.0000E+01
             22                 20               1205         1.1450E+01
             22                 21                311         1.3000E+01
             22                 22                 48         1.4650E+01
             22                 23                 15         1.6400E+01
             23                  6                 16         5.0000E-01
             23                  7                 40         6.5000E-01
             23                  8                276         9.0000E-01
             23                  9               1620         1.2500E+00
             23                 10               6296         1.7000E+00
             23                 11              16282         2.2500E+00
             23                 12              30645         2.9000E+00
             23                 13              41530         3.6500E+00
             23                 14              40961         4.5000E+00
             23                 15              29787         5.4500E+00
             23                 16              17459         6.5000E+00
             23                 17               8427         7.6500E+00
             23                 18               3560         8.9000E+00
             23                 19               1055         1.0250E+01
             23                 20                271         1.1700E+01
             23                 21                 72         1.3250E+01
             23                 22                  7         1.4900E+01
             23                 23                  1         1.6650E+01
             24                  6                  2         8.5000E-01
             24                  7                 52         1.0000E+00
             24                  8                193         1.2500E+00
             24                  9               1052         1.6000E+00
             24                 10               3147         2.0500E+00
             24                 11               7880         2.6000E+00
             24                 12              13779         3.2500E+00
             24                 13              17857         4.0000E+00
             24                 14              17023         4.8500E+00
             24                 15              11744         5.8000E+00
             24                 16               5524         6.8500E+00
             24                 17               2498         8.0000E+00
             24                 18                758         9.2500E+00
             24                 19                230         1.0600E+01
             24                 20                 99         1.2050E+01
             24                 21                 52         1.3600E+01
             25                  7                  7         1.4500E+00
             25                  8                112         1.7000E+00
             25                  9                426         2.0500E+00
             25                 10                934         2.5000E+00
             25                 11               2121         3.0500E+00
             25                 12               4067         3.7000E+00
             25                 13               5073         4.4500E+00
             25                 14               4494         5.3000E+00
             25                 15               2850         6.2500E+00
             25                 16               1296         7.3000E+00
             25                 17                510         8.4500E+00
             25                 18                149         9.7000E+00
             25                 19                 24         1.1050E+01
             25                 20                  5         1.2500E+01
             25                 21                  2         1.4050E+01
             26                  7                  1         2.0000E+00
             26                  8                 21         2.2500E+00
             26                  9                 90         2.6000E+00
             26                 10                144         3.0500E+00
             26                 11                348         3.6000E+00
             26                 12                655         4.2500E+00
             26                 13                812         5.0000E+00
             26                 14                717         5.8500E+00
             26                 15                415         6.8000E+00
             26                 16                199         7.8500E+00
             26                 17                 33         9.0000E+00
             26                 18                  7         1.0250E+01
             26                 19                  1         1.1600E+01
             27                  9                  3         3.2500E+00
             27                 10                 23         3.7000E+00
             27                 11                 20         4.2500E+00
             27                 12                 38         4.9000E+00
             27                 13                 73         5.6500E+00
             27                 14                 15         6.5000E+00
             27                 15                  4         7.4500E+00
             27                 16                 11         8.5000E+00
             27                 17                  4         9.6500E+00
             28                 10                  1         4.4500E+00
