  #Crystal Size      Water Content              Count               Bias
              8                  9                  6         1.1250E+01
              9                  6                  8         7.8500E+00
              9                  7                 15         8.5000E+00
              9                  8                  4         9.2500E+00
              9                  9                  2         1.0100E+01
              9                 10                 18         1.1050E+01
              9                 11                  1         1.2100E+01
              9                 13                  2         1.4500E+01
              9                 14                 10         1.5850E+01
              9                 15                  4         1.7300E+01
             10                  3                  1         5.4500E+00
             10                  5                 11         6.2500E+00
             10                  6                 55         6.8000E+00
             10                  7                 80         7.4500E+00
             10                  8                 56         8.2000E+00
             10                  9                 67         9.0500E+00
             10                 10                 37         1.0000E+01
             10                 11                 34         1.1050E+01
             10                 12                 12         1.2200E+01
             10                 13                 38         1.3450E+01
             10                 14                 81         1.4800E+01
             10                 15                 40         1.6250E+01
             10                 16                 23         1.7800E+01
             10                 17                  1         1.9450E+01
             11                  3                  7         4.5000E+00
             11                  4                 39         4.8500E+00
             11                  5                116         5.3000E+00
             11                  6                371         5.8500E+00
             11                  7                622         6.5000E+00
             11                  8                562         7.2500E+00
             11                  9                531         8.1000E+00
             11                 10                383         9.0500E+00
             11                 11                158         1.0100E+01
             11                 12                122         1.1250E+01
             11                 13                145         1.2500E+01
             11                 14                257         1.3850E+01
             11                 15                230         1.5300E+01
             11                 16                156         1.6850E+01
             11                 17                 21         1.8500E+01
             11                 18                  8         2.0250E+01
             12                  2                  6         3.4000E+00
             12                  3                 29         3.6500E+00
             12                  4                177         4.0000E+00
             12                  5                468         4.4500E+00
             12                  6               1341         5.0000E+00
             12                  7               2203         5.6500E+00
             12                  8               1942         6.4000E+00
             12                  9               1719         7.2500E+00
             12                 10               1409         8.2000E+00
             12                 11               1071         9.2500E+00
             12                 12                643         1.0400E+01
             12                 13                745         1.1650E+01
             12                 14                877         1.3000E+01
             12                 15                854         1.4450E+01
             12                 16                511         1.6000E+01
             12                 17                242         1.7650E+01
             12                 18                 32         1.9400E+01
             13                  2                  9         2.6500E+00
             13                  3                 28         2.9000E+00
             13                  4                269         3.2500E+00
             13                  5                949         3.7000E+00
             13                  6               2544         4.2500E+00
             13                  7               4797         4.9000E+00
             13                  8               4428         5.6500E+00
             13                  9               4263         6.5000E+00
             13                 10               4601         7.4500E+00
             13                 11               4053         8.5000E+00
             13                 12               3156         9.6500E+00
             13                 13               2776         1.0900E+01
             13                 14               2529         1.2250E+01
             13                 15               2181         1.3700E+01
             13                 16               1568         1.5250E+01
             13                 17                595         1.6900E+01
             13                 18                 75         1.8650E+01
             13                 19                  4         2.0500E+01
             13                 20                  2         2.2450E+01
             14                  3                 15         2.2500E+00
             14                  4                283         2.6000E+00
             14                  5                975         3.0500E+00
             14                  6               2619         3.6000E+00
             14                  7               4126         4.2500E+00
             14                  8               5474         5.0000E+00
             14                  9               7614         5.8500E+00
             14                 10               9937         6.8000E+00
             14                 11              11704         7.8500E+00
             14                 12               9737         9.0000E+00
             14                 13               8004         1.0250E+01
             14                 14               6353         1.1600E+01
             14                 15               4703         1.3050E+01
             14                 16               3319         1.4600E+01
             14                 17               1140         1.6250E+01
             14                 18                332         1.8000E+01
             14                 19                 53         1.9850E+01
             14                 20                  3         2.1800E+01
             15                  2                  2         1.4500E+00
             15                  3                 26         1.7000E+00
             15                  4                318         2.0500E+00
             15                  5                985         2.5000E+00
             15                  6               2389         3.0500E+00
             15                  7               4009         3.7000E+00
             15                  8               8173         4.4500E+00
             15                  9              13756         5.3000E+00
             15                 10              21043         6.2500E+00
             15                 11              25696         7.3000E+00
             15                 12              24825         8.4500E+00
             15                 13              19319         9.7000E+00
             15                 14              13327         1.1050E+01
             15                 15               8635         1.2500E+01
             15                 16               5551         1.4050E+01
             15                 17               1897         1.5700E+01
             15                 18                574         1.7450E+01
             15                 19                184         1.9300E+01
             15                 20                  9         2.1250E+01
             16                  2                 12         1.0000E+00
             16                  3                 78         1.2500E+00
             16                  4                486         1.6000E+00
             16                  5               1638         2.0500E+00
             16                  6               3510         2.6000E+00
             16                  7               6336         3.2500E+00
             16                  8              13346         4.0000E+00
             16                  9              26478         4.8500E+00
             16                 10              42273         5.8000E+00
             16                 11              52109         6.8500E+00
             16                 12              49337         8.0000E+00
             16                 13              38636         9.2500E+00
             16                 14              25515         1.0600E+01
             16                 15              14084         1.2050E+01
             16                 16               7106         1.3600E+01
             16                 17               2501         1.5250E+01
             16                 18                907         1.7000E+01
             16                 19                153         1.8850E+01
             16                 20                 16         2.0800E+01
             17                  2                 19         6.5000E-01
             17                  3                145         9.0000E-01
             17                  4                735         1.2500E+00
             17                  5               2437         1.7000E+00
             17                  6               5878         2.2500E+00
             17                  7              12213         2.9000E+00
             17                  8              25305         3.6500E+00
             17                  9              48296         4.5000E+00
             17                 10              75654         5.4500E+00
             17                 11              89512         6.5000E+00
             17                 12              83554         7.6500E+00
             17                 13              62630         8.9000E+00
             17                 14              39175         1.0250E+01
             17                 15              20016         1.1700E+01
             17                 16               8531         1.3250E+01
             17                 17               3297         1.4900E+01
             17                 18               1096         1.6650E+01
             17                 19                278         1.8500E+01
             17                 20                 50         2.0450E+01
             18                  2                  8         4.0000E-01
             18                  3                279         6.5000E-01
             18                  4               1124         1.0000E+00
             18                  5               3924         1.4500E+00
             18                  6              10215         2.0000E+00
             18                  7              22204         2.6500E+00
             18                  8              45786         3.4000E+00
             18                  9              80254         4.2500E+00
             18                 10             114071         5.2000E+00
             18                 11             126820         6.2500E+00
             18                 12             110554         7.4000E+00
             18                 13              79868         8.6500E+00
             18                 14              48558         1.0000E+01
             18                 15              23408         1.1450E+01
             18                 16               9024         1.3000E+01
             18                 17               3126         1.4650E+01
             18                 18                812         1.6400E+01
             18                 19                118         1.8250E+01
             18                 20                 13         2.0200E+01
             18                 21                  2         2.2250E+01
             19                  2                 11         2.5000E-01
             19                  3                161         5.0000E-01
             19                  4               1003         8.5000E-01
             19                  5               5090         1.3000E+00
             19                  6              15834         1.8500E+00
             19                  7              37423         2.5000E+00
             19                  8              70764         3.2500E+00
             19                  9             109534         4.1000E+00
             19                 10             137940         5.0500E+00
             19                 11             142847         6.1000E+00
             19                 12             116119         7.2500E+00
             19                 13              77778         8.5000E+00
             19                 14              43725         9.8500E+00
             19                 15              19847         1.1300E+01
             19                 16               6796         1.2850E+01
             19                 17               1550         1.4500E+01
             19                 18                434         1.6250E+01
             19                 19                 36         1.8100E+01
             20                  2                  3         2.0000E-01
             20                  3                157         4.5000E-01
             20                  4               1240         8.0000E-01
             20                  5               6112         1.2500E+00
             20                  6              21078         1.8000E+00
             20                  7              51163         2.4500E+00
             20                  8              89857         3.2000E+00
             20                  9             125463         4.0500E+00
             20                 10             140826         5.0000E+00
             20                 11             132069         6.0500E+00
             20                 12              97653         7.2000E+00
             20                 13              58668         8.4500E+00
             20                 14              29723         9.8000E+00
             20                 15              12089         1.1250E+01
             20                 16               3776         1.2800E+01
             20                 17                903         1.4450E+01
             20                 18                210         1.6200E+01
             20                 19                 57         1.8050E+01
             20                 20                  3         2.0000E+01
             21                  2                  2         2.5000E-01
             21                  3                154         5.0000E-01
             21                  4               1245         8.5000E-01
             21                  5               6817         1.3000E+00
             21                  6              24489         1.8500E+00
             21                  7              58078         2.5000E+00
             21                  8              98885         3.2500E+00
             21                  9             125308         4.1000E+00
             21                 10             126658         5.0500E+00
             21                 11             104288         6.1000E+00
             21                 12              69657         7.2500E+00
             21                 13              39845         8.5000E+00
             21                 14              17955         9.8500E+00
             21                 15               7002         1.1300E+01
             21                 16               2233         1.2850E+01
             21                 17                603         1.4500E+01
             21                 18                 86         1.6250E+01
             21                 19                 31         1.8100E+01
             21                 20                  5         2.0050E+01
             22                  3                139         6.5000E-01
             22                  4               1283         1.0000E+00
             22                  5               6882         1.4500E+00
             22                  6              24602         2.0000E+00
             22                  7              54440         2.6500E+00
             22                  8              88337         3.4000E+00
             22                  9             104743         4.2500E+00
             22                 10              95882         5.2000E+00
             22                 11              69807         6.2500E+00
             22                 12              42335         7.4000E+00
             22                 13              23885         8.6500E+00
             22                 14              11001         1.0000E+01
             22                 15               4174         1.1450E+01
             22                 16               1269         1.3000E+01
             22                 17                328         1.4650E+01
             22                 18                 32         1.6400E+01
             23                  2                  4         6.5000E-01
             23                  3                107         9.0000E-01
             23                  4                937         1.2500E+00
             23                  5               4684         1.7000E+00
             23                  6              16894         2.2500E+00
             23                  7              39348         2.9000E+00
             23                  8              63147         3.6500E+00
             23                  9              68094         4.5000E+00
             23                 10              55244         5.4500E+00
             23                 11              35942         6.5000E+00
             23                 12              19965         7.6500E+00
             23                 13              10076         8.9000E+00
             23                 14               4502         1.0250E+01
             23                 15               1751         1.1700E+01
             23                 16                524         1.3250E+01
             23                 17                103         1.4900E+01
             23                 18                  1         1.6650E+01
             24                  2                  5         1.0000E+00
             24                  3                 95         1.2500E+00
             24                  4                458         1.6000E+00
             24                  5               2592         2.0500E+00
             24                  6               8589         2.6000E+00
             24                  7              19682         3.2500E+00
             24                  8              30221         4.0000E+00
             24                  9              30151         4.8500E+00
             24                 10              22233         5.8000E+00
             24                 11              13300         6.8500E+00
             24                 12               6513         8.0000E+00
             24                 13               3156         9.2500E+00
             24                 14               1113         1.0600E+01
             24                 15                480         1.2050E+01
             24                 16                116         1.3600E+01
             24                 17                 13         1.5250E+01
             25                  3                 13         1.7000E+00
             25                  4                110         2.0500E+00
             25                  5                701         2.5000E+00
             25                  6               2722         3.0500E+00
             25                  7               5680         3.7000E+00
             25                  8               8250         4.4500E+00
             25                  9               8019         5.3000E+00
             25                 10               5211         6.2500E+00
             25                 11               2742         7.3000E+00
             25                 12               1333         8.4500E+00
             25                 13                511         9.7000E+00
             25                 14                247         1.1050E+01
             25                 15                 41         1.2500E+01
             26                  4                 12         2.6000E+00
             26                  5                140         3.0500E+00
             26                  6                530         3.6000E+00
             26                  7               1051         4.2500E+00
             26                  8               1575         5.0000E+00
             26                  9               1209         5.8500E+00
             26                 10                729         6.8000E+00
             26                 11                230         7.8500E+00
             26                 12                 93         9.0000E+00
             26                 13                 23         1.0250E+01
             26                 14                  2         1.1600E+01
             27                  5                 10         3.7000E+00
             27                  6                 38         4.2500E+00
             27                  7                 60         4.9000E+00
             27                  8                101         5.6500E+00
             27                  9                 66         6.5000E+00
             27                 10                 28         7.4500E+00
             27                 11                  3         8.5000E+00
             28                  7                  3         5.6500E+00
             28                  8                  4         6.4000E+00
             28                  9                  1         7.2500E+00
             28                 10                  1         8.2000E+00
