  #Crystal Size      Water Content              Count               Bias
              9                  0                  3         1.7300E+01
              9                  1                  3         1.8850E+01
              9                  2                  6         2.0500E+01
             10                 -1                 10         1.4800E+01
             10                  0                 44         1.6250E+01
             10                  1                 43         1.7800E+01
             10                  2                 57         1.9450E+01
             10                  3                 30         2.1200E+01
             10                  4                 10         2.3050E+01
             11                 -2                 24         1.2500E+01
             11                 -1                 86         1.3850E+01
             11                  0                519         1.5300E+01
             11                  1                467         1.6850E+01
             11                  2                387         1.8500E+01
             11                  3                224         2.0250E+01
             11                  4                 98         2.2100E+01
             11                  5                 17         2.4050E+01
             11                  6                  4         2.6100E+01
             11                  7                  1         2.8250E+01
             12                 -3                  7         1.0400E+01
             12                 -2                 48         1.1650E+01
             12                 -1                261         1.3000E+01
             12                  0               3347         1.4450E+01
             12                  1               2800         1.6000E+01
             12                  2               2150         1.7650E+01
             12                  3                972         1.9400E+01
             12                  4                426         2.1250E+01
             12                  5                118         2.3200E+01
             12                  6                 26         2.5250E+01
             12                  7                 17         2.7400E+01
             12                  8                  1         2.9650E+01
             13                 -3                 22         9.6500E+00
             13                 -2                220         1.0900E+01
             13                 -1                822         1.2250E+01
             13                  0              14174         1.3700E+01
             13                  1              12827         1.5250E+01
             13                  2               9204         1.6900E+01
             13                  3               4219         1.8650E+01
             13                  4               1620         2.0500E+01
             13                  5                453         2.2450E+01
             13                  6                144         2.4500E+01
             13                  7                 18         2.6650E+01
             14                 -4                  1         7.8500E+00
             14                 -3                 67         9.0000E+00
             14                 -2                598         1.0250E+01
             14                 -1               2482         1.1600E+01
             14                  0              41748         1.3050E+01
             14                  1              37284         1.4600E+01
             14                  2              27946         1.6250E+01
             14                  3              14365         1.8000E+01
             14                  4               5438         1.9850E+01
             14                  5               1595         2.1800E+01
             14                  6                441         2.3850E+01
             14                  7                 52         2.6000E+01
             14                  8                 10         2.8250E+01
             15                 -4                 11         7.3000E+00
             15                 -3                247         8.4500E+00
             15                 -2               1788         9.7000E+00
             15                 -1               6344         1.1050E+01
             15                  0              97131         1.2500E+01
             15                  1              87058         1.4050E+01
             15                  2              63881         1.5700E+01
             15                  3              33171         1.7450E+01
             15                  4              11711         1.9300E+01
             15                  5               3422         2.1250E+01
             15                  6                838         2.3300E+01
             15                  7                101         2.5450E+01
             15                  8                 11         2.7700E+01
             16                 -4                 43         6.8500E+00
             16                 -3                492         8.0000E+00
             16                 -2               3556         9.2500E+00
             16                 -1              12106         1.0600E+01
             16                  0             183515         1.2050E+01
             16                  1             159206         1.3600E+01
             16                  2             112090         1.5250E+01
             16                  3              56391         1.7000E+01
             16                  4              19476         1.8850E+01
             16                  5               5554         2.0800E+01
             16                  6               1119         2.2850E+01
             16                  7                160         2.5000E+01
             16                  8                 39         2.7250E+01
             17                 -5                  2         5.4500E+00
             17                 -4                 52         6.5000E+00
             17                 -3                651         7.6500E+00
             17                 -2               5500         8.9000E+00
             17                 -1              19150         1.0250E+01
             17                  0             287009         1.1700E+01
             17                  1             235980         1.3250E+01
             17                  2             154664         1.4900E+01
             17                  3              73511         1.6650E+01
             17                  4              24605         1.8500E+01
             17                  5               6823         2.0450E+01
             17                  6               1454         2.2500E+01
             17                  7                262         2.4650E+01
             17                  8                 20         2.6900E+01
             18                 -5                 14         5.2000E+00
             18                 -4                 61         6.2500E+00
             18                 -3               1060         7.4000E+00
             18                 -2               6919         8.6500E+00
             18                 -1              26431         1.0000E+01
             18                  0             377738         1.1450E+01
             18                  1             289753         1.3000E+01
             18                  2             178561         1.4650E+01
             18                  3              77997         1.6400E+01
             18                  4              24972         1.8250E+01
             18                  5               6561         2.0200E+01
             18                  6               1463         2.2250E+01
             18                  7                305         2.4400E+01
             18                  8                 14         2.6650E+01
             19                 -4                 66         6.1000E+00
             19                 -3                863         7.2500E+00
             19                 -2               6908         8.5000E+00
             19                 -1              26956         9.8500E+00
             19                  0             403532         1.1300E+01
             19                  1             291220         1.2850E+01
             19                  2             166157         1.4500E+01
             19                  3              65940         1.6250E+01
             19                  4              20169         1.8100E+01
             19                  5               5269         2.0050E+01
             19                  6                931         2.2100E+01
             19                  7                180         2.4250E+01
             19                  8                  7         2.6500E+01
             20                 -4                 68         6.0500E+00
             20                 -3                562         7.2000E+00
             20                 -2               5593         8.4500E+00
             20                 -1              21768         9.8000E+00
             20                  0             310972         1.1250E+01
             20                  1             217034         1.2800E+01
             20                  2             114214         1.4450E+01
             20                  3              41897         1.6200E+01
             20                  4              11858         1.8050E+01
             20                  5               3027         2.0000E+01
             20                  6                606         2.2050E+01
             20                  7                115         2.4200E+01
             20                  8                  6         2.6450E+01
             21                 -4                  2         6.1000E+00
             21                 -3                354         7.2500E+00
             21                 -2               2872         8.5000E+00
             21                 -1              10040         9.8500E+00
             21                  0             151412         1.1300E+01
             21                  1             103759         1.2850E+01
             21                  2              52003         1.4500E+01
             21                  3              17927         1.6250E+01
             21                  4               5089         1.8100E+01
             21                  5               1146         2.0050E+01
             21                  6                287         2.2100E+01
             21                  7                 37         2.4250E+01
             21                  8                  1         2.6500E+01
             22                 -3                 98         7.4000E+00
             22                 -2                783         8.6500E+00
             22                 -1               3016         1.0000E+01
             22                  0              36259         1.1450E+01
             22                  1              24135         1.3000E+01
             22                  2              12000         1.4650E+01
             22                  3               4412         1.6400E+01
             22                  4               1309         1.8250E+01
             22                  5                372         2.0200E+01
             22                  6                123         2.2250E+01
             22                  7                 40         2.4400E+01
             22                  8                  6         2.6650E+01
             23                 -3                 13         7.6500E+00
             23                 -2                105         8.9000E+00
             23                 -1                278         1.0250E+01
             23                  0               2789         1.1700E+01
             23                  1               1965         1.3250E+01
             23                  2               1253         1.4900E+01
             23                  3                406         1.6650E+01
             23                  4                114         1.8500E+01
             23                  5                 49         2.0450E+01
             23                  6                 26         2.2500E+01
             23                  7                  4         2.4650E+01
             24                 -3                  4         8.0000E+00
             24                 -2                 11         9.2500E+00
             24                 -1                 22         1.0600E+01
             24                  0                259         1.2050E+01
             24                  1                149         1.3600E+01
             24                  2                113         1.5250E+01
             24                  3                 17         1.7000E+01
             24                  4                 24         1.8850E+01
             24                  5                 23         2.0800E+01
             25                 -1                  1         1.1050E+01
             25                  0                  7         1.2500E+01
             25                  1                 10         1.4050E+01
             25                  2                  7         1.5700E+01
             25                  3                  1         1.7450E+01
             26                  1                  1         1.4600E+01
