  #Crystal Size      Water Content              Count               Bias
              7                 21                  1         1.4500E+01
              7                 26                  1         2.1250E+01
              8                 21                  2         1.3250E+01
              8                 22                  4         1.4400E+01
              8                 24                  1         1.7000E+01
              8                 25                  2         1.8450E+01
              8                 26                  4         2.0000E+01
              9                 14                  2         6.8500E+00
              9                 15                  4         7.3000E+00
              9                 18                  3         9.2500E+00
              9                 19                  1         1.0100E+01
              9                 20                  9         1.1050E+01
              9                 21                 16         1.2100E+01
              9                 22                 34         1.3250E+01
              9                 23                 43         1.4500E+01
              9                 24                 18         1.5850E+01
              9                 25                  5         1.7300E+01
              9                 26                 25         1.8850E+01
              9                 27                  8         2.0500E+01
              9                 28                 19         2.2250E+01
              9                 29                  7         2.4100E+01
             10                 13                  1         5.4500E+00
             10                 14                  2         5.8000E+00
             10                 15                  3         6.2500E+00
             10                 16                  9         6.8000E+00
             10                 17                 44         7.4500E+00
             10                 18                 69         8.2000E+00
             10                 19                 42         9.0500E+00
             10                 20                 43         1.0000E+01
             10                 21                101         1.1050E+01
             10                 22                272         1.2200E+01
             10                 23                372         1.3450E+01
             10                 24                262         1.4800E+01
             10                 25                111         1.6250E+01
             10                 26                 30         1.7800E+01
             10                 27                 23         1.9450E+01
             10                 28                 28         2.1200E+01
             10                 29                 16         2.3050E+01
             10                 30                  1         2.5000E+01
             11                 12                 18         4.2500E+00
             11                 13                 26         4.5000E+00
             11                 14                 66         4.8500E+00
             11                 15                126         5.3000E+00
             11                 16                149         5.8500E+00
             11                 17                220         6.5000E+00
             11                 18                264         7.2500E+00
             11                 19                363         8.1000E+00
             11                 20                380         9.0500E+00
             11                 21                603         1.0100E+01
             11                 22               1071         1.1250E+01
             11                 23               1370         1.2500E+01
             11                 24                927         1.3850E+01
             11                 25                337         1.5300E+01
             11                 26                121         1.6850E+01
             11                 27                 95         1.8500E+01
             11                 28                109         2.0250E+01
             11                 29                 18         2.2100E+01
             11                 30                  3         2.4050E+01
             12                 10                  3         3.2000E+00
             12                 11                  5         3.2500E+00
             12                 12                 41         3.4000E+00
             12                 13                120         3.6500E+00
             12                 14                377         4.0000E+00
             12                 15                669         4.4500E+00
             12                 16                948         5.0000E+00
             12                 17               1449         5.6500E+00
             12                 18               1999         6.4000E+00
             12                 19               2459         7.2500E+00
             12                 20               2667         8.2000E+00
             12                 21               3372         9.2500E+00
             12                 22               3857         1.0400E+01
             12                 23               3183         1.1650E+01
             12                 24               2096         1.3000E+01
             12                 25                729         1.4450E+01
             12                 26                310         1.6000E+01
             12                 27                201         1.7650E+01
             12                 28                140         1.9400E+01
             12                 29                 69         2.1250E+01
             12                 30                 13         2.3200E+01
             13                  9                  4         2.5000E+00
             13                 10                 26         2.4500E+00
             13                 11                 21         2.5000E+00
             13                 12                151         2.6500E+00
             13                 13                582         2.9000E+00
             13                 14               1661         3.2500E+00
             13                 15               3234         3.7000E+00
             13                 16               4842         4.2500E+00
             13                 17               7056         4.9000E+00
             13                 18               8512         5.6500E+00
             13                 19               9547         6.5000E+00
             13                 20               9304         7.4500E+00
             13                 21               9361         8.5000E+00
             13                 22               8550         9.6500E+00
             13                 23               6022         1.0900E+01
             13                 24               3567         1.2250E+01
             13                 25               1232         1.3700E+01
             13                 26                532         1.5250E+01
             13                 27                196         1.6900E+01
             13                 28                156         1.8650E+01
             13                 29                 74         2.0500E+01
             13                 30                  3         2.2450E+01
             14                  9                  8         1.8500E+00
             14                 10                 33         1.8000E+00
             14                 11                139         1.8500E+00
             14                 12                543         2.0000E+00
             14                 13               1749         2.2500E+00
             14                 14               4765         2.6000E+00
             14                 15               9598         3.0500E+00
             14                 16              15937         3.6000E+00
             14                 17              23095         4.2500E+00
             14                 18              25701         5.0000E+00
             14                 19              25109         5.8500E+00
             14                 20              23288         6.8000E+00
             14                 21              19898         7.8500E+00
             14                 22              15591         9.0000E+00
             14                 23              10007         1.0250E+01
             14                 24               5066         1.1600E+01
             14                 25               1960         1.3050E+01
             14                 26                657         1.4600E+01
             14                 27                136         1.6250E+01
             14                 28                 50         1.8000E+01
             14                 29                 10         1.9850E+01
             14                 30                  1         2.1800E+01
             15                  9                 15         1.3000E+00
             15                 10                 96         1.2500E+00
             15                 11                309         1.3000E+00
             15                 12               1210         1.4500E+00
             15                 13               3322         1.7000E+00
             15                 14               8696         2.0500E+00
             15                 15              19146         2.5000E+00
             15                 16              33991         3.0500E+00
             15                 17              47733         3.7000E+00
             15                 18              55015         4.4500E+00
             15                 19              53632         5.3000E+00
             15                 20              45488         6.2500E+00
             15                 21              34677         7.3000E+00
             15                 22              25684         8.4500E+00
             15                 23              15822         9.7000E+00
             15                 24               8153         1.1050E+01
             15                 25               3156         1.2500E+01
             15                 26                998         1.4050E+01
             15                 27                215         1.5700E+01
             15                 28                 84         1.7450E+01
             15                 29                 68         1.9300E+01
             15                 30                 24         2.1250E+01
             15                 31                  3         2.3300E+01
             16                  9                 26         8.5000E-01
             16                 10                196         8.0000E-01
             16                 11                683         8.5000E-01
             16                 12               2444         1.0000E+00
             16                 13               6259         1.2500E+00
             16                 14              13935         1.6000E+00
             16                 15              30095         2.0500E+00
             16                 16              53974         2.6000E+00
             16                 17              78096         3.2500E+00
             16                 18              91659         4.0000E+00
             16                 19              88362         4.8500E+00
             16                 20              75958         5.8000E+00
             16                 21              58827         6.8500E+00
             16                 22              42287         8.0000E+00
             16                 23              25964         9.2500E+00
             16                 24              13779         1.0600E+01
             16                 25               5920         1.2050E+01
             16                 26               2277         1.3600E+01
             16                 27                531         1.5250E+01
             16                 28                226         1.7000E+01
             16                 29                 94         1.8850E+01
             16                 30                 22         2.0800E+01
             16                 31                  9         2.2850E+01
             17                  8                  5         6.5000E-01
             17                  9                 38         5.0000E-01
             17                 10                374         4.5000E-01
             17                 11               1311         5.0000E-01
             17                 12               3923         6.5000E-01
             17                 13               9798         9.0000E-01
             17                 14              20485         1.2500E+00
             17                 15              39990         1.7000E+00
             17                 16              69048         2.2500E+00
             17                 17              99295         2.9000E+00
             17                 18             117453         3.6500E+00
             17                 19             119420         4.5000E+00
             17                 20             108311         5.4500E+00
             17                 21              85179         6.5000E+00
             17                 22              61423         7.6500E+00
             17                 23              39139         8.9000E+00
             17                 24              21844         1.0250E+01
             17                 25               9774         1.1700E+01
             17                 26               3231         1.3250E+01
             17                 27                962         1.4900E+01
             17                 28                357         1.6650E+01
             17                 29                 73         1.8500E+01
             17                 30                 16         2.0450E+01
             18                  6                  1         1.0000E+00
             18                  7                  3         6.5000E-01
             18                  8                  6         4.0000E-01
             18                  9                 73         2.5000E-01
             18                 10                543         2.0000E-01
             18                 11               1824         2.5000E-01
             18                 12               5893         4.0000E-01
             18                 13              13779         6.5000E-01
             18                 14              27425         1.0000E+00
             18                 15              45553         1.4500E+00
             18                 16              71207         2.0000E+00
             18                 17              97189         2.6500E+00
             18                 18             118031         3.4000E+00
             18                 19             125082         4.2500E+00
             18                 20             116327         5.2000E+00
             18                 21              93357         6.2500E+00
             18                 22              67701         7.4000E+00
             18                 23              45420         8.6500E+00
             18                 24              25873         1.0000E+01
             18                 25              11576         1.1450E+01
             18                 26               4046         1.3000E+01
             18                 27               1079         1.4650E+01
             18                 28                392         1.6400E+01
             18                 29                 80         1.8250E+01
             18                 30                 22         2.0200E+01
             19                  6                  3         8.5000E-01
             19                  7                 20         5.0000E-01
             19                  8                 28         2.5000E-01
             19                  9                224         1.0000E-01
             19                 10                831         5.0000E-02
             19                 11               2557         1.0000E-01
             19                 12               7827         2.5000E-01
             19                 13              17356         5.0000E-01
             19                 14              32287         8.5000E-01
             19                 15              49428         1.3000E+00
             19                 16              69552         1.8500E+00
             19                 17              87623         2.5000E+00
             19                 18             100210         3.2500E+00
             19                 19             104829         4.1000E+00
             19                 20              94607         5.0500E+00
             19                 21              74566         6.1000E+00
             19                 22              55486         7.2500E+00
             19                 23              37123         8.5000E+00
             19                 24              20674         9.8500E+00
             19                 25               8529         1.1300E+01
             19                 26               2885         1.2850E+01
             19                 27                997         1.4500E+01
             19                 28                360         1.6250E+01
             19                 29                 90         1.8100E+01
             19                 30                 24         2.0050E+01
             20                  7                  6         4.5000E-01
             20                  8                 37         2.0000E-01
             20                  9                172         5.0000E-02
             20                 10                819         0.0000E+00
             20                 11               2513         5.0000E-02
             20                 12               7525         2.0000E-01
             20                 13              17520         4.5000E-01
             20                 14              32843         8.0000E-01
             20                 15              48339         1.2500E+00
             20                 16              63546         1.8000E+00
             20                 17              74361         2.4500E+00
             20                 18              80676         3.2000E+00
             20                 19              75219         4.0500E+00
             20                 20              60167         5.0000E+00
             20                 21              42936         6.0500E+00
             20                 22              30169         7.2000E+00
             20                 23              18063         8.4500E+00
             20                 24               9065         9.8000E+00
             20                 25               3810         1.1250E+01
             20                 26               1246         1.2800E+01
             20                 27                548         1.4450E+01
             20                 28                204         1.6200E+01
             20                 29                 61         1.8050E+01
             20                 30                 26         2.0000E+01
             20                 31                  1         2.2050E+01
             21                  7                  6         5.0000E-01
             21                  8                  6         2.5000E-01
             21                  9                 95         1.0000E-01
             21                 10                643         5.0000E-02
             21                 11               1690         1.0000E-01
             21                 12               4689         2.5000E-01
             21                 13              11703         5.0000E-01
             21                 14              22258         8.5000E-01
             21                 15              35488         1.3000E+00
             21                 16              49289         1.8500E+00
             21                 17              57503         2.5000E+00
             21                 18              58661         3.2500E+00
             21                 19              51404         4.1000E+00
             21                 20              35190         5.0500E+00
             21                 21              19245         6.1000E+00
             21                 22              10486         7.2500E+00
             21                 23               5378         8.5000E+00
             21                 24               2085         9.8500E+00
             21                 25                788         1.1300E+01
             21                 26                383         1.2850E+01
             21                 27                141         1.4500E+01
             21                 28                 10         1.6250E+01
             21                 29                 23         1.8100E+01
             21                 30                  1         2.0050E+01
             22                  7                  3         6.5000E-01
             22                  8                 14         4.0000E-01
             22                  9                 48         2.5000E-01
             22                 10                223         2.0000E-01
             22                 11                768         2.5000E-01
             22                 12               1988         4.0000E-01
             22                 13               5243         6.5000E-01
             22                 14              10501         1.0000E+00
             22                 15              20047         1.4500E+00
             22                 16              32323         2.0000E+00
             22                 17              38665         2.6500E+00
             22                 18              39547         3.4000E+00
             22                 19              33277         4.2500E+00
             22                 20              21818         5.2000E+00
             22                 21              10344         6.2500E+00
             22                 22               4591         7.4000E+00
             22                 23               2164         8.6500E+00
             22                 24                845         1.0000E+01
             22                 25                218         1.1450E+01
             22                 26                 41         1.3000E+01
             22                 27                  9         1.4650E+01
             23                  7                  1         9.0000E-01
             23                  8                 11         6.5000E-01
             23                  9                 21         5.0000E-01
             23                 10                 61         4.5000E-01
             23                 11                196         5.0000E-01
             23                 12                608         6.5000E-01
             23                 13               1620         9.0000E-01
             23                 14               3654         1.2500E+00
             23                 15               7957         1.7000E+00
             23                 16              14480         2.2500E+00
             23                 17              20348         2.9000E+00
             23                 18              20823         3.6500E+00
             23                 19              17334         4.5000E+00
             23                 20              11457         5.4500E+00
             23                 21               5618         6.5000E+00
             23                 22               2589         7.6500E+00
             23                 23               1335         8.9000E+00
             23                 24                705         1.0250E+01
             23                 25                302         1.1700E+01
             23                 26                 73         1.3250E+01
             23                 27                  6         1.4900E+01
             24                 10                 12         8.0000E-01
             24                 11                118         8.5000E-01
             24                 12                156         1.0000E+00
             24                 13                337         1.2500E+00
             24                 14                944         1.6000E+00
             24                 15               1996         2.0500E+00
             24                 16               3582         2.6000E+00
             24                 17               5659         3.2500E+00
             24                 18               5594         4.0000E+00
             24                 19               4887         4.8500E+00
             24                 20               3571         5.8000E+00
             24                 21               2202         6.8500E+00
             24                 22               1591         8.0000E+00
             24                 23               1132         9.2500E+00
             24                 24                764         1.0600E+01
             24                 25                399         1.2050E+01
             24                 26                128         1.3600E+01
             24                 27                  9         1.5250E+01
             25                 12                  3         1.4500E+00
             25                 13                  3         1.7000E+00
             25                 14                  8         2.0500E+00
             25                 15                 23         2.5000E+00
             25                 16                 90         3.0500E+00
             25                 17                222         3.7000E+00
             25                 18                305         4.4500E+00
             25                 19                528         5.3000E+00
             25                 20                621         6.2500E+00
             25                 21                920         7.3000E+00
             25                 22                761         8.4500E+00
             25                 23                747         9.7000E+00
             25                 24                426         1.1050E+01
             25                 25                270         1.2500E+01
             25                 26                101         1.4050E+01
             25                 27                  3         1.5700E+01
             26                 16                  4         3.6000E+00
             26                 17                 17         4.2500E+00
             26                 18                 70         5.0000E+00
             26                 19                 57         5.8500E+00
             26                 20                174         6.8000E+00
             26                 21                190         7.8500E+00
             26                 22                165         9.0000E+00
             26                 23                264         1.0250E+01
             26                 24                146         1.1600E+01
             26                 25                 93         1.3050E+01
             26                 26                  3         1.4600E+01
