  #Crystal Size      Water Content              Count               Bias
             12                  2                  4         1.6650E+01
             12                  3                  6         1.6400E+01
             12                  4                  1         1.6250E+01
             12                  7                  2         1.6400E+01
             12                  8                  1         1.6650E+01
             13                  1                  2         1.5250E+01
             13                  2                 12         1.4900E+01
             13                  3                 10         1.4650E+01
             13                  4                 15         1.4500E+01
             13                  5                  7         1.4450E+01
             13                  6                  7         1.4500E+01
             13                  7                 14         1.4650E+01
             13                  8                 32         1.4900E+01
             13                  9                 37         1.5250E+01
             13                 10                 10         1.5700E+01
             13                 11                 11         1.6250E+01
             13                 12                  3         1.6900E+01
             14                  1                  2         1.3600E+01
             14                  2                 38         1.3250E+01
             14                  3                 47         1.3000E+01
             14                  4                 89         1.2850E+01
             14                  5                114         1.2800E+01
             14                  6                128         1.2850E+01
             14                  7                154         1.3000E+01
             14                  8                200         1.3250E+01
             14                  9                227         1.3600E+01
             14                 10                173         1.4050E+01
             14                 11                134         1.4600E+01
             14                 12                 26         1.5250E+01
             14                 13                  7         1.6000E+01
             14                 14                  3         1.6850E+01
             15                  1                  2         1.2050E+01
             15                  2                 50         1.1700E+01
             15                  3                129         1.1450E+01
             15                  4                257         1.1300E+01
             15                  5                447         1.1250E+01
             15                  6                781         1.1300E+01
             15                  7               1085         1.1450E+01
             15                  8               1155         1.1700E+01
             15                  9               1069         1.2050E+01
             15                 10                791         1.2500E+01
             15                 11                625         1.3050E+01
             15                 12                283         1.3700E+01
             15                 13                128         1.4450E+01
             15                 14                 24         1.5300E+01
             15                 15                 13         1.6250E+01
             15                 16                  1         1.7300E+01
             16                  0                  2         1.1050E+01
             16                  1                 24         1.0600E+01
             16                  2                114         1.0250E+01
             16                  3                369         1.0000E+01
             16                  4               1036         9.8500E+00
             16                  5               2062         9.8000E+00
             16                  6               3689         9.8500E+00
             16                  7               4578         1.0000E+01
             16                  8               4736         1.0250E+01
             16                  9               4477         1.0600E+01
             16                 10               3471         1.1050E+01
             16                 11               2438         1.1600E+01
             16                 12               1314         1.2250E+01
             16                 13                725         1.3000E+01
             16                 14                289         1.3850E+01
             16                 15                 39         1.4800E+01
             16                 16                  7         1.5850E+01
             17                  0                  9         9.7000E+00
             17                  1                 74         9.2500E+00
             17                  2                406         8.9000E+00
             17                  3               1465         8.6500E+00
             17                  4               3795         8.5000E+00
             17                  5               7706         8.4500E+00
             17                  6              13490         8.5000E+00
             17                  7              16533         8.6500E+00
             17                  8              17544         8.9000E+00
             17                  9              15845         9.2500E+00
             17                 10              12759         9.7000E+00
             17                 11               8839         1.0250E+01
             17                 12               4628         1.0900E+01
             17                 13               2399         1.1650E+01
             17                 14                786         1.2500E+01
             17                 15                210         1.3450E+01
             17                 16                 52         1.4500E+01
             17                 17                 16         1.5650E+01
             17                 18                  4         1.6900E+01
             18                  0                 42         8.4500E+00
             18                  1                175         8.0000E+00
             18                  2               1066         7.6500E+00
             18                  3               4003         7.4000E+00
             18                  4              11573         7.2500E+00
             18                  5              21892         7.2000E+00
             18                  6              34785         7.2500E+00
             18                  7              45361         7.4000E+00
             18                  8              47978         7.6500E+00
             18                  9              43260         8.0000E+00
             18                 10              34590         8.4500E+00
             18                 11              22544         9.0000E+00
             18                 12              13281         9.6500E+00
             18                 13               6510         1.0400E+01
             18                 14               2515         1.1250E+01
             18                 15                960         1.2200E+01
             18                 16                400         1.3250E+01
             18                 17                150         1.4400E+01
             18                 18                  6         1.5650E+01
             19                  0                 46         7.3000E+00
             19                  1                449         6.8500E+00
             19                  2               2296         6.5000E+00
             19                  3               8445         6.2500E+00
             19                  4              21768         6.1000E+00
             19                  5              41215         6.0500E+00
             19                  6              64666         6.1000E+00
             19                  7              83655         6.2500E+00
             19                  8              89255         6.5000E+00
             19                  9              82067         6.8500E+00
             19                 10              64787         7.3000E+00
             19                 11              45254         7.8500E+00
             19                 12              26943         8.5000E+00
             19                 13              13822         9.2500E+00
             19                 14               6516         1.0100E+01
             19                 15               3515         1.1050E+01
             19                 16               1449         1.2100E+01
             19                 17                603         1.3250E+01
             19                 18                169         1.4500E+01
             19                 19                 42         1.5850E+01
             19                 20                  2         1.7300E+01
             20                  0                 62         6.2500E+00
             20                  1                606         5.8000E+00
             20                  2               2975         5.4500E+00
             20                  3              11210         5.2000E+00
             20                  4              27263         5.0500E+00
             20                  5              49416         5.0000E+00
             20                  6              74602         5.0500E+00
             20                  7              94254         5.2000E+00
             20                  8             100397         5.4500E+00
             20                  9              93028         5.8000E+00
             20                 10              76694         6.2500E+00
             20                 11              58595         6.8000E+00
             20                 12              41623         7.4500E+00
             20                 13              26555         8.2000E+00
             20                 14              16256         9.0500E+00
             20                 15              10084         1.0000E+01
             20                 16               4951         1.1050E+01
             20                 17               2135         1.2200E+01
             20                 18                856         1.3450E+01
             20                 19                217         1.4800E+01
             20                 20                 61         1.6250E+01
             20                 21                  7         1.7800E+01
             20                 22                  4         1.9450E+01
             21                  0                 77         5.3000E+00
             21                  1                649         4.8500E+00
             21                  2               2226         4.5000E+00
             21                  3               8950         4.2500E+00
             21                  4              20587         4.1000E+00
             21                  5              35107         4.0500E+00
             21                  6              52123         4.1000E+00
             21                  7              68492         4.2500E+00
             21                  8              74262         4.5000E+00
             21                  9              75494         4.8500E+00
             21                 10              72145         5.3000E+00
             21                 11              64989         5.8500E+00
             21                 12              56138         6.5000E+00
             21                 13              44746         7.2500E+00
             21                 14              32932         8.1000E+00
             21                 15              21621         9.0500E+00
             21                 16              11838         1.0100E+01
             21                 17               5340         1.1250E+01
             21                 18               1876         1.2500E+01
             21                 19                578         1.3850E+01
             21                 20                 84         1.5300E+01
             21                 21                 11         1.6850E+01
             21                 22                  1         1.8500E+01
             22                  0                 51         4.4500E+00
             22                  1                219         4.0000E+00
             22                  2                971         3.6500E+00
             22                  3               5001         3.4000E+00
             22                  4              11675         3.2500E+00
             22                  5              21851         3.2000E+00
             22                  6              33811         3.2500E+00
             22                  7              47733         3.4000E+00
             22                  8              62460         3.6500E+00
             22                  9              75842         4.0000E+00
             22                 10              85112         4.4500E+00
             22                 11              89972         5.0000E+00
             22                 12              86774         5.6500E+00
             22                 13              73676         6.4000E+00
             22                 14              55955         7.2500E+00
             22                 15              36201         8.2000E+00
             22                 16              19938         9.2500E+00
             22                 17               9294         1.0400E+01
             22                 18               3364         1.1650E+01
             22                 19                849         1.3000E+01
             22                 20                168         1.4450E+01
             22                 21                 21         1.6000E+01
             23                  0                 10         3.7000E+00
             23                  1                120         3.2500E+00
             23                  2                555         2.9000E+00
             23                  3               1582         2.6500E+00
             23                  4               4223         2.5000E+00
             23                  5              10032         2.4500E+00
             23                  6              19173         2.5000E+00
             23                  7              33569         2.6500E+00
             23                  8              52272         2.9000E+00
             23                  9              76074         3.2500E+00
             23                 10              97284         3.7000E+00
             23                 11             111018         4.2500E+00
             23                 12             116539         4.9000E+00
             23                 13             102108         5.6500E+00
             23                 14              78318         6.5000E+00
             23                 15              53486         7.4500E+00
             23                 16              30031         8.5000E+00
             23                 17              13342         9.6500E+00
             23                 18               4967         1.0900E+01
             23                 19               1273         1.2250E+01
             23                 20                282         1.3700E+01
             23                 21                 48         1.5250E+01
             23                 22                  2         1.6900E+01
             24                  0                 12         3.0500E+00
             24                  1                 15         2.6000E+00
             24                  2                215         2.2500E+00
             24                  3                592         2.0000E+00
             24                  4               1487         1.8500E+00
             24                  5               4138         1.8000E+00
             24                  6               9189         1.8500E+00
             24                  7              18838         2.0000E+00
             24                  8              35529         2.2500E+00
             24                  9              58186         2.6000E+00
             24                 10              79421         3.0500E+00
             24                 11              98317         3.6000E+00
             24                 12             109378         4.2500E+00
             24                 13             103701         5.0000E+00
             24                 14              82878         5.8500E+00
             24                 15              54423         6.8000E+00
             24                 16              30747         7.8500E+00
             24                 17              13815         9.0000E+00
             24                 18               4791         1.0250E+01
             24                 19               1242         1.1600E+01
             24                 20                400         1.3050E+01
             24                 21                 78         1.4600E+01
             25                  2                 52         1.7000E+00
             25                  3                180         1.4500E+00
             25                  4                466         1.3000E+00
             25                  5               1159         1.2500E+00
             25                  6               2590         1.3000E+00
             25                  7               6235         1.4500E+00
             25                  8              13342         1.7000E+00
             25                  9              23474         2.0500E+00
             25                 10              34864         2.5000E+00
             25                 11              44803         3.0500E+00
             25                 12              53759         3.7000E+00
             25                 13              54526         4.4500E+00
             25                 14              44872         5.3000E+00
             25                 15              30616         6.2500E+00
             25                 16              18827         7.3000E+00
             25                 17               8012         8.4500E+00
             25                 18               2623         9.7000E+00
             25                 19                654         1.1050E+01
             25                 20                229         1.2500E+01
             25                 21                 36         1.4050E+01
             25                 22                  3         1.5700E+01
             26                  2                  3         1.2500E+00
             26                  3                 20         1.0000E+00
             26                  4                 51         8.5000E-01
             26                  5                107         8.0000E-01
             26                  6                275         8.5000E-01
             26                  7                847         1.0000E+00
             26                  8               2368         1.2500E+00
             26                  9               4297         1.6000E+00
             26                 10               6872         2.0500E+00
             26                 11               9983         2.6000E+00
             26                 12              13498         3.2500E+00
             26                 13              14201         4.0000E+00
             26                 14              11970         4.8500E+00
             26                 15               8031         5.8000E+00
             26                 16               4720         6.8500E+00
             26                 17               1812         8.0000E+00
             26                 18                656         9.2500E+00
             26                 19                249         1.0600E+01
             26                 20                102         1.2050E+01
             26                 21                 26         1.3600E+01
             27                  5                  4         4.5000E-01
             27                  6                  3         5.0000E-01
             27                  7                 79         6.5000E-01
             27                  8                271         9.0000E-01
             27                  9                395         1.2500E+00
             27                 10                882         1.7000E+00
             27                 11               1379         2.2500E+00
             27                 12               1579         2.9000E+00
             27                 13               1813         3.6500E+00
             27                 14               1110         4.5000E+00
             27                 15                875         5.4500E+00
             27                 16                394         6.5000E+00
             27                 17                122         7.6500E+00
             27                 18                 14         8.9000E+00
             27                 19                 12         1.0250E+01
             27                 20                  2         1.1700E+01
             27                 21                  1         1.3250E+01
             28                  8                  8         6.5000E-01
             28                  9                 49         1.0000E+00
             28                 10                 50         1.4500E+00
             28                 11                 92         2.0000E+00
             28                 12                112         2.6500E+00
             28                 13                135         3.4000E+00
             28                 14                 82         4.2500E+00
             28                 15                 23         5.2000E+00
             28                 16                  2         6.2500E+00
             29                  9                  1         8.5000E-01
             29                 11                  1         1.8500E+00
             29                 12                  2         2.5000E+00
             29                 14                  2         4.1000E+00
