  #Crystal Size      Water Content              Count               Bias
             75                 12                  1         5.2000E+00
             75                 13                  2         5.4500E+00
             75                 14                  1         5.8000E+00
             75                 15                  1         6.2500E+00
             75                 16                  8         6.8000E+00
             75                 17                  5         7.4500E+00
             75                 18                  1         8.2000E+00
             75                 19                  4         9.0500E+00
             75                 20                  1         1.0000E+01
             76                 12                  5         4.2500E+00
             76                 13                  4         4.5000E+00
             76                 14                 10         4.8500E+00
             76                 15                 25         5.3000E+00
             76                 16                 23         5.8500E+00
             76                 17                 45         6.5000E+00
             76                 18                 33         7.2500E+00
             76                 19                 16         8.1000E+00
             76                 20                  9         9.0500E+00
             76                 21                  3         1.0100E+01
             76                 22                  1         1.1250E+01
             76                 23                  1         1.2500E+01
             77                 10                  1         3.2000E+00
             77                 11                  5         3.2500E+00
             77                 12                 42         3.4000E+00
             77                 13                 42         3.6500E+00
             77                 14                 45         4.0000E+00
             77                 15                 90         4.4500E+00
             77                 16                159         5.0000E+00
             77                 17                212         5.6500E+00
             77                 18                153         6.4000E+00
             77                 19                103         7.2500E+00
             77                 20                 60         8.2000E+00
             77                 21                 29         9.2500E+00
             77                 22                 14         1.0400E+01
             77                 23                  9         1.1650E+01
             78                  9                  9         2.5000E+00
             78                 10                 31         2.4500E+00
             78                 11                 33         2.5000E+00
             78                 12                105         2.6500E+00
             78                 13                230         2.9000E+00
             78                 14                343         3.2500E+00
             78                 15                560         3.7000E+00
             78                 16                683         4.2500E+00
             78                 17                854         4.9000E+00
             78                 18                710         5.6500E+00
             78                 19                536         6.5000E+00
             78                 20                265         7.4500E+00
             78                 21                 91         8.5000E+00
             78                 22                 51         9.6500E+00
             78                 23                 10         1.0900E+01
             78                 24                  4         1.2250E+01
             78                 25                  1         1.3700E+01
             79                  8                  2         2.0000E+00
             79                  9                 32         1.8500E+00
             79                 10                128         1.8000E+00
             79                 11                252         1.8500E+00
             79                 12                574         2.0000E+00
             79                 13                923         2.2500E+00
             79                 14               1396         2.6000E+00
             79                 15               2132         3.0500E+00
             79                 16               2703         3.6000E+00
             79                 17               2718         4.2500E+00
             79                 18               2484         5.0000E+00
             79                 19               1798         5.8500E+00
             79                 20                848         6.8000E+00
             79                 21                318         7.8500E+00
             79                 22                124         9.0000E+00
             79                 23                 33         1.0250E+01
             79                 24                 11         1.1600E+01
             79                 25                  4         1.3050E+01
             80                  7                  1         1.7000E+00
             80                  8                 12         1.4500E+00
             80                  9                 69         1.3000E+00
             80                 10                336         1.2500E+00
             80                 11               1058         1.3000E+00
             80                 12               1772         1.4500E+00
             80                 13               2576         1.7000E+00
             80                 14               4277         2.0500E+00
             80                 15               6313         2.5000E+00
             80                 16               7969         3.0500E+00
             80                 17               7700         3.7000E+00
             80                 18               6875         4.4500E+00
             80                 19               4819         5.3000E+00
             80                 20               2470         6.2500E+00
             80                 21                900         7.3000E+00
             80                 22                240         8.4500E+00
             80                 23                101         9.7000E+00
             80                 24                 39         1.1050E+01
             80                 25                 16         1.2500E+01
             80                 26                  2         1.4050E+01
             81                  7                  5         1.2500E+00
             81                  8                 45         1.0000E+00
             81                  9                253         8.5000E-01
             81                 10                948         8.0000E-01
             81                 11               2401         8.5000E-01
             81                 12               4051         1.0000E+00
             81                 13               6196         1.2500E+00
             81                 14               9717         1.6000E+00
             81                 15              13919         2.0500E+00
             81                 16              17471         2.6000E+00
             81                 17              17628         3.2500E+00
             81                 18              14591         4.0000E+00
             81                 19               9598         4.8500E+00
             81                 20               4903         5.8000E+00
             81                 21               1883         6.8500E+00
             81                 22                576         8.0000E+00
             81                 23                116         9.2500E+00
             81                 24                 69         1.0600E+01
             81                 25                 29         1.2050E+01
             81                 26                  3         1.3600E+01
             82                  7                 11         9.0000E-01
             82                  8                141         6.5000E-01
             82                  9                674         5.0000E-01
             82                 10               2215         4.5000E-01
             82                 11               4655         5.0000E-01
             82                 12               7386         6.5000E-01
             82                 13              10804         9.0000E-01
             82                 14              15791         1.2500E+00
             82                 15              23718         1.7000E+00
             82                 16              29633         2.2500E+00
             82                 17              30186         2.9000E+00
             82                 18              23709         3.6500E+00
             82                 19              14498         4.5000E+00
             82                 20               7464         5.4500E+00
             82                 21               2934         6.5000E+00
             82                 22                852         7.6500E+00
             82                 23                224         8.9000E+00
             82                 24                 36         1.0250E+01
             82                 25                  2         1.1700E+01
             82                 26                  1         1.3250E+01
             83                  7                 29         6.5000E-01
             83                  8                290         4.0000E-01
             83                  9               1221         2.5000E-01
             83                 10               3335         2.0000E-01
             83                 11               6988         2.5000E-01
             83                 12              10693         4.0000E-01
             83                 13              14637         6.5000E-01
             83                 14              20068         1.0000E+00
             83                 15              29399         1.4500E+00
             83                 16              36311         2.0000E+00
             83                 17              36107         2.6500E+00
             83                 18              29624         3.4000E+00
             83                 19              17878         4.2500E+00
             83                 20               8840         5.2000E+00
             83                 21               3503         6.2500E+00
             83                 22               1117         7.4000E+00
             83                 23                197         8.6500E+00
             83                 24                 53         1.0000E+01
             83                 25                  4         1.1450E+01
             84                  6                  3         8.5000E-01
             84                  7                 69         5.0000E-01
             84                  8                483         2.5000E-01
             84                  9               1515         1.0000E-01
             84                 10               4160         5.0000E-02
             84                 11               7778         1.0000E-01
             84                 12              11233         2.5000E-01
             84                 13              14336         5.0000E-01
             84                 14              19893         8.5000E-01
             84                 15              26607         1.3000E+00
             84                 16              32312         1.8500E+00
             84                 17              32543         2.5000E+00
             84                 18              26157         3.2500E+00
             84                 19              15490         4.1000E+00
             84                 20               8300         5.0500E+00
             84                 21               3444         6.1000E+00
             84                 22               1074         7.2500E+00
             84                 23                274         8.5000E+00
             84                 24                 67         9.8500E+00
             84                 25                  5         1.1300E+01
             85                  6                  4         8.0000E-01
             85                  7                 86         4.5000E-01
             85                  8                560         2.0000E-01
             85                  9               1523         5.0000E-02
             85                 10               3820         0.0000E+00
             85                 11               6351         5.0000E-02
             85                 12               8650         2.0000E-01
             85                 13              10304         4.5000E-01
             85                 14              13549         8.0000E-01
             85                 15              18528         1.2500E+00
             85                 16              20808         1.8000E+00
             85                 17              20583         2.4500E+00
             85                 18              15596         3.2000E+00
             85                 19               9261         4.0500E+00
             85                 20               4658         5.0000E+00
             85                 21               2024         6.0500E+00
             85                 22                647         7.2000E+00
             85                 23                156         8.4500E+00
             85                 24                 42         9.8000E+00
             85                 25                  7         1.1250E+01
             86                  6                  6         8.5000E-01
             86                  7                 93         5.0000E-01
             86                  8                372         2.5000E-01
             86                  9               1183         1.0000E-01
             86                 10               2393         5.0000E-02
             86                 11               3669         1.0000E-01
             86                 12               4510         2.5000E-01
             86                 13               5390         5.0000E-01
             86                 14               6958         8.5000E-01
             86                 15               8589         1.3000E+00
             86                 16               9379         1.8500E+00
             86                 17               8567         2.5000E+00
             86                 18               6372         3.2500E+00
             86                 19               3702         4.1000E+00
             86                 20               1890         5.0500E+00
             86                 21                906         6.1000E+00
             86                 22                315         7.2500E+00
             86                 23                 66         8.5000E+00
             86                 24                 11         9.8500E+00
             86                 25                  5         1.1300E+01
             87                  6                  2         1.0000E+00
             87                  7                 30         6.5000E-01
             87                  8                178         4.0000E-01
             87                  9                499         2.5000E-01
             87                 10               1090         2.0000E-01
             87                 11               1560         2.5000E-01
             87                 12               1874         4.0000E-01
             87                 13               1868         6.5000E-01
             87                 14               2433         1.0000E+00
             87                 15               2708         1.4500E+00
             87                 16               2461         2.0000E+00
             87                 17               2103         2.6500E+00
             87                 18               1406         3.4000E+00
             87                 19                756         4.2500E+00
             87                 20                374         5.2000E+00
             87                 21                199         6.2500E+00
             87                 22                 59         7.4000E+00
             87                 23                 20         8.6500E+00
             87                 24                  5         1.0000E+01
             87                 25                  3         1.1450E+01
             88                  6                  1         1.2500E+00
             88                  7                 14         9.0000E-01
             88                  8                 37         6.5000E-01
             88                  9                129         5.0000E-01
             88                 10                269         4.5000E-01
             88                 11                341         5.0000E-01
             88                 12                408         6.5000E-01
             88                 13                484         9.0000E-01
             88                 14                530         1.2500E+00
             88                 15                476         1.7000E+00
             88                 16                324         2.2500E+00
             88                 17                187         2.9000E+00
             88                 18                134         3.6500E+00
             88                 19                 49         4.5000E+00
             88                 20                 11         5.4500E+00
             88                 21                 11         6.5000E+00
             88                 22                  2         7.6500E+00
             88                 23                  1         8.9000E+00
             89                  7                  2         1.2500E+00
             89                  8                  6         1.0000E+00
             89                  9                 12         8.5000E-01
             89                 10                 38         8.0000E-01
             89                 11                 42         8.5000E-01
             89                 12                 46         1.0000E+00
             89                 13                 38         1.2500E+00
             89                 14                 78         1.6000E+00
             89                 15                 44         2.0500E+00
             89                 16                 17         2.6000E+00
             89                 17                 13         3.2500E+00
             89                 18                 12         4.0000E+00
             89                 19                  6         4.8500E+00
