  #Crystal Size      Water Content              Count               Bias
             59                 27                  2         2.5000E+00
             60                 24                  2         8.0000E-01
             60                 25                  3         1.2500E+00
             60                 26                  1         1.8000E+00
             60                 27                  4         2.4500E+00
             61                 23                  2         5.0000E-01
             61                 24                 20         8.5000E-01
             61                 25                  8         1.3000E+00
             61                 26                 30         1.8500E+00
             61                 27                 12         2.5000E+00
             61                 28                  3         3.2500E+00
             61                 29                  1         4.1000E+00
             62                 21                  1         2.5000E-01
             62                 22                  8         4.0000E-01
             62                 23                 54         6.5000E-01
             62                 24                 55         1.0000E+00
             62                 25                108         1.4500E+00
             62                 26                130         2.0000E+00
             62                 27                 67         2.6500E+00
             62                 28                 47         3.4000E+00
             62                 29                  7         4.2500E+00
             63                 20                  4         4.5000E-01
             63                 21                 23         5.0000E-01
             63                 22                 59         6.5000E-01
             63                 23                231         9.0000E-01
             63                 24                274         1.2500E+00
             63                 25                404         1.7000E+00
             63                 26                568         2.2500E+00
             63                 27                393         2.9000E+00
             63                 28                147         3.6500E+00
             63                 29                 69         4.5000E+00
             63                 30                  6         5.4500E+00
             63                 31                  1         6.5000E+00
             63                 32                  6         7.6500E+00
             64                 20                 29         8.0000E-01
             64                 21                108         8.5000E-01
             64                 22                301         1.0000E+00
             64                 23                676         1.2500E+00
             64                 24               1048         1.6000E+00
             64                 25               1388         2.0500E+00
             64                 26               1452         2.6000E+00
             64                 27               1157         3.2500E+00
             64                 28                593         4.0000E+00
             64                 29                272         4.8500E+00
             64                 30                104         5.8000E+00
             64                 31                 55         6.8500E+00
             64                 32                 10         8.0000E+00
             65                 17                  1         1.7000E+00
             65                 18                  3         1.4500E+00
             65                 19                 39         1.3000E+00
             65                 20                 72         1.2500E+00
             65                 21                317         1.3000E+00
             65                 22                889         1.4500E+00
             65                 23               1887         1.7000E+00
             65                 24               2824         2.0500E+00
             65                 25               3451         2.5000E+00
             65                 26               3867         3.0500E+00
             65                 27               2989         3.7000E+00
             65                 28               1692         4.4500E+00
             65                 29                790         5.3000E+00
             65                 30                187         6.2500E+00
             65                 31                 59         7.3000E+00
             65                 32                 16         8.4500E+00
             65                 33                  6         9.7000E+00
             66                 17                  6         2.2500E+00
             66                 18                  5         2.0000E+00
             66                 19                 52         1.8500E+00
             66                 20                222         1.8000E+00
             66                 21                808         1.8500E+00
             66                 22               2049         2.0000E+00
             66                 23               4395         2.2500E+00
             66                 24               6295         2.6000E+00
             66                 25               7687         3.0500E+00
             66                 26               8285         3.6000E+00
             66                 27               6398         4.2500E+00
             66                 28               3828         5.0000E+00
             66                 29               1690         5.8500E+00
             66                 30                530         6.8000E+00
             66                 31                208         7.8500E+00
             66                 32                 53         9.0000E+00
             66                 33                  6         1.0250E+01
             67                 17                  9         2.9000E+00
             67                 18                 38         2.6500E+00
             67                 19                212         2.5000E+00
             67                 20                726         2.4500E+00
             67                 21               1803         2.5000E+00
             67                 22               4353         2.6500E+00
             67                 23               7940         2.9000E+00
             67                 24              11226         3.2500E+00
             67                 25              13897         3.7000E+00
             67                 26              13394         4.2500E+00
             67                 27              10308         4.9000E+00
             67                 28               6020         5.6500E+00
             67                 29               2585         6.5000E+00
             67                 30                969         7.4500E+00
             67                 31                471         8.5000E+00
             67                 32                102         9.6500E+00
             67                 33                 22         1.0900E+01
             67                 34                  1         1.2250E+01
             68                 17                 10         3.6500E+00
             68                 18                130         3.4000E+00
             68                 19                551         3.2500E+00
             68                 20               1784         3.2000E+00
             68                 21               3880         3.2500E+00
             68                 22               7469         3.4000E+00
             68                 23              12996         3.6500E+00
             68                 24              17495         4.0000E+00
             68                 25              19370         4.4500E+00
             68                 26              17272         5.0000E+00
             68                 27              13187         5.6500E+00
             68                 28               7934         6.4000E+00
             68                 29               3649         7.2500E+00
             68                 30               1450         8.2000E+00
             68                 31                601         9.2500E+00
             68                 32                143         1.0400E+01
             68                 33                 42         1.1650E+01
             69                 17                 39         4.5000E+00
             69                 18                223         4.2500E+00
             69                 19               1005         4.1000E+00
             69                 20               3312         4.0500E+00
             69                 21               7059         4.1000E+00
             69                 22              12695         4.2500E+00
             69                 23              18369         4.5000E+00
             69                 24              22416         4.8500E+00
             69                 25              24126         5.3000E+00
             69                 26              21172         5.8500E+00
             69                 27              15491         6.5000E+00
             69                 28               8517         7.2500E+00
             69                 29               4082         8.1000E+00
             69                 30               1801         9.0500E+00
             69                 31                801         1.0100E+01
             69                 32                243         1.1250E+01
             69                 33                 35         1.2500E+01
             69                 34                  1         1.3850E+01
             70                 17                 49         5.4500E+00
             70                 18                328         5.2000E+00
             70                 19               1500         5.0500E+00
             70                 20               4679         5.0000E+00
             70                 21              10487         5.0500E+00
             70                 22              17928         5.2000E+00
             70                 23              22760         5.4500E+00
             70                 24              26498         5.8000E+00
             70                 25              26786         6.2500E+00
             70                 26              22491         6.8000E+00
             70                 27              14916         7.4500E+00
             70                 28               8647         8.2000E+00
             70                 29               4099         9.0500E+00
             70                 30               2024         1.0000E+01
             70                 31                701         1.1050E+01
             70                 32                262         1.2200E+01
             70                 33                 50         1.3450E+01
             70                 34                  3         1.4800E+01
             71                 17                 50         6.5000E+00
             71                 18                373         6.2500E+00
             71                 19               1749         6.1000E+00
             71                 20               5415         6.0500E+00
             71                 21              11660         6.1000E+00
             71                 22              20182         6.2500E+00
             71                 23              25151         6.5000E+00
             71                 24              26336         6.8500E+00
             71                 25              24198         7.3000E+00
             71                 26              18776         7.8500E+00
             71                 27              13344         8.5000E+00
             71                 28               7448         9.2500E+00
             71                 29               3640         1.0100E+01
             71                 30               1539         1.1050E+01
             71                 31                592         1.2100E+01
             71                 32                205         1.3250E+01
             71                 33                 44         1.4500E+01
             72                 17                 42         7.6500E+00
             72                 18                337         7.4000E+00
             72                 19               1525         7.2500E+00
             72                 20               4754         7.2000E+00
             72                 21              10298         7.2500E+00
             72                 22              17966         7.4000E+00
             72                 23              22213         7.6500E+00
             72                 24              21071         8.0000E+00
             72                 25              18167         8.4500E+00
             72                 26              13763         9.0000E+00
             72                 27               9179         9.6500E+00
             72                 28               5325         1.0400E+01
             72                 29               2387         1.1250E+01
             72                 30               1015         1.2200E+01
             72                 31                427         1.3250E+01
             72                 32                166         1.4400E+01
             72                 33                 14         1.5650E+01
             73                 16                  1         9.2500E+00
             73                 17                 56         8.9000E+00
             73                 18                339         8.6500E+00
             73                 19               1279         8.5000E+00
             73                 20               3184         8.4500E+00
             73                 21               7073         8.5000E+00
             73                 22              12287         8.6500E+00
             73                 23              14439         8.9000E+00
             73                 24              14123         9.2500E+00
             73                 25              12219         9.7000E+00
             73                 26               8598         1.0250E+01
             73                 27               5529         1.0900E+01
             73                 28               2969         1.1650E+01
             73                 29               1196         1.2500E+01
             73                 30                524         1.3450E+01
             73                 31                287         1.4500E+01
             73                 32                120         1.5650E+01
             73                 33                  4         1.6900E+01
             74                 17                 18         1.0250E+01
             74                 18                176         1.0000E+01
             74                 19                758         9.8500E+00
             74                 20               1536         9.8000E+00
             74                 21               3666         9.8500E+00
             74                 22               6317         1.0000E+01
             74                 23               7704         1.0250E+01
             74                 24               7438         1.0600E+01
             74                 25               6116         1.1050E+01
             74                 26               4082         1.1600E+01
             74                 27               2704         1.2250E+01
             74                 28               1659         1.3000E+01
             74                 29                655         1.3850E+01
             74                 30                227         1.4800E+01
             74                 31                115         1.5850E+01
             74                 32                 33         1.7000E+01
             74                 33                  1         1.8250E+01
             75                 17                  3         1.1700E+01
             75                 18                 48         1.1450E+01
             75                 19                252         1.1300E+01
             75                 20                702         1.1250E+01
             75                 21               1367         1.1300E+01
             75                 22               2668         1.1450E+01
             75                 23               3302         1.1700E+01
             75                 24               3236         1.2050E+01
             75                 25               2510         1.2500E+01
             75                 26               1666         1.3050E+01
             75                 27               1049         1.3700E+01
             75                 28                491         1.4450E+01
             75                 29                181         1.5300E+01
             75                 30                 64         1.6250E+01
             75                 31                 32         1.7300E+01
             75                 32                  3         1.8450E+01
             76                 17                  2         1.3250E+01
             76                 18                 15         1.3000E+01
             76                 19                 60         1.2850E+01
             76                 20                165         1.2800E+01
             76                 21                491         1.2850E+01
             76                 22                759         1.3000E+01
             76                 23                838         1.3250E+01
             76                 24                981         1.3600E+01
             76                 25                821         1.4050E+01
             76                 26                462         1.4600E+01
             76                 27                286         1.5250E+01
             76                 28                128         1.6000E+01
             76                 29                 13         1.6850E+01
             76                 30                  2         1.7800E+01
             77                 19                  4         1.4500E+01
             77                 20                 67         1.4450E+01
             77                 21                158         1.4500E+01
             77                 22                172         1.4650E+01
             77                 23                225         1.4900E+01
             77                 24                244         1.5250E+01
             77                 25                137         1.5700E+01
             77                 26                 72         1.6250E+01
             77                 27                 59         1.6900E+01
             77                 28                 10         1.7650E+01
             77                 29                  3         1.8500E+01
             78                 20                  1         1.6200E+01
             78                 21                 19         1.6250E+01
             78                 22                 30         1.6400E+01
             78                 23                 77         1.6650E+01
             78                 24                 44         1.7000E+01
             78                 25                 20         1.7450E+01
             78                 26                 25         1.8000E+01
             78                 27                 32         1.8650E+01
             78                 28                  1         1.9400E+01
             79                 20                  1         1.8050E+01
             79                 21                  3         1.8100E+01
             79                 22                  5         1.8250E+01
             79                 23                 18         1.8500E+01
             79                 24                  4         1.8850E+01
             79                 27                  1         2.0500E+01
             80                 23                  4         2.0450E+01
             80                 24                  1         2.0800E+01
