  #Crystal Size      Water Content              Count               Bias
             59                 26                  4         8.5000E-01
             59                 30                  2         2.0500E+00
             60                 24                  3         1.3000E+00
             60                 25                 12         1.2500E+00
             60                 26                 13         1.3000E+00
             60                 27                  5         1.4500E+00
             60                 28                 19         1.7000E+00
             60                 29                  8         2.0500E+00
             60                 30                 28         2.5000E+00
             60                 31                 22         3.0500E+00
             60                 32                  3         3.7000E+00
             61                 23                  5         2.0000E+00
             61                 24                 34         1.8500E+00
             61                 25                 50         1.8000E+00
             61                 26                 85         1.8500E+00
             61                 27                108         2.0000E+00
             61                 28                192         2.2500E+00
             61                 29                103         2.6000E+00
             61                 30                106         3.0500E+00
             61                 31                 76         3.6000E+00
             61                 32                 19         4.2500E+00
             61                 33                 29         5.0000E+00
             61                 35                  1         6.8000E+00
             62                 22                  5         2.9000E+00
             62                 23                 18         2.6500E+00
             62                 24                 84         2.5000E+00
             62                 25                253         2.4500E+00
             62                 26                311         2.5000E+00
             62                 27                648         2.6500E+00
             62                 28                666         2.9000E+00
             62                 29                566         3.2500E+00
             62                 30                273         3.7000E+00
             62                 31                255         4.2500E+00
             62                 32                 61         4.9000E+00
             62                 33                 27         5.6500E+00
             62                 34                  8         6.5000E+00
             62                 35                  3         7.4500E+00
             63                 22                 13         3.6500E+00
             63                 23                 82         3.4000E+00
             63                 24                206         3.2500E+00
             63                 25                453         3.2000E+00
             63                 26                997         3.2500E+00
             63                 27               1933         3.4000E+00
             63                 28               2092         3.6500E+00
             63                 29               1711         4.0000E+00
             63                 30               1113         4.4500E+00
             63                 31                673         5.0000E+00
             63                 32                307         5.6500E+00
             63                 33                106         6.4000E+00
             63                 34                 12         7.2500E+00
             63                 35                  1         8.2000E+00
             64                 21                  2         4.8500E+00
             64                 22                 11         4.5000E+00
             64                 23                158         4.2500E+00
             64                 24                561         4.1000E+00
             64                 25               1549         4.0500E+00
             64                 26               2981         4.1000E+00
             64                 27               4763         4.2500E+00
             64                 28               5400         4.5000E+00
             64                 29               3941         4.8500E+00
             64                 30               2989         5.3000E+00
             64                 31               2100         5.8500E+00
             64                 32                749         6.5000E+00
             64                 33                327         7.2500E+00
             64                 34                 70         8.1000E+00
             64                 35                  5         9.0500E+00
             65                 21                 32         5.8000E+00
             65                 22                 64         5.4500E+00
             65                 23                245         5.2000E+00
             65                 24               1348         5.0500E+00
             65                 25               4060         5.0000E+00
             65                 26               6447         5.0500E+00
             65                 27              10397         5.2000E+00
             65                 28              12559         5.4500E+00
             65                 29               9406         5.8000E+00
             65                 30               6190         6.2500E+00
             65                 31               3649         6.8000E+00
             65                 32               1521         7.4500E+00
             65                 33                722         8.2000E+00
             65                 34                226         9.0500E+00
             65                 35                112         1.0000E+01
             65                 36                 15         1.1050E+01
             66                 19                  3         7.8500E+00
             66                 20                 13         7.3000E+00
             66                 21                 90         6.8500E+00
             66                 22                328         6.5000E+00
             66                 23                748         6.2500E+00
             66                 24               2593         6.1000E+00
             66                 25               6403         6.0500E+00
             66                 26              11265         6.1000E+00
             66                 27              17650         6.2500E+00
             66                 28              21166         6.5000E+00
             66                 29              17555         6.8500E+00
             66                 30              10557         7.3000E+00
             66                 31               5678         7.8500E+00
             66                 32               2505         8.5000E+00
             66                 33               1155         9.2500E+00
             66                 34                616         1.0100E+01
             66                 35                307         1.1050E+01
             66                 36                 57         1.2100E+01
             66                 37                 24         1.3250E+01
             67                 19                  9         9.0000E+00
             67                 20                 68         8.4500E+00
             67                 21                249         8.0000E+00
             67                 22                727         7.6500E+00
             67                 23               1299         7.4000E+00
             67                 24               3765         7.2500E+00
             67                 25               9211         7.2000E+00
             67                 26              15749         7.2500E+00
             67                 27              23004         7.4000E+00
             67                 28              28539         7.6500E+00
             67                 29              23175         8.0000E+00
             67                 30              14755         8.4500E+00
             67                 31               8093         9.0000E+00
             67                 32               4382         9.6500E+00
             67                 33               2247         1.0400E+01
             67                 34               1023         1.1250E+01
             67                 35                628         1.2200E+01
             67                 36                182         1.3250E+01
             67                 37                 37         1.4400E+01
             67                 38                  7         1.5650E+01
             67                 39                  4         1.7000E+01
             68                 19                  1         1.0250E+01
             68                 20                 92         9.7000E+00
             68                 21                420         9.2500E+00
             68                 22                949         8.9000E+00
             68                 23               1936         8.6500E+00
             68                 24               5286         8.5000E+00
             68                 25              10923         8.4500E+00
             68                 26              19286         8.5000E+00
             68                 27              26761         8.6500E+00
             68                 28              31672         8.9000E+00
             68                 29              26374         9.2500E+00
             68                 30              17509         9.7000E+00
             68                 31               9816         1.0250E+01
             68                 32               5351         1.0900E+01
             68                 33               2905         1.1650E+01
             68                 34               1974         1.2500E+01
             68                 35                972         1.3450E+01
             68                 36                359         1.4500E+01
             68                 37                141         1.5650E+01
             68                 38                 43         1.6900E+01
             69                 19                  4         1.1600E+01
             69                 20                 44         1.1050E+01
             69                 21                376         1.0600E+01
             69                 22               1100         1.0250E+01
             69                 23               2951         1.0000E+01
             69                 24               5819         9.8500E+00
             69                 25              12446         9.8000E+00
             69                 26              19304         9.8500E+00
             69                 27              26833         1.0000E+01
             69                 28              28914         1.0250E+01
             69                 29              24649         1.0600E+01
             69                 30              17276         1.1050E+01
             69                 31               9819         1.1600E+01
             69                 32               5616         1.2250E+01
             69                 33               3705         1.3000E+01
             69                 34               2308         1.3850E+01
             69                 35                986         1.4800E+01
             69                 36                449         1.5850E+01
             69                 37                231         1.7000E+01
             69                 38                 37         1.8250E+01
             70                 20                 65         1.2500E+01
             70                 21                323         1.2050E+01
             70                 22               1050         1.1700E+01
             70                 23               2545         1.1450E+01
             70                 24               5936         1.1300E+01
             70                 25              10875         1.1250E+01
             70                 26              16487         1.1300E+01
             70                 27              22322         1.1450E+01
             70                 28              24055         1.1700E+01
             70                 29              21302         1.2050E+01
             70                 30              14319         1.2500E+01
             70                 31               8164         1.3050E+01
             70                 32               5459         1.3700E+01
             70                 33               3269         1.4450E+01
             70                 34               2175         1.5300E+01
             70                 35                773         1.6250E+01
             70                 36                420         1.7300E+01
             70                 37                124         1.8450E+01
             70                 38                 68         1.9700E+01
             70                 39                  2         2.1050E+01
             71                 19                 17         1.4600E+01
             71                 20                 26         1.4050E+01
             71                 21                182         1.3600E+01
             71                 22                740         1.3250E+01
             71                 23               1954         1.3000E+01
             71                 24               4551         1.2850E+01
             71                 25               8372         1.2800E+01
             71                 26              12198         1.2850E+01
             71                 27              15860         1.3000E+01
             71                 28              16894         1.3250E+01
             71                 29              14439         1.3600E+01
             71                 30              10183         1.4050E+01
             71                 31               5806         1.4600E+01
             71                 32               3730         1.5250E+01
             71                 33               2550         1.6000E+01
             71                 34               1501         1.6850E+01
             71                 35                778         1.7800E+01
             71                 36                251         1.8850E+01
             71                 37                 43         2.0000E+01
             71                 38                 19         2.1250E+01
             71                 39                  2         2.2600E+01
             72                 20                 11         1.5700E+01
             72                 21                129         1.5250E+01
             72                 22                561         1.4900E+01
             72                 23               1376         1.4650E+01
             72                 24               2658         1.4500E+01
             72                 25               4279         1.4450E+01
             72                 26               6911         1.4500E+01
             72                 27               9064         1.4650E+01
             72                 28               9926         1.4900E+01
             72                 29               9120         1.5250E+01
             72                 30               5990         1.5700E+01
             72                 31               3537         1.6250E+01
             72                 32               2396         1.6900E+01
             72                 33               1179         1.7650E+01
             72                 34                705         1.8500E+01
             72                 35                326         1.9450E+01
             72                 36                 90         2.0500E+01
             72                 37                 19         2.1650E+01
             72                 38                 33         2.2900E+01
             72                 39                  6         2.4250E+01
             73                 20                  5         1.7450E+01
             73                 21                 65         1.7000E+01
             73                 22                344         1.6650E+01
             73                 23                653         1.6400E+01
             73                 24               1449         1.6250E+01
             73                 25               1959         1.6200E+01
             73                 26               3163         1.6250E+01
             73                 27               4350         1.6400E+01
             73                 28               5396         1.6650E+01
             73                 29               5127         1.7000E+01
             73                 30               3101         1.7450E+01
             73                 31               1968         1.8000E+01
             73                 32                970         1.8650E+01
             73                 33                587         1.9400E+01
             73                 34                279         2.0250E+01
             73                 35                 58         2.1200E+01
             73                 36                 16         2.2250E+01
             73                 37                  4         2.3400E+01
             73                 38                  5         2.4650E+01
             74                 20                  1         1.9300E+01
             74                 21                 39         1.8850E+01
             74                 22                 94         1.8500E+01
             74                 23                319         1.8250E+01
             74                 24                614         1.8100E+01
             74                 25                768         1.8050E+01
             74                 26               1093         1.8100E+01
             74                 27               1851         1.8250E+01
             74                 28               2048         1.8500E+01
             74                 29               1791         1.8850E+01
             74                 30                991         1.9300E+01
             74                 31                711         1.9850E+01
             74                 32                395         2.0500E+01
             74                 33                175         2.1250E+01
             74                 34                 24         2.2100E+01
             74                 35                 15         2.3050E+01
             74                 36                 23         2.4100E+01
             74                 37                 14         2.5250E+01
             75                 21                  8         2.0800E+01
             75                 22                 20         2.0450E+01
             75                 23                 50         2.0200E+01
             75                 24                209         2.0050E+01
             75                 25                208         2.0000E+01
             75                 26                356         2.0050E+01
             75                 27                519         2.0200E+01
             75                 28                481         2.0450E+01
             75                 29                450         2.0800E+01
             75                 30                298         2.1250E+01
             75                 31                260         2.1800E+01
             75                 32                 94         2.2450E+01
             75                 33                 29         2.3200E+01
             75                 35                  3         2.5000E+01
             75                 36                  9         2.6050E+01
             75                 37                  1         2.7200E+01
             76                 21                  1         2.2850E+01
             76                 22                  6         2.2500E+01
             76                 23                 11         2.2250E+01
             76                 24                 43         2.2100E+01
             76                 25                 26         2.2050E+01
             76                 26                 69         2.2100E+01
             76                 27                100         2.2250E+01
             76                 28                 93         2.2500E+01
             76                 29                 38         2.2850E+01
             76                 30                 11         2.3300E+01
             76                 31                 33         2.3850E+01
             76                 32                  8         2.4500E+01
             77                 24                  3         2.4250E+01
             77                 25                  1         2.4200E+01
             77                 27                 17         2.4400E+01
             77                 28                 27         2.4650E+01
             77                 30                  2         2.5450E+01
