  #Crystal Size      Water Content              Count               Bias
             63                 16                  1         2.0000E+00
             63                 20                  3         5.2000E+00
             64                 15                  4         1.3000E+00
             64                 16                  5         1.8500E+00
             64                 17                  5         2.5000E+00
             64                 20                  9         5.0500E+00
             64                 21                  1         6.1000E+00
             65                 15                  1         1.2500E+00
             65                 16                  5         1.8000E+00
             65                 17                 11         2.4500E+00
             65                 18                  7         3.2000E+00
             65                 19                  7         4.0500E+00
             65                 20                 14         5.0000E+00
             65                 21                 14         6.0500E+00
             66                 13                  1         5.0000E-01
             66                 14                  4         8.5000E-01
             66                 15                 20         1.3000E+00
             66                 16                 27         1.8500E+00
             66                 17                 64         2.5000E+00
             66                 18                 61         3.2500E+00
             66                 19                 37         4.1000E+00
             66                 20                 66         5.0500E+00
             66                 21                 37         6.1000E+00
             66                 22                  2         7.2500E+00
             67                 12                 10         4.0000E-01
             67                 13                 12         6.5000E-01
             67                 14                 37         1.0000E+00
             67                 15                 71         1.4500E+00
             67                 16                219         2.0000E+00
             67                 17                320         2.6500E+00
             67                 18                312         3.4000E+00
             67                 19                237         4.2500E+00
             67                 20                238         5.2000E+00
             67                 21                 81         6.2500E+00
             67                 22                 14         7.4000E+00
             67                 23                  1         8.6500E+00
             67                 24                  3         1.0000E+01
             67                 26                  1         1.3000E+01
             68                  9                  1         5.0000E-01
             68                 10                  9         4.5000E-01
             68                 11                 26         5.0000E-01
             68                 12                 28         6.5000E-01
             68                 13                 44         9.0000E-01
             68                 14                180         1.2500E+00
             68                 15                405         1.7000E+00
             68                 16                899         2.2500E+00
             68                 17               1230         2.9000E+00
             68                 18               1315         3.6500E+00
             68                 19               1111         4.5000E+00
             68                 20                704         5.4500E+00
             68                 21                287         6.5000E+00
             68                 22                 80         7.6500E+00
             68                 23                 19         8.9000E+00
             68                 24                  8         1.0250E+01
             68                 26                  2         1.3250E+01
             69                  9                  8         8.5000E-01
             69                 10                 28         8.0000E-01
             69                 11                 64         8.5000E-01
             69                 12                 95         1.0000E+00
             69                 13                166         1.2500E+00
             69                 14                739         1.6000E+00
             69                 15               1565         2.0500E+00
             69                 16               3034         2.6000E+00
             69                 17               3940         3.2500E+00
             69                 18               4314         4.0000E+00
             69                 19               3338         4.8500E+00
             69                 20               2290         5.8000E+00
             69                 21                837         6.8500E+00
             69                 22                289         8.0000E+00
             69                 23                101         9.2500E+00
             69                 24                 22         1.0600E+01
             69                 25                 17         1.2050E+01
             69                 26                  1         1.3600E+01
             70                  9                 10         1.3000E+00
             70                 10                 68         1.2500E+00
             70                 11                 93         1.3000E+00
             70                 12                375         1.4500E+00
             70                 13                752         1.7000E+00
             70                 14               2009         2.0500E+00
             70                 15               4323         2.5000E+00
             70                 16               7395         3.0500E+00
             70                 17              10028         3.7000E+00
             70                 18              10284         4.4500E+00
             70                 19               8153         5.3000E+00
             70                 20               5017         6.2500E+00
             70                 21               2197         7.3000E+00
             70                 22                731         8.4500E+00
             70                 23                162         9.7000E+00
             70                 24                112         1.1050E+01
             70                 25                 26         1.2500E+01
             70                 26                  3         1.4050E+01
             71                  9                 56         1.8500E+00
             71                 10                231         1.8000E+00
             71                 11                431         1.8500E+00
             71                 12                976         2.0000E+00
             71                 13               2037         2.2500E+00
             71                 14               4507         2.6000E+00
             71                 15               9201         3.0500E+00
             71                 16              15236         3.6000E+00
             71                 17              19975         4.2500E+00
             71                 18              19111         5.0000E+00
             71                 19              14840         5.8500E+00
             71                 20               9287         6.8000E+00
             71                 21               4170         7.8500E+00
             71                 22               1351         9.0000E+00
             71                 23                407         1.0250E+01
             71                 24                107         1.1600E+01
             71                 25                 18         1.3050E+01
             71                 26                  3         1.4600E+01
             72                  8                  2         2.6500E+00
             72                  9                 78         2.5000E+00
             72                 10                362         2.4500E+00
             72                 11                735         2.5000E+00
             72                 12               1771         2.6500E+00
             72                 13               3837         2.9000E+00
             72                 14               8051         3.2500E+00
             72                 15              15378         3.7000E+00
             72                 16              23553         4.2500E+00
             72                 17              28852         4.9000E+00
             72                 18              26951         5.6500E+00
             72                 19              21433         6.5000E+00
             72                 20              12961         7.4500E+00
             72                 21               6087         8.5000E+00
             72                 22               2026         9.6500E+00
             72                 23                576         1.0900E+01
             72                 24                193         1.2250E+01
             72                 25                 18         1.3700E+01
             73                  9                 64         3.2500E+00
             73                 10                345         3.2000E+00
             73                 11                904         3.2500E+00
             73                 12               2506         3.4000E+00
             73                 13               5811         3.6500E+00
             73                 14              11467         4.0000E+00
             73                 15              20503         4.4500E+00
             73                 16              29747         5.0000E+00
             73                 17              34844         5.6500E+00
             73                 18              31072         6.4000E+00
             73                 19              22943         7.2500E+00
             73                 20              13509         8.2000E+00
             73                 21               6396         9.2500E+00
             73                 22               2410         1.0400E+01
             73                 23                656         1.1650E+01
             73                 24                231         1.3000E+01
             73                 25                 24         1.4450E+01
             74                  9                 51         4.1000E+00
             74                 10                340         4.0500E+00
             74                 11                933         4.1000E+00
             74                 12               2869         4.2500E+00
             74                 13               6897         4.5000E+00
             74                 14              13231         4.8500E+00
             74                 15              22942         5.3000E+00
             74                 16              30117         5.8500E+00
             74                 17              32800         6.5000E+00
             74                 18              28273         7.2500E+00
             74                 19              21342         8.1000E+00
             74                 20              11674         9.0500E+00
             74                 21               5328         1.0100E+01
             74                 22               1990         1.1250E+01
             74                 23                652         1.2500E+01
             74                 24                150         1.3850E+01
             74                 25                 25         1.5300E+01
             75                  7                  2         5.4500E+00
             75                  8                  3         5.2000E+00
             75                  9                 42         5.0500E+00
             75                 10                267         5.0000E+00
             75                 11                850         5.0500E+00
             75                 12               2612         5.2000E+00
             75                 13               6573         5.4500E+00
             75                 14              12427         5.8000E+00
             75                 15              20071         6.2500E+00
             75                 16              24732         6.8000E+00
             75                 17              25670         7.4500E+00
             75                 18              21145         8.2000E+00
             75                 19              14611         9.0500E+00
             75                 20               8235         1.0000E+01
             75                 21               3248         1.1050E+01
             75                 22               1601         1.2200E+01
             75                 23                408         1.3450E+01
             75                 24                144         1.4800E+01
             75                 25                 20         1.6250E+01
             75                 26                  3         1.7800E+01
             76                  8                  8         6.2500E+00
             76                  9                 38         6.1000E+00
             76                 10                159         6.0500E+00
             76                 11                524         6.1000E+00
             76                 12               1930         6.2500E+00
             76                 13               4981         6.5000E+00
             76                 14               8596         6.8500E+00
             76                 15              13912         7.3000E+00
             76                 16              15899         7.8500E+00
             76                 17              15565         8.5000E+00
             76                 18              12433         9.2500E+00
             76                 19               8021         1.0100E+01
             76                 20               4668         1.1050E+01
             76                 21               1839         1.2100E+01
             76                 22                906         1.3250E+01
             76                 23                320         1.4500E+01
             76                 24                 53         1.5850E+01
             76                 25                  6         1.7300E+01
             77                  8                  2         7.4000E+00
             77                  9                 26         7.2500E+00
             77                 10                106         7.2000E+00
             77                 11                270         7.2500E+00
             77                 12               1008         7.4000E+00
             77                 13               2790         7.6500E+00
             77                 14               5128         8.0000E+00
             77                 15               7356         8.4500E+00
             77                 16               8846         9.0000E+00
             77                 17               7507         9.6500E+00
             77                 18               5404         1.0400E+01
             77                 19               3532         1.1250E+01
             77                 20               1912         1.2200E+01
             77                 21                917         1.3250E+01
             77                 22                368         1.4400E+01
             77                 23                150         1.5650E+01
             77                 24                  8         1.7000E+01
             78                  9                  2         8.5000E+00
             78                 10                 42         8.4500E+00
             78                 11                128         8.5000E+00
             78                 12                352         8.6500E+00
             78                 13               1105         8.9000E+00
             78                 14               2112         9.2500E+00
             78                 15               2894         9.7000E+00
             78                 16               3682         1.0250E+01
             78                 17               2918         1.0900E+01
             78                 18               1793         1.1650E+01
             78                 19               1092         1.2500E+01
             78                 20                616         1.3450E+01
             78                 21                273         1.4500E+01
             78                 22                158         1.5650E+01
             78                 23                 39         1.6900E+01
             79                  9                  5         9.8500E+00
             79                 10                 19         9.8000E+00
             79                 11                 30         9.8500E+00
             79                 12                 86         1.0000E+01
             79                 13                239         1.0250E+01
             79                 14                483         1.0600E+01
             79                 15                941         1.1050E+01
             79                 16               1115         1.1600E+01
             79                 17                880         1.2250E+01
             79                 18                483         1.3000E+01
             79                 19                248         1.3850E+01
             79                 20                155         1.4800E+01
             79                 21                 60         1.5850E+01
             79                 22                 53         1.7000E+01
             79                 23                  6         1.8250E+01
             79                 24                  1         1.9600E+01
             80                 10                  5         1.1250E+01
             80                 11                 10         1.1300E+01
             80                 12                 19         1.1450E+01
             80                 13                 52         1.1700E+01
             80                 14                130         1.2050E+01
             80                 15                233         1.2500E+01
             80                 16                282         1.3050E+01
             80                 17                246         1.3700E+01
             80                 18                107         1.4450E+01
             80                 19                 48         1.5300E+01
             80                 20                 37         1.6250E+01
             80                 21                 17         1.7300E+01
             80                 22                  2         1.8450E+01
             81                 11                  2         1.2850E+01
             81                 13                  3         1.3250E+01
             81                 14                 13         1.3600E+01
             81                 15                 23         1.4050E+01
             81                 16                 51         1.4600E+01
             81                 17                 24         1.5250E+01
             81                 18                  9         1.6000E+01
             81                 19                 13         1.6850E+01
             81                 20                 10         1.7800E+01
             82                 14                  2         1.5250E+01
             82                 15                  8         1.5700E+01
             82                 16                  5         1.6250E+01
             82                 17                  9         1.6900E+01
             82                 18                  8         1.7650E+01
             83                 16                  3         1.8000E+01
             83                 17                  8         1.8650E+01
             83                 18                  7         1.9400E+01
             84                 16                  1         1.9850E+01
             84                 17                  1         2.0500E+01
