  #Crystal Size      Water Content              Count               Bias
             71                 20                  1         5.3000E+00
             71                 23                  2         7.2500E+00
             71                 24                  2         8.1000E+00
             72                 19                  4         4.0000E+00
             72                 21                 22         5.0000E+00
             72                 22                 17         5.6500E+00
             72                 23                 15         6.4000E+00
             72                 24                 18         7.2500E+00
             72                 25                  2         8.2000E+00
             72                 26                  2         9.2500E+00
             73                 18                  3         2.9000E+00
             73                 19                 19         3.2500E+00
             73                 20                 35         3.7000E+00
             73                 21                 73         4.2500E+00
             73                 22                 95         4.9000E+00
             73                 23                 64         5.6500E+00
             73                 24                 40         6.5000E+00
             73                 25                 21         7.4500E+00
             73                 26                  5         8.5000E+00
             73                 27                  3         9.6500E+00
             73                 28                  1         1.0900E+01
             74                 16                  2         1.8500E+00
             74                 17                  2         2.0000E+00
             74                 18                 48         2.2500E+00
             74                 19                112         2.6000E+00
             74                 20                187         3.0500E+00
             74                 21                365         3.6000E+00
             74                 22                427         4.2500E+00
             74                 23                287         5.0000E+00
             74                 24                230         5.8500E+00
             74                 25                113         6.8000E+00
             74                 26                 74         7.8500E+00
             74                 27                 25         9.0000E+00
             74                 28                  6         1.0250E+01
             75                 15                  2         1.2500E+00
             75                 16                  6         1.3000E+00
             75                 17                 27         1.4500E+00
             75                 18                236         1.7000E+00
             75                 19                591         2.0500E+00
             75                 20                938         2.5000E+00
             75                 21               1388         3.0500E+00
             75                 22               1701         3.7000E+00
             75                 23               1257         4.4500E+00
             75                 24                999         5.3000E+00
             75                 25                676         6.2500E+00
             75                 26                307         7.3000E+00
             75                 27                162         8.4500E+00
             75                 28                 24         9.7000E+00
             75                 29                  5         1.1050E+01
             76                 14                  2         8.5000E-01
             76                 15                 10         8.0000E-01
             76                 16                 53         8.5000E-01
             76                 17                159         1.0000E+00
             76                 18                901         1.2500E+00
             76                 19               2093         1.6000E+00
             76                 20               3471         2.0500E+00
             76                 21               4523         2.6000E+00
             76                 22               4802         3.2500E+00
             76                 23               4184         4.0000E+00
             76                 24               3106         4.8500E+00
             76                 25               2138         5.8000E+00
             76                 26               1127         6.8500E+00
             76                 27                428         8.0000E+00
             76                 28                 68         9.2500E+00
             76                 29                 16         1.0600E+01
             76                 30                  7         1.2050E+01
             77                 14                  1         5.0000E-01
             77                 15                 33         4.5000E-01
             77                 16                108         5.0000E-01
             77                 17                475         6.5000E-01
             77                 18               2308         9.0000E-01
             77                 19               6030         1.2500E+00
             77                 20               9666         1.7000E+00
             77                 21              12158         2.2500E+00
             77                 22              12616         2.9000E+00
             77                 23              10649         3.6500E+00
             77                 24               7484         4.5000E+00
             77                 25               5143         5.4500E+00
             77                 26               2731         6.5000E+00
             77                 27                884         7.6500E+00
             77                 28                208         8.9000E+00
             77                 29                 49         1.0250E+01
             77                 30                  4         1.1700E+01
             78                 13                  2         4.0000E-01
             78                 14                 31         2.5000E-01
             78                 15                 51         2.0000E-01
             78                 16                228         2.5000E-01
             78                 17               1135         4.0000E-01
             78                 18               4387         6.5000E-01
             78                 19              11312         1.0000E+00
             78                 20              18841         1.4500E+00
             78                 21              24165         2.0000E+00
             78                 22              24918         2.6500E+00
             78                 23              20722         3.4000E+00
             78                 24              14912         4.2500E+00
             78                 25               9454         5.2000E+00
             78                 26               4496         6.2500E+00
             78                 27               1538         7.4000E+00
             78                 28                474         8.6500E+00
             78                 29                135         1.0000E+01
             78                 30                  5         1.1450E+01
             79                 13                  7         2.5000E-01
             79                 14                 35         1.0000E-01
             79                 15                 89         5.0000E-02
             79                 16                407         1.0000E-01
             79                 17               1942         2.5000E-01
             79                 18               6462         5.0000E-01
             79                 19              16490         8.5000E-01
             79                 20              28429         1.3000E+00
             79                 21              36345         1.8500E+00
             79                 22              37067         2.5000E+00
             79                 23              31212         3.2500E+00
             79                 24              22029         4.1000E+00
             79                 25              13096         5.0500E+00
             79                 26               5703         6.1000E+00
             79                 27               2230         7.2500E+00
             79                 28                639         8.5000E+00
             79                 29                164         9.8500E+00
             79                 30                  7         1.1300E+01
             80                 13                  1         2.0000E-01
             80                 14                 23         5.0000E-02
             80                 15                141         0.0000E+00
             80                 16                528         5.0000E-02
             80                 17               2212         2.0000E-01
             80                 18               7167         4.5000E-01
             80                 19              18339         8.0000E-01
             80                 20              31507         1.2500E+00
             80                 21              41837         1.8000E+00
             80                 22              41970         2.4500E+00
             80                 23              33863         3.2000E+00
             80                 24              22584         4.0500E+00
             80                 25              13446         5.0000E+00
             80                 26               6145         6.0500E+00
             80                 27               2554         7.2000E+00
             80                 28                701         8.4500E+00
             80                 29                148         9.8000E+00
             80                 30                 22         1.1250E+01
             81                 14                 16         1.0000E-01
             81                 15                119         5.0000E-02
             81                 16                537         1.0000E-01
             81                 17               1856         2.5000E-01
             81                 18               5718         5.0000E-01
             81                 19              14064         8.5000E-01
             81                 20              25634         1.3000E+00
             81                 21              34262         1.8500E+00
             81                 22              35417         2.5000E+00
             81                 23              27432         3.2500E+00
             81                 24              17352         4.1000E+00
             81                 25              10004         5.0500E+00
             81                 26               4710         6.1000E+00
             81                 27               1696         7.2500E+00
             81                 28                611         8.5000E+00
             81                 29                113         9.8500E+00
             81                 30                 26         1.1300E+01
             82                 14                  5         2.5000E-01
             82                 15                 56         2.0000E-01
             82                 16                289         2.5000E-01
             82                 17               1132         4.0000E-01
             82                 18               3391         6.5000E-01
             82                 19               8074         1.0000E+00
             82                 20              14898         1.4500E+00
             82                 21              20316         2.0000E+00
             82                 22              20205         2.6500E+00
             82                 23              16452         3.4000E+00
             82                 24               9864         4.2500E+00
             82                 25               4883         5.2000E+00
             82                 26               2312         6.2500E+00
             82                 27                779         7.4000E+00
             82                 28                357         8.6500E+00
             82                 29                101         1.0000E+01
             82                 30                  9         1.1450E+01
             82                 31                  1         1.3000E+01
             83                 15                 13         4.5000E-01
             83                 16                 92         5.0000E-01
             83                 17                365         6.5000E-01
             83                 18               1175         9.0000E-01
             83                 19               2733         1.2500E+00
             83                 20               5321         1.7000E+00
             83                 21               7813         2.2500E+00
             83                 22               8089         2.9000E+00
             83                 23               6037         3.6500E+00
             83                 24               3583         4.5000E+00
             83                 25               1816         5.4500E+00
             83                 26                863         6.5000E+00
             83                 27                254         7.6500E+00
             83                 28                 89         8.9000E+00
             83                 29                 40         1.0250E+01
             83                 30                 15         1.1700E+01
             84                 15                  1         8.0000E-01
             84                 16                  9         8.5000E-01
             84                 17                 69         1.0000E+00
             84                 18                241         1.2500E+00
             84                 19                641         1.6000E+00
             84                 20               1138         2.0500E+00
             84                 21               1553         2.6000E+00
             84                 22               1509         3.2500E+00
             84                 23               1230         4.0000E+00
             84                 24                719         4.8500E+00
             84                 25                413         5.8000E+00
             84                 26                194         6.8500E+00
             84                 27                 45         8.0000E+00
             84                 28                  5         9.2500E+00
             84                 29                  3         1.0600E+01
             85                 16                  1         1.3000E+00
             85                 17                  4         1.4500E+00
             85                 18                 22         1.7000E+00
             85                 19                 46         2.0500E+00
             85                 20                 89         2.5000E+00
             85                 21                156         3.0500E+00
             85                 22                125         3.7000E+00
             85                 23                100         4.4500E+00
             85                 24                 37         5.3000E+00
             85                 25                 28         6.2500E+00
             85                 26                  4         7.3000E+00
             85                 27                  1         8.4500E+00
             86                 20                  1         3.0500E+00
             86                 22                  4         4.2500E+00
