  #Crystal Size      Water Content              Count               Bias
             73                 14                  7         6.5000E+00
             73                 15                 12         7.4500E+00
             73                 16                  2         8.5000E+00
             73                 17                  1         9.6500E+00
             73                 18                  1         1.0900E+01
             74                 12                  3         4.2500E+00
             74                 13                  2         5.0000E+00
             74                 14                 12         5.8500E+00
             74                 15                 15         6.8000E+00
             74                 16                 13         7.8500E+00
             74                 17                  9         9.0000E+00
             74                 18                  3         1.0250E+01
             74                 19                  5         1.1600E+01
             74                 20                  6         1.3050E+01
             75                 10                  4         2.5000E+00
             75                 11                  2         3.0500E+00
             75                 12                 31         3.7000E+00
             75                 13                 58         4.4500E+00
             75                 14                 80         5.3000E+00
             75                 15                148         6.2500E+00
             75                 16                 91         7.3000E+00
             75                 17                 60         8.4500E+00
             75                 18                 37         9.7000E+00
             75                 19                 16         1.1050E+01
             75                 20                 12         1.2500E+01
             75                 21                  1         1.4050E+01
             76                  9                  2         1.6000E+00
             76                 10                 19         2.0500E+00
             76                 11                 61         2.6000E+00
             76                 12                138         3.2500E+00
             76                 13                228         4.0000E+00
             76                 14                462         4.8500E+00
             76                 15                603         5.8000E+00
             76                 16                530         6.8500E+00
             76                 17                405         8.0000E+00
             76                 18                212         9.2500E+00
             76                 19                121         1.0600E+01
             76                 20                 46         1.2050E+01
             76                 21                 19         1.3600E+01
             76                 22                  7         1.5250E+01
             77                  8                  4         9.0000E-01
             77                  9                 25         1.2500E+00
             77                 10                 37         1.7000E+00
             77                 11                229         2.2500E+00
             77                 12                627         2.9000E+00
             77                 13                978         3.6500E+00
             77                 14               1586         4.5000E+00
             77                 15               2145         5.4500E+00
             77                 16               1967         6.5000E+00
             77                 17               1529         7.6500E+00
             77                 18               1011         8.9000E+00
             77                 19                578         1.0250E+01
             77                 20                213         1.1700E+01
             77                 21                 41         1.3250E+01
             77                 22                 17         1.4900E+01
             78                  7                  1         4.0000E-01
             78                  8                 16         6.5000E-01
             78                  9                 63         1.0000E+00
             78                 10                269         1.4500E+00
             78                 11                756         2.0000E+00
             78                 12               1952         2.6500E+00
             78                 13               3280         3.4000E+00
             78                 14               4833         4.2500E+00
             78                 15               5923         5.2000E+00
             78                 16               5378         6.2500E+00
             78                 17               4230         7.4000E+00
             78                 18               3037         8.6500E+00
             78                 19               1694         1.0000E+01
             78                 20                560         1.1450E+01
             78                 21                143         1.3000E+01
             78                 22                 56         1.4650E+01
             78                 23                  8         1.6400E+01
             79                  8                 45         5.0000E-01
             79                  9                185         8.5000E-01
             79                 10                807         1.3000E+00
             79                 11               2361         1.8500E+00
             79                 12               4950         2.5000E+00
             79                 13               8338         3.2500E+00
             79                 14              11286         4.1000E+00
             79                 15              13331         5.0500E+00
             79                 16              11748         6.1000E+00
             79                 17               9156         7.2500E+00
             79                 18               6485         8.5000E+00
             79                 19               3590         9.8500E+00
             79                 20               1411         1.1300E+01
             79                 21                342         1.2850E+01
             79                 22                 68         1.4500E+01
             79                 23                 20         1.6250E+01
             80                  7                 13         2.0000E-01
             80                  8                120         4.5000E-01
             80                  9                503         8.0000E-01
             80                 10               1723         1.2500E+00
             80                 11               5353         1.8000E+00
             80                 12              10521         2.4500E+00
             80                 13              16179         3.2000E+00
             80                 14              20096         4.0500E+00
             80                 15              22468         5.0000E+00
             80                 16              20904         6.0500E+00
             80                 17              15056         7.2000E+00
             80                 18               9746         8.4500E+00
             80                 19               5220         9.8000E+00
             80                 20               2146         1.1250E+01
             80                 21                615         1.2800E+01
             80                 22                186         1.4450E+01
             80                 23                 27         1.6200E+01
             80                 24                  1         1.8050E+01
             81                  7                 27         2.5000E-01
             81                  8                205         5.0000E-01
             81                  9                890         8.5000E-01
             81                 10               3616         1.3000E+00
             81                 11               9408         1.8500E+00
             81                 12              17634         2.5000E+00
             81                 13              25303         3.2500E+00
             81                 14              29034         4.1000E+00
             81                 15              29415         5.0500E+00
             81                 16              25561         6.1000E+00
             81                 17              18255         7.2500E+00
             81                 18              11547         8.5000E+00
             81                 19               6158         9.8500E+00
             81                 20               2583         1.1300E+01
             81                 21                567         1.2850E+01
             81                 22                183         1.4500E+01
             81                 23                 37         1.6250E+01
             81                 24                  2         1.8100E+01
             82                  6                  1         2.5000E-01
             82                  7                 30         4.0000E-01
             82                  8                300         6.5000E-01
             82                  9               1273         1.0000E+00
             82                 10               4574         1.4500E+00
             82                 11              12489         2.0000E+00
             82                 12              23504         2.6500E+00
             82                 13              30787         3.4000E+00
             82                 14              33028         4.2500E+00
             82                 15              30601         5.2000E+00
             82                 16              24795         6.2500E+00
             82                 17              17322         7.4000E+00
             82                 18              10303         8.6500E+00
             82                 19               5118         1.0000E+01
             82                 20               2183         1.1450E+01
             82                 21                483         1.3000E+01
             82                 22                114         1.4650E+01
             82                 23                 15         1.6400E+01
             83                  6                  4         5.0000E-01
             83                  7                 36         6.5000E-01
             83                  8                305         9.0000E-01
             83                  9               1359         1.2500E+00
             83                 10               5143         1.7000E+00
             83                 11              13478         2.2500E+00
             83                 12              23458         2.9000E+00
             83                 13              29652         3.6500E+00
             83                 14              29337         4.5000E+00
             83                 15              24448         5.4500E+00
             83                 16              18838         6.5000E+00
             83                 17              12521         7.6500E+00
             83                 18               6657         8.9000E+00
             83                 19               2976         1.0250E+01
             83                 20               1085         1.1700E+01
             83                 21                215         1.3250E+01
             83                 22                 54         1.4900E+01
             83                 23                 18         1.6650E+01
             83                 24                  1         1.8500E+01
             84                  7                 24         1.0000E+00
             84                  8                228         1.2500E+00
             84                  9               1242         1.6000E+00
             84                 10               4252         2.0500E+00
             84                 11              10869         2.6000E+00
             84                 12              17987         3.2500E+00
             84                 13              21519         4.0000E+00
             84                 14              20378         4.8500E+00
             84                 15              15374         5.8000E+00
             84                 16              10649         6.8500E+00
             84                 17               5849         8.0000E+00
             84                 18               2810         9.2500E+00
             84                 19               1197         1.0600E+01
             84                 20                423         1.2050E+01
             84                 21                 73         1.3600E+01
             84                 22                 11         1.5250E+01
             84                 23                  3         1.7000E+01
             85                  7                  5         1.4500E+00
             85                  8                113         1.7000E+00
             85                  9                852         2.0500E+00
             85                 10               2674         2.5000E+00
             85                 11               6570         3.0500E+00
             85                 12              10067         3.7000E+00
             85                 13              12191         4.4500E+00
             85                 14              10531         5.3000E+00
             85                 15               7552         6.2500E+00
             85                 16               4973         7.3000E+00
             85                 17               2201         8.4500E+00
             85                 18                875         9.7000E+00
             85                 19                250         1.1050E+01
             85                 20                 73         1.2500E+01
             85                 21                 21         1.4050E+01
             86                  7                  4         2.0000E+00
             86                  8                 47         2.2500E+00
             86                  9                404         2.6000E+00
             86                 10               1205         3.0500E+00
             86                 11               2625         3.6000E+00
             86                 12               4014         4.2500E+00
             86                 13               4765         5.0000E+00
             86                 14               4035         5.8500E+00
             86                 15               2838         6.8000E+00
             86                 16               1427         7.8500E+00
             86                 17                692         9.0000E+00
             86                 18                223         1.0250E+01
             86                 19                 50         1.1600E+01
             86                 20                 13         1.3050E+01
             86                 22                  1         1.6250E+01
             87                  7                  1         2.6500E+00
             87                  8                 10         2.9000E+00
             87                  9                104         3.2500E+00
             87                 10                363         3.7000E+00
             87                 11                843         4.2500E+00
             87                 12               1192         4.9000E+00
             87                 13               1326         5.6500E+00
             87                 14               1068         6.5000E+00
             87                 15                617         7.4500E+00
             87                 16                298         8.5000E+00
             87                 17                 82         9.6500E+00
             87                 18                 49         1.0900E+01
             87                 19                 27         1.2250E+01
             87                 20                  1         1.3700E+01
             88                  8                  2         3.6500E+00
             88                  9                 32         4.0000E+00
             88                 10                 90         4.4500E+00
             88                 11                164         5.0000E+00
             88                 12                215         5.6500E+00
             88                 13                219         6.4000E+00
             88                 14                241         7.2500E+00
             88                 15                 95         8.2000E+00
             88                 16                 38         9.2500E+00
             88                 17                  9         1.0400E+01
             88                 18                 19         1.1650E+01
             88                 19                 10         1.3000E+01
             89                  9                  1         4.8500E+00
             89                 10                  1         5.3000E+00
             89                 11                  8         5.8500E+00
             89                 12                 30         6.5000E+00
             89                 13                 15         7.2500E+00
             89                 14                 42         8.1000E+00
             89                 15                  9         9.0500E+00
