  #Crystal Size      Water Content              Count               Bias
             71                 17                  1         6.5000E+00
             72                 14                  1         4.0000E+00
             72                 15                  2         4.4500E+00
             72                 16                  1         5.0000E+00
             72                 17                  1         5.6500E+00
             72                 19                  2         7.2500E+00
             73                 13                  6         2.9000E+00
             73                 14                 11         3.2500E+00
             73                 15                  6         3.7000E+00
             73                 16                  6         4.2500E+00
             73                 17                  7         4.9000E+00
             73                 18                 19         5.6500E+00
             73                 19                 16         6.5000E+00
             73                 20                  8         7.4500E+00
             74                 10                  1         1.8000E+00
             74                 11                  1         1.8500E+00
             74                 12                  7         2.0000E+00
             74                 13                 22         2.2500E+00
             74                 14                 38         2.6000E+00
             74                 15                 24         3.0500E+00
             74                 16                 40         3.6000E+00
             74                 17                 34         4.2500E+00
             74                 18                 43         5.0000E+00
             74                 19                 40         5.8500E+00
             74                 20                 39         6.8000E+00
             74                 21                  4         7.8500E+00
             75                 10                  1         1.2500E+00
             75                 11                 15         1.3000E+00
             75                 12                 45         1.4500E+00
             75                 13                102         1.7000E+00
             75                 14                148         2.0500E+00
             75                 15                183         2.5000E+00
             75                 16                165         3.0500E+00
             75                 17                187         3.7000E+00
             75                 18                197         4.4500E+00
             75                 19                153         5.3000E+00
             75                 20                 78         6.2500E+00
             75                 21                 30         7.3000E+00
             75                 22                  1         8.4500E+00
             75                 23                  2         9.7000E+00
             76                 10                  7         8.0000E-01
             76                 11                 75         8.5000E-01
             76                 12                125         1.0000E+00
             76                 13                283         1.2500E+00
             76                 14                489         1.6000E+00
             76                 15                654         2.0500E+00
             76                 16                716         2.6000E+00
             76                 17                745         3.2500E+00
             76                 18                645         4.0000E+00
             76                 19                514         4.8500E+00
             76                 20                296         5.8000E+00
             76                 21                116         6.8500E+00
             76                 22                 10         8.0000E+00
             76                 23                  9         9.2500E+00
             77                  9                  7         5.0000E-01
             77                 10                 67         4.5000E-01
             77                 11                203         5.0000E-01
             77                 12                558         6.5000E-01
             77                 13               1020         9.0000E-01
             77                 14               1668         1.2500E+00
             77                 15               2124         1.7000E+00
             77                 16               2161         2.2500E+00
             77                 17               1910         2.9000E+00
             77                 18               1816         3.6500E+00
             77                 19               1142         4.5000E+00
             77                 20                750         5.4500E+00
             77                 21                322         6.5000E+00
             77                 22                 85         7.6500E+00
             77                 23                 12         8.9000E+00
             77                 24                  2         1.0250E+01
             78                  9                 34         2.5000E-01
             78                 10                244         2.0000E-01
             78                 11                654         2.5000E-01
             78                 12               1526         4.0000E-01
             78                 13               3230         6.5000E-01
             78                 14               4853         1.0000E+00
             78                 15               5937         1.4500E+00
             78                 16               5766         2.0000E+00
             78                 17               4787         2.6500E+00
             78                 18               3931         3.4000E+00
             78                 19               2727         4.2500E+00
             78                 20               1424         5.2000E+00
             78                 21                603         6.2500E+00
             78                 22                174         7.4000E+00
             78                 23                 21         8.6500E+00
             78                 24                  2         1.0000E+01
             79                  7                  1         5.0000E-01
             79                  8                  4         2.5000E-01
             79                  9                 70         1.0000E-01
             79                 10                471         5.0000E-02
             79                 11               1661         1.0000E-01
             79                 12               3916         2.5000E-01
             79                 13               7453         5.0000E-01
             79                 14              10955         8.5000E-01
             79                 15              13662         1.3000E+00
             79                 16              13315         1.8500E+00
             79                 17              10404         2.5000E+00
             79                 18               7275         3.2500E+00
             79                 19               4379         4.1000E+00
             79                 20               1985         5.0500E+00
             79                 21                887         6.1000E+00
             79                 22                181         7.2500E+00
             79                 23                 40         8.5000E+00
             79                 24                  7         9.8500E+00
             80                  7                  1         4.5000E-01
             80                  8                 24         2.0000E-01
             80                  9                158         5.0000E-02
             80                 10                939         0.0000E+00
             80                 11               3182         5.0000E-02
             80                 12               7897         2.0000E-01
             80                 13              14173         4.5000E-01
             80                 14              20710         8.0000E-01
             80                 15              24291         1.2500E+00
             80                 16              23207         1.8000E+00
             80                 17              18089         2.4500E+00
             80                 18              11767         3.2000E+00
             80                 19               6358         4.0500E+00
             80                 20               2822         5.0000E+00
             80                 21               1083         6.0500E+00
             80                 22                205         7.2000E+00
             80                 23                 33         8.4500E+00
             81                  7                  1         5.0000E-01
             81                  8                 33         2.5000E-01
             81                  9                296         1.0000E-01
             81                 10               1495         5.0000E-02
             81                 11               4822         1.0000E-01
             81                 12              11856         2.5000E-01
             81                 13              21886         5.0000E-01
             81                 14              30672         8.5000E-01
             81                 15              34795         1.3000E+00
             81                 16              32431         1.8500E+00
             81                 17              25134         2.5000E+00
             81                 18              14868         3.2500E+00
             81                 19               7214         4.1000E+00
             81                 20               2860         5.0500E+00
             81                 21               1036         6.1000E+00
             81                 22                243         7.2500E+00
             81                 23                 38         8.5000E+00
             82                  8                 28         4.0000E-01
             82                  9                291         2.5000E-01
             82                 10               1664         2.0000E-01
             82                 11               5537         2.5000E-01
             82                 12              13830         4.0000E-01
             82                 13              25383         6.5000E-01
             82                 14              35126         1.0000E+00
             82                 15              38550         1.4500E+00
             82                 16              35793         2.0000E+00
             82                 17              25734         2.6500E+00
             82                 18              15204         3.4000E+00
             82                 19               6908         4.2500E+00
             82                 20               2670         5.2000E+00
             82                 21                720         6.2500E+00
             82                 22                215         7.4000E+00
             82                 23                 21         8.6500E+00
             83                  7                  1         9.0000E-01
             83                  8                 10         6.5000E-01
             83                  9                243         5.0000E-01
             83                 10               1372         4.5000E-01
             83                 11               5045         5.0000E-01
             83                 12              12144         6.5000E-01
             83                 13              21952         9.0000E-01
             83                 14              30225         1.2500E+00
             83                 15              32877         1.7000E+00
             83                 16              29564         2.2500E+00
             83                 17              20216         2.9000E+00
             83                 18              11387         3.6500E+00
             83                 19               5495         4.5000E+00
             83                 20               2007         5.4500E+00
             83                 21                506         6.5000E+00
             83                 22                136         7.6500E+00
             83                 23                 18         8.9000E+00
             84                  8                  7         1.0000E+00
             84                  9                129         8.5000E-01
             84                 10                916         8.0000E-01
             84                 11               3103         8.5000E-01
             84                 12               7325         1.0000E+00
             84                 13              13392         1.2500E+00
             84                 14              18625         1.6000E+00
             84                 15              20563         2.0500E+00
             84                 16              17650         2.6000E+00
             84                 17              11874         3.2500E+00
             84                 18               6565         4.0000E+00
             84                 19               2956         4.8500E+00
             84                 20               1175         5.8000E+00
             84                 21                268         6.8500E+00
             84                 22                 59         8.0000E+00
             84                 23                  8         9.2500E+00
             85                  8                  3         1.4500E+00
             85                  9                 61         1.3000E+00
             85                 10                332         1.2500E+00
             85                 11               1304         1.3000E+00
             85                 12               2994         1.4500E+00
             85                 13               5647         1.7000E+00
             85                 14               7548         2.0500E+00
             85                 15               8492         2.5000E+00
             85                 16               7092         3.0500E+00
             85                 17               4604         3.7000E+00
             85                 18               2798         4.4500E+00
             85                 19               1328         5.3000E+00
             85                 20                544         6.2500E+00
             85                 21                149         7.3000E+00
             85                 22                 32         8.4500E+00
             86                  9                  6         1.8500E+00
             86                 10                 87         1.8000E+00
             86                 11                369         1.8500E+00
             86                 12                836         2.0000E+00
             86                 13               1638         2.2500E+00
             86                 14               2163         2.6000E+00
             86                 15               2246         3.0500E+00
             86                 16               1861         3.6000E+00
             86                 17               1261         4.2500E+00
             86                 18                852         5.0000E+00
             86                 19                453         5.8500E+00
             86                 20                149         6.8000E+00
             86                 21                 21         7.8500E+00
             86                 22                  2         9.0000E+00
             87                  9                  2         2.5000E+00
             87                 10                 15         2.4500E+00
             87                 11                 80         2.5000E+00
             87                 12                194         2.6500E+00
             87                 13                322         2.9000E+00
             87                 14                331         3.2500E+00
             87                 15                362         3.7000E+00
             87                 16                286         4.2500E+00
             87                 17                228         4.9000E+00
             87                 18                109         5.6500E+00
             87                 19                 91         6.5000E+00
             87                 20                 36         7.4500E+00
             87                 21                  1         8.5000E+00
             88                 10                  1         3.2000E+00
             88                 11                  9         3.2500E+00
             88                 12                 19         3.4000E+00
             88                 13                 24         3.6500E+00
             88                 14                 37         4.0000E+00
             88                 15                 41         4.4500E+00
             88                 16                 22         5.0000E+00
             88                 17                 11         5.6500E+00
             88                 18                  2         6.4000E+00
             88                 20                  2         8.2000E+00
