  #Crystal Size      Water Content              Count               Bias
             68                 27                  1         2.6500E+00
             68                 29                  3         3.2500E+00
             69                 26                  2         1.8500E+00
             69                 27                  5         2.0000E+00
             69                 28                  4         2.2500E+00
             69                 29                 24         2.6000E+00
             69                 30                  6         3.0500E+00
             69                 31                 10         3.6000E+00
             69                 32                  2         4.2500E+00
             70                 24                  7         1.3000E+00
             70                 25                  7         1.2500E+00
             70                 26                  9         1.3000E+00
             70                 27                 42         1.4500E+00
             70                 28                 88         1.7000E+00
             70                 29                 92         2.0500E+00
             70                 30                 94         2.5000E+00
             70                 31                 48         3.0500E+00
             70                 32                 27         3.7000E+00
             70                 33                  9         4.4500E+00
             70                 34                  1         5.3000E+00
             71                 23                  2         1.0000E+00
             71                 24                 33         8.5000E-01
             71                 25                 44         8.0000E-01
             71                 26                116         8.5000E-01
             71                 27                353         1.0000E+00
             71                 28                405         1.2500E+00
             71                 29                487         1.6000E+00
             71                 30                411         2.0500E+00
             71                 31                279         2.6000E+00
             71                 32                117         3.2500E+00
             71                 33                 47         4.0000E+00
             71                 34                 15         4.8500E+00
             71                 35                  1         5.8000E+00
             71                 40                  3         1.2050E+01
             72                 23                 32         6.5000E-01
             72                 24                 87         5.0000E-01
             72                 25                303         4.5000E-01
             72                 26                720         5.0000E-01
             72                 27               1336         6.5000E-01
             72                 28               1791         9.0000E-01
             72                 29               2032         1.2500E+00
             72                 30               1857         1.7000E+00
             72                 31               1168         2.2500E+00
             72                 32                604         2.9000E+00
             72                 33                180         3.6500E+00
             72                 34                 55         4.5000E+00
             72                 35                  5         5.4500E+00
             72                 37                 19         7.6500E+00
             72                 38                  4         8.9000E+00
             72                 39                  6         1.0250E+01
             72                 40                  2         1.1700E+01
             72                 41                  1         1.3250E+01
             73                 21                  7         1.0000E+00
             73                 22                 50         6.5000E-01
             73                 23                179         4.0000E-01
             73                 24                443         2.5000E-01
             73                 25               1185         2.0000E-01
             73                 26               2667         2.5000E-01
             73                 27               4715         4.0000E-01
             73                 28               6348         6.5000E-01
             73                 29               6987         1.0000E+00
             73                 30               5580         1.4500E+00
             73                 31               3681         2.0000E+00
             73                 32               1786         2.6500E+00
             73                 33                725         3.4000E+00
             73                 34                280         4.2500E+00
             73                 35                 50         5.2000E+00
             73                 36                  2         6.2500E+00
             73                 37                 32         7.4000E+00
             73                 38                 17         8.6500E+00
             73                 39                 10         1.0000E+01
             73                 40                 15         1.1450E+01
             74                 20                  4         1.3000E+00
             74                 21                 22         8.5000E-01
             74                 22                132         5.0000E-01
             74                 23                602         2.5000E-01
             74                 24               1656         1.0000E-01
             74                 25               3464         5.0000E-02
             74                 26               7147         1.0000E-01
             74                 27              12323         2.5000E-01
             74                 28              16128         5.0000E-01
             74                 29              16998         8.5000E-01
             74                 30              13210         1.3000E+00
             74                 31               8346         1.8500E+00
             74                 32               4165         2.5000E+00
             74                 33               1732         3.2500E+00
             74                 34                652         4.1000E+00
             74                 35                119         5.0500E+00
             74                 36                 26         6.1000E+00
             74                 37                 12         7.2500E+00
             74                 38                 16         8.5000E+00
             74                 39                 32         9.8500E+00
             74                 40                 18         1.1300E+01
             75                 20                 15         1.2500E+00
             75                 21                 58         8.0000E-01
             75                 22                435         4.5000E-01
             75                 23               1472         2.0000E-01
             75                 24               3764         5.0000E-02
             75                 25               8055         0.0000E+00
             75                 26              14721         5.0000E-02
             75                 27              23857         2.0000E-01
             75                 28              29862         4.5000E-01
             75                 29              29777         8.0000E-01
             75                 30              23398         1.2500E+00
             75                 31              14959         1.8000E+00
             75                 32               7296         2.4500E+00
             75                 33               3157         3.2000E+00
             75                 34               1156         4.0500E+00
             75                 35                283         5.0000E+00
             75                 36                 72         6.0500E+00
             75                 37                 22         7.2000E+00
             75                 38                 31         8.4500E+00
             75                 39                  9         9.8000E+00
             75                 40                 17         1.1250E+01
             75                 41                  1         1.2800E+01
             76                 20                 20         1.3000E+00
             76                 21                116         8.5000E-01
             76                 22                768         5.0000E-01
             76                 23               2540         2.5000E-01
             76                 24               6434         1.0000E-01
             76                 25              13109         5.0000E-02
             76                 26              22426         1.0000E-01
             76                 27              33207         2.5000E-01
             76                 28              40311         5.0000E-01
             76                 29              38859         8.5000E-01
             76                 30              29763         1.3000E+00
             76                 31              18765         1.8500E+00
             76                 32               9536         2.5000E+00
             76                 33               3779         3.2500E+00
             76                 34               1323         4.1000E+00
             76                 35                332         5.0500E+00
             76                 36                102         6.1000E+00
             76                 37                 29         7.2500E+00
             76                 38                 13         8.5000E+00
             76                 39                  6         9.8500E+00
             76                 40                  6         1.1300E+01
             77                 20                 14         1.4500E+00
             77                 21                176         1.0000E+00
             77                 22                910         6.5000E-01
             77                 23               2891         4.0000E-01
             77                 24               7589         2.5000E-01
             77                 25              15594         2.0000E-01
             77                 26              25168         2.5000E-01
             77                 27              33165         4.0000E-01
             77                 28              38538         6.5000E-01
             77                 29              36504         1.0000E+00
             77                 30              28063         1.4500E+00
             77                 31              18122         2.0000E+00
             77                 32               8648         2.6500E+00
             77                 33               3519         3.4000E+00
             77                 34               1187         4.2500E+00
             77                 35                378         5.2000E+00
             77                 36                114         6.2500E+00
             77                 37                 24         7.4000E+00
             77                 38                 12         8.6500E+00
             77                 39                  7         1.0000E+01
             77                 40                 11         1.1450E+01
             77                 41                  1         1.3000E+01
             78                 20                 12         1.7000E+00
             78                 21                160         1.2500E+00
             78                 22                897         9.0000E-01
             78                 23               2861         6.5000E-01
             78                 24               6655         5.0000E-01
             78                 25              12898         4.5000E-01
             78                 26              19463         5.0000E-01
             78                 27              24170         6.5000E-01
             78                 28              26518         9.0000E-01
             78                 29              24290         1.2500E+00
             78                 30              18524         1.7000E+00
             78                 31              11448         2.2500E+00
             78                 32               5540         2.9000E+00
             78                 33               2230         3.6500E+00
             78                 34                830         4.5000E+00
             78                 35                194         5.4500E+00
             78                 36                 93         6.5000E+00
             78                 37                 18         7.6500E+00
             78                 38                 11         8.9000E+00
             78                 40                  1         1.1700E+01
             79                 20                 11         2.0500E+00
             79                 21                 86         1.6000E+00
             79                 22                518         1.2500E+00
             79                 23               1507         1.0000E+00
             79                 24               3732         8.5000E-01
             79                 25               6929         8.0000E-01
             79                 26               9843         8.5000E-01
             79                 27              12001         1.0000E+00
             79                 28              12591         1.2500E+00
             79                 29              11240         1.6000E+00
             79                 30               8057         2.0500E+00
             79                 31               4876         2.6000E+00
             79                 32               2347         3.2500E+00
             79                 33                870         4.0000E+00
             79                 34                508         4.8500E+00
             79                 35                195         5.8000E+00
             79                 36                 49         6.8500E+00
             79                 37                 21         8.0000E+00
             79                 38                  3         9.2500E+00
             80                 20                  8         2.5000E+00
             80                 21                 18         2.0500E+00
             80                 22                145         1.7000E+00
             80                 23                543         1.4500E+00
             80                 24               1354         1.3000E+00
             80                 25               2401         1.2500E+00
             80                 26               3438         1.3000E+00
             80                 27               3996         1.4500E+00
             80                 28               4133         1.7000E+00
             80                 29               3180         2.0500E+00
             80                 30               2330         2.5000E+00
             80                 31               1465         3.0500E+00
             80                 32                642         3.7000E+00
             80                 33                261         4.4500E+00
             80                 34                194         5.3000E+00
             80                 35                 75         6.2500E+00
             80                 36                 30         7.3000E+00
             80                 37                  6         8.4500E+00
             81                 20                  2         3.0500E+00
             81                 21                  3         2.6000E+00
             81                 22                 52         2.2500E+00
             81                 23                 75         2.0000E+00
             81                 24                207         1.8500E+00
             81                 25                443         1.8000E+00
             81                 26                585         1.8500E+00
             81                 27                734         2.0000E+00
             81                 28                643         2.2500E+00
             81                 29                524         2.6000E+00
             81                 30                360         3.0500E+00
             81                 31                233         3.6000E+00
             81                 32                125         4.2500E+00
             81                 33                 55         5.0000E+00
             81                 34                 44         5.8500E+00
             81                 35                 42         6.8000E+00
             81                 36                 11         7.8500E+00
             81                 37                  6         9.0000E+00
             82                 21                  3         3.2500E+00
             82                 23                  2         2.6500E+00
             82                 24                 15         2.5000E+00
             82                 25                 43         2.4500E+00
             82                 26                 55         2.5000E+00
             82                 27                 65         2.6500E+00
             82                 28                 72         2.9000E+00
             82                 29                 45         3.2500E+00
             82                 30                 32         3.7000E+00
             82                 31                  7         4.2500E+00
             82                 32                 16         4.9000E+00
             82                 33                  9         5.6500E+00
             82                 34                 10         6.5000E+00
             82                 35                  8         7.4500E+00
             83                 27                  2         3.4000E+00
             83                 30                  1         4.4500E+00
