  #Crystal Size      Water Content              Count               Bias
             74                 11                  2         1.2100E+01
             75                  9                  1         9.0500E+00
             75                 11                  1         1.1050E+01
             75                 12                  1         1.2200E+01
             76                  8                  1         7.2500E+00
             76                  9                  9         8.1000E+00
             76                 10                  7         9.0500E+00
             76                 11                  2         1.0100E+01
             76                 12                  5         1.1250E+01
             76                 13                 10         1.2500E+01
             77                  7                  8         5.6500E+00
             77                  8                  9         6.4000E+00
             77                  9                  6         7.2500E+00
             77                 10                 16         8.2000E+00
             77                 11                 13         9.2500E+00
             77                 12                 18         1.0400E+01
             77                 13                 13         1.1650E+01
             77                 14                  1         1.3000E+01
             78                  5                  3         3.7000E+00
             78                  6                  8         4.2500E+00
             78                  7                 39         4.9000E+00
             78                  8                 53         5.6500E+00
             78                  9                 69         6.5000E+00
             78                 10                 66         7.4500E+00
             78                 11                112         8.5000E+00
             78                 12                 61         9.6500E+00
             78                 13                 52         1.0900E+01
             78                 14                  5         1.2250E+01
             78                 15                  3         1.3700E+01
             78                 17                  2         1.6900E+01
             79                  3                  2         2.2500E+00
             79                  4                  2         2.6000E+00
             79                  5                 21         3.0500E+00
             79                  6                 64         3.6000E+00
             79                  7                192         4.2500E+00
             79                  8                244         5.0000E+00
             79                  9                334         5.8500E+00
             79                 10                376         6.8000E+00
             79                 11                417         7.8500E+00
             79                 12                327         9.0000E+00
             79                 13                136         1.0250E+01
             79                 14                 72         1.1600E+01
             79                 15                 50         1.3050E+01
             79                 16                 11         1.4600E+01
             79                 17                 13         1.6250E+01
             80                  3                  1         1.7000E+00
             80                  4                 39         2.0500E+00
             80                  5                141         2.5000E+00
             80                  6                328         3.0500E+00
             80                  7                732         3.7000E+00
             80                  8               1174         4.4500E+00
             80                  9               1451         5.3000E+00
             80                 10               1564         6.2500E+00
             80                 11               1428         7.3000E+00
             80                 12               1059         8.4500E+00
             80                 13                623         9.7000E+00
             80                 14                255         1.1050E+01
             80                 15                159         1.2500E+01
             80                 16                 33         1.4050E+01
             80                 17                 19         1.5700E+01
             81                  3                  4         1.2500E+00
             81                  4                148         1.6000E+00
             81                  5                433         2.0500E+00
             81                  6               1099         2.6000E+00
             81                  7               2230         3.2500E+00
             81                  8               3728         4.0000E+00
             81                  9               4539         4.8500E+00
             81                 10               5379         5.8000E+00
             81                 11               4727         6.8500E+00
             81                 12               3254         8.0000E+00
             81                 13               1643         9.2500E+00
             81                 14                652         1.0600E+01
             81                 15                301         1.2050E+01
             81                 16                 55         1.3600E+01
             81                 17                 34         1.5250E+01
             82                  3                 33         9.0000E-01
             82                  4                334         1.2500E+00
             82                  5               1175         1.7000E+00
             82                  6               2790         2.2500E+00
             82                  7               5788         2.9000E+00
             82                  8               9022         3.6500E+00
             82                  9              12224         4.5000E+00
             82                 10              13835         5.4500E+00
             82                 11              11522         6.5000E+00
             82                 12               7312         7.6500E+00
             82                 13               3806         8.9000E+00
             82                 14               1515         1.0250E+01
             82                 15                484         1.1700E+01
             82                 16                115         1.3250E+01
             82                 17                 23         1.4900E+01
             82                 18                  3         1.6650E+01
             83                  2                  2         4.0000E-01
             83                  3                 80         6.5000E-01
             83                  4                592         1.0000E+00
             83                  5               2332         1.4500E+00
             83                  6               5982         2.0000E+00
             83                  7              11684         2.6500E+00
             83                  8              19016         3.4000E+00
             83                  9              24672         4.2500E+00
             83                 10              25445         5.2000E+00
             83                 11              20282         6.2500E+00
             83                 12              13370         7.4000E+00
             83                 13               6218         8.6500E+00
             83                 14               2411         1.0000E+01
             83                 15                805         1.1450E+01
             83                 16                194         1.3000E+01
             83                 17                 41         1.4650E+01
             84                  2                  5         2.5000E-01
             84                  3                126         5.0000E-01
             84                  4                973         8.5000E-01
             84                  5               3437         1.3000E+00
             84                  6               9037         1.8500E+00
             84                  7              18336         2.5000E+00
             84                  8              29163         3.2500E+00
             84                  9              37801         4.1000E+00
             84                 10              37708         5.0500E+00
             84                 11              28704         6.1000E+00
             84                 12              17531         7.2500E+00
             84                 13               7824         8.5000E+00
             84                 14               2911         9.8500E+00
             84                 15                792         1.1300E+01
             84                 16                173         1.2850E+01
             84                 17                 19         1.4500E+01
             85                  2                 19         2.0000E-01
             85                  3                144         4.5000E-01
             85                  4               1048         8.0000E-01
             85                  5               4129         1.2500E+00
             85                  6              10406         1.8000E+00
             85                  7              20987         2.4500E+00
             85                  8              34187         3.2000E+00
             85                  9              42812         4.0500E+00
             85                 10              41270         5.0000E+00
             85                 11              30699         6.0500E+00
             85                 12              18176         7.2000E+00
             85                 13               7812         8.4500E+00
             85                 14               2744         9.8000E+00
             85                 15                722         1.1250E+01
             85                 16                123         1.2800E+01
             85                 17                 13         1.4450E+01
             86                  2                 19         2.5000E-01
             86                  3                138         5.0000E-01
             86                  4                931         8.5000E-01
             86                  5               3555         1.3000E+00
             86                  6               9044         1.8500E+00
             86                  7              18476         2.5000E+00
             86                  8              29131         3.2500E+00
             86                  9              35855         4.1000E+00
             86                 10              35231         5.0500E+00
             86                 11              25624         6.1000E+00
             86                 12              13665         7.2500E+00
             86                 13               5683         8.5000E+00
             86                 14               1797         9.8500E+00
             86                 15                503         1.1300E+01
             86                 16                127         1.2850E+01
             86                 17                  4         1.4500E+01
             87                  2                  4         4.0000E-01
             87                  3                 89         6.5000E-01
             87                  4                541         1.0000E+00
             87                  5               2081         1.4500E+00
             87                  6               5423         2.0000E+00
             87                  7              11452         2.6500E+00
             87                  8              17496         3.4000E+00
             87                  9              22394         4.2500E+00
             87                 10              21633         5.2000E+00
             87                 11              15445         6.2500E+00
             87                 12               8174         7.4000E+00
             87                 13               3041         8.6500E+00
             87                 14                812         1.0000E+01
             87                 15                204         1.1450E+01
             87                 16                 41         1.3000E+01
             88                  2                  2         6.5000E-01
             88                  3                 22         9.0000E-01
             88                  4                183         1.2500E+00
             88                  5                793         1.7000E+00
             88                  6               2465         2.2500E+00
             88                  7               4708         2.9000E+00
             88                  8               7358         3.6500E+00
             88                  9               9344         4.5000E+00
             88                 10               9069         5.4500E+00
             88                 11               6698         6.5000E+00
             88                 12               3391         7.6500E+00
             88                 13               1155         8.9000E+00
             88                 14                277         1.0250E+01
             88                 15                 36         1.1700E+01
             88                 16                 14         1.3250E+01
             89                  3                  3         1.2500E+00
             89                  4                 40         1.6000E+00
             89                  5                235         2.0500E+00
             89                  6                556         2.6000E+00
             89                  7               1072         3.2500E+00
             89                  8               1752         4.0000E+00
             89                  9               2574         4.8500E+00
             89                 10               2278         5.8000E+00
             89                 11               1710         6.8500E+00
             89                 12                842         8.0000E+00
             89                 13                234         9.2500E+00
             89                 14                 84         1.0600E+01
             89                 15                 26         1.2050E+01
             89                 16                  8         1.3600E+01
             90                  4                  2         2.0500E+00
             90                  5                 19         2.5000E+00
             90                  6                 59         3.0500E+00
             90                  7                124         3.7000E+00
             90                  8                219         4.4500E+00
             90                  9                340         5.3000E+00
             90                 10                298         6.2500E+00
             90                 11                164         7.3000E+00
             90                 12                 94         8.4500E+00
             90                 13                 65         9.7000E+00
             90                 14                 36         1.1050E+01
             90                 15                 10         1.2500E+01
             90                 16                  1         1.4050E+01
