  #Crystal Size      Water Content              Count               Bias
             68                 14                  4         1.0000E+01
             69                 10                  7         5.0500E+00
             69                 11                  2         6.1000E+00
             69                 12                  5         7.2500E+00
             69                 13                  2         8.5000E+00
             69                 14                  3         9.8500E+00
             69                 15                  1         1.1300E+01
             70                  9                  6         4.0500E+00
             70                 10                 29         5.0000E+00
             70                 11                 52         6.0500E+00
             70                 12                 46         7.2000E+00
             70                 13                 24         8.4500E+00
             70                 14                 19         9.8000E+00
             70                 15                 22         1.1250E+01
             70                 16                  5         1.2800E+01
             71                  5                  1         1.3000E+00
             71                  6                 10         1.8500E+00
             71                  9                 40         4.1000E+00
             71                 10                125         5.0500E+00
             71                 11                252         6.1000E+00
             71                 12                268         7.2500E+00
             71                 13                201         8.5000E+00
             71                 14                171         9.8500E+00
             71                 15                 99         1.1300E+01
             71                 16                 27         1.2850E+01
             71                 17                  1         1.4500E+01
             72                  6                  7         2.0000E+00
             72                  7                 11         2.6500E+00
             72                  8                 11         3.4000E+00
             72                  9                197         4.2500E+00
             72                 10                663         5.2000E+00
             72                 11               1102         6.2500E+00
             72                 12               1269         7.4000E+00
             72                 13               1036         8.6500E+00
             72                 14                606         1.0000E+01
             72                 15                335         1.1450E+01
             72                 16                137         1.3000E+01
             72                 17                 24         1.4650E+01
             72                 18                  4         1.6400E+01
             73                  6                  5         2.2500E+00
             73                  7                 11         2.9000E+00
             73                  8                108         3.6500E+00
             73                  9                638         4.5000E+00
             73                 10               2226         5.4500E+00
             73                 11               3557         6.5000E+00
             73                 12               4234         7.6500E+00
             73                 13               3559         8.9000E+00
             73                 14               2024         1.0250E+01
             73                 15               1132         1.1700E+01
             73                 16                349         1.3250E+01
             73                 17                103         1.4900E+01
             73                 18                 13         1.6650E+01
             74                  6                  1         2.6000E+00
             74                  7                 36         3.2500E+00
             74                  8                292         4.0000E+00
             74                  9               1682         4.8500E+00
             74                 10               5628         5.8000E+00
             74                 11               9986         6.8500E+00
             74                 12              11885         8.0000E+00
             74                 13               9103         9.2500E+00
             74                 14               5190         1.0600E+01
             74                 15               2521         1.2050E+01
             74                 16                971         1.3600E+01
             74                 17                265         1.5250E+01
             74                 18                 69         1.7000E+01
             74                 19                  9         1.8850E+01
             74                 20                  1         2.0800E+01
             75                  6                 17         3.0500E+00
             75                  7                 57         3.7000E+00
             75                  8                652         4.4500E+00
             75                  9               3692         5.3000E+00
             75                 10              11170         6.2500E+00
             75                 11              20546         7.3000E+00
             75                 12              24237         8.4500E+00
             75                 13              18885         9.7000E+00
             75                 14              10891         1.1050E+01
             75                 15               5348         1.2500E+01
             75                 16               1930         1.4050E+01
             75                 17                544         1.5700E+01
             75                 18                132         1.7450E+01
             75                 19                  6         1.9300E+01
             76                  6                 18         3.6000E+00
             76                  7                122         4.2500E+00
             76                  8               1118         5.0000E+00
             76                  9               6200         5.8500E+00
             76                 10              17760         6.8000E+00
             76                 11              33872         7.8500E+00
             76                 12              37177         9.0000E+00
             76                 13              30237         1.0250E+01
             76                 14              17352         1.1600E+01
             76                 15               8358         1.3050E+01
             76                 16               3177         1.4600E+01
             76                 17                880         1.6250E+01
             76                 18                166         1.8000E+01
             76                 19                 14         1.9850E+01
             77                  5                 16         3.7000E+00
             77                  6                 53         4.2500E+00
             77                  7                201         4.9000E+00
             77                  8               1603         5.6500E+00
             77                  9               7531         6.5000E+00
             77                 10              22744         7.4500E+00
             77                 11              41065         8.5000E+00
             77                 12              46732         9.6500E+00
             77                 13              37760         1.0900E+01
             77                 14              21165         1.2250E+01
             77                 15              10278         1.3700E+01
             77                 16               3803         1.5250E+01
             77                 17               1158         1.6900E+01
             77                 18                249         1.8650E+01
             77                 19                 28         2.0500E+01
             78                  4                  1         4.0000E+00
             78                  5                  6         4.4500E+00
             78                  6                 80         5.0000E+00
             78                  7                320         5.6500E+00
             78                  8               2242         6.4000E+00
             78                  9               8088         7.2500E+00
             78                 10              23527         8.2000E+00
             78                 11              40423         9.2500E+00
             78                 12              44352         1.0400E+01
             78                 13              35082         1.1650E+01
             78                 14              20486         1.3000E+01
             78                 15               9720         1.4450E+01
             78                 16               3522         1.6000E+01
             78                 17                931         1.7650E+01
             78                 18                188         1.9400E+01
             78                 19                 56         2.1250E+01
             78                 20                  3         2.3200E+01
             79                  5                  9         5.3000E+00
             79                  6                 68         5.8500E+00
             79                  7                397         6.5000E+00
             79                  8               2099         7.2500E+00
             79                  9               7524         8.1000E+00
             79                 10              18505         9.0500E+00
             79                 11              30677         1.0100E+01
             79                 12              33407         1.1250E+01
             79                 13              25191         1.2500E+01
             79                 14              15376         1.3850E+01
             79                 15               7712         1.5300E+01
             79                 16               2796         1.6850E+01
             79                 17                685         1.8500E+01
             79                 18                193         2.0250E+01
             79                 19                 19         2.2100E+01
             79                 20                  3         2.4050E+01
             80                  4                  1         5.8000E+00
             80                  6                 43         6.8000E+00
             80                  7                246         7.4500E+00
             80                  8               1474         8.2000E+00
             80                  9               5380         9.0500E+00
             80                 10              12025         1.0000E+01
             80                 11              18548         1.1050E+01
             80                 12              19007         1.2200E+01
             80                 13              13892         1.3450E+01
             80                 14               8913         1.4800E+01
             80                 15               4406         1.6250E+01
             80                 16               1515         1.7800E+01
             80                 17                366         1.9450E+01
             80                 18                 46         2.1200E+01
             80                 19                  2         2.3050E+01
             81                  6                 13         7.8500E+00
             81                  7                143         8.5000E+00
             81                  8                980         9.2500E+00
             81                  9               2989         1.0100E+01
             81                 10               6155         1.1050E+01
             81                 11               8522         1.2100E+01
             81                 12               8186         1.3250E+01
             81                 13               6235         1.4500E+01
             81                 14               3853         1.5850E+01
             81                 15               1964         1.7300E+01
             81                 16                653         1.8850E+01
             81                 17                126         2.0500E+01
             81                 18                 23         2.2250E+01
             82                  6                  7         9.0000E+00
             82                  7                 75         9.6500E+00
             82                  8                493         1.0400E+01
             82                  9               1384         1.1250E+01
             82                 10               2583         1.2200E+01
             82                 11               2830         1.3250E+01
             82                 12               2688         1.4400E+01
             82                 13               2073         1.5650E+01
             82                 14               1300         1.7000E+01
             82                 15                589         1.8450E+01
             82                 16                274         2.0000E+01
             82                 17                 30         2.1650E+01
             82                 18                  5         2.3400E+01
             83                  7                 25         1.0900E+01
             83                  8                142         1.1650E+01
             83                  9                415         1.2500E+01
             83                 10                788         1.3450E+01
             83                 11                922         1.4500E+01
             83                 12                730         1.5650E+01
             83                 13                512         1.6900E+01
             83                 14                337         1.8250E+01
             83                 15                108         1.9700E+01
             83                 16                 49         2.1250E+01
             83                 17                  3         2.2900E+01
             84                  7                  4         1.2250E+01
             84                  8                 53         1.3000E+01
             84                  9                 94         1.3850E+01
             84                 10                136         1.4800E+01
             84                 11                167         1.5850E+01
             84                 12                133         1.7000E+01
             84                 13                125         1.8250E+01
             84                 14                 50         1.9600E+01
             84                 15                 11         2.1050E+01
             84                 16                  2         2.2600E+01
             85                  8                 10         1.4450E+01
             85                  9                 22         1.5300E+01
             85                 10                 25         1.6250E+01
             85                 11                  7         1.7300E+01
             85                 12                 16         1.8450E+01
             85                 13                 19         1.9700E+01
             85                 14                  2         2.1050E+01
             86                  9                  2         1.6850E+01
