  #Crystal Size      Water Content              Count               Bias
             66                 15                  1         5.8000E+00
             66                 16                  2         6.8500E+00
             66                 17                  1         8.0000E+00
             67                 14                  6         4.5000E+00
             67                 15                  9         5.4500E+00
             67                 16                 16         6.5000E+00
             67                 17                 14         7.6500E+00
             67                 18                  5         8.9000E+00
             67                 19                  4         1.0250E+01
             68                 13                  3         3.4000E+00
             68                 14                 16         4.2500E+00
             68                 15                 41         5.2000E+00
             68                 16                104         6.2500E+00
             68                 17                 78         7.4000E+00
             68                 18                 67         8.6500E+00
             68                 19                 54         1.0000E+01
             68                 20                 16         1.1450E+01
             68                 21                  6         1.3000E+01
             69                 12                  4         2.5000E+00
             69                 13                 39         3.2500E+00
             69                 14                 96         4.1000E+00
             69                 15                231         5.0500E+00
             69                 16                447         6.1000E+00
             69                 17                532         7.2500E+00
             69                 18                408         8.5000E+00
             69                 19                273         9.8500E+00
             69                 20                154         1.1300E+01
             69                 21                 46         1.2850E+01
             69                 22                  6         1.4500E+01
             70                 12                 47         2.4500E+00
             70                 13                224         3.2000E+00
             70                 14                468         4.0500E+00
             70                 15               1032         5.0000E+00
             70                 16               1776         6.0500E+00
             70                 17               1967         7.2000E+00
             70                 18               1804         8.4500E+00
             70                 19               1203         9.8000E+00
             70                 20                510         1.1250E+01
             70                 21                195         1.2800E+01
             70                 22                 32         1.4450E+01
             70                 23                  3         1.6200E+01
             71                 11                  8         1.8500E+00
             71                 12                140         2.5000E+00
             71                 13                529         3.2500E+00
             71                 14               1580         4.1000E+00
             71                 15               3271         5.0500E+00
             71                 16               5252         6.1000E+00
             71                 17               6298         7.2500E+00
             71                 18               5692         8.5000E+00
             71                 19               3863         9.8500E+00
             71                 20               1717         1.1300E+01
             71                 21                515         1.2850E+01
             71                 22                172         1.4500E+01
             71                 23                 38         1.6250E+01
             72                 11                 57         2.0000E+00
             72                 12                379         2.6500E+00
             72                 13               1237         3.4000E+00
             72                 14               3994         4.2500E+00
             72                 15               8105         5.2000E+00
             72                 16              12539         6.2500E+00
             72                 17              14945         7.4000E+00
             72                 18              13697         8.6500E+00
             72                 19               8530         1.0000E+01
             72                 20               4285         1.1450E+01
             72                 21               1414         1.3000E+01
             72                 22                490         1.4650E+01
             72                 23                 92         1.6400E+01
             72                 24                 11         1.8250E+01
             73                 10                  1         1.7000E+00
             73                 11                100         2.2500E+00
             73                 12                694         2.9000E+00
             73                 13               2605         3.6500E+00
             73                 14               7540         4.5000E+00
             73                 15              14913         5.4500E+00
             73                 16              23357         6.5000E+00
             73                 17              27446         7.6500E+00
             73                 18              23946         8.9000E+00
             73                 19              15663         1.0250E+01
             73                 20               8400         1.1700E+01
             73                 21               3039         1.3250E+01
             73                 22                892         1.4900E+01
             73                 23                199         1.6650E+01
             73                 24                  4         1.8500E+01
             73                 25                  9         2.0450E+01
             74                 10                 19         2.0500E+00
             74                 11                211         2.6000E+00
             74                 12               1057         3.2500E+00
             74                 13               3793         4.0000E+00
             74                 14              11132         4.8500E+00
             74                 15              21501         5.8000E+00
             74                 16              33627         6.8500E+00
             74                 17              39990         8.0000E+00
             74                 18              34714         9.2500E+00
             74                 19              23141         1.0600E+01
             74                 20              12389         1.2050E+01
             74                 21               4766         1.3600E+01
             74                 22               1399         1.5250E+01
             74                 23                291         1.7000E+01
             74                 24                 36         1.8850E+01
             74                 25                 29         2.0800E+01
             74                 26                  1         2.2850E+01
             75                 10                 15         2.5000E+00
             75                 11                297         3.0500E+00
             75                 12               1212         3.7000E+00
             75                 13               4177         4.4500E+00
             75                 14              12796         5.3000E+00
             75                 15              23545         6.2500E+00
             75                 16              35680         7.3000E+00
             75                 17              43368         8.4500E+00
             75                 18              36774         9.7000E+00
             75                 19              25709         1.1050E+01
             75                 20              13606         1.2500E+01
             75                 21               5423         1.4050E+01
             75                 22               1761         1.5700E+01
             75                 23                350         1.7450E+01
             75                 24                 81         1.9300E+01
             75                 25                 20         2.1250E+01
             76                 10                 19         3.0500E+00
             76                 11                284         3.6000E+00
             76                 12               1351         4.2500E+00
             76                 13               4255         5.0000E+00
             76                 14              10912         5.8500E+00
             76                 15              20651         6.8000E+00
             76                 16              29430         7.8500E+00
             76                 17              34304         9.0000E+00
             76                 18              30693         1.0250E+01
             76                 19              21854         1.1600E+01
             76                 20              12141         1.3050E+01
             76                 21               4828         1.4600E+01
             76                 22               1596         1.6250E+01
             76                 23                362         1.8000E+01
             76                 24                 73         1.9850E+01
             76                 25                  8         2.1800E+01
             77                 10                 43         3.7000E+00
             77                 11                234         4.2500E+00
             77                 12               1156         4.9000E+00
             77                 13               3791         5.6500E+00
             77                 14               8153         6.5000E+00
             77                 15              14641         7.4500E+00
             77                 16              18850         8.5000E+00
             77                 17              20725         9.6500E+00
             77                 18              18325         1.0900E+01
             77                 19              13467         1.2250E+01
             77                 20               8284         1.3700E+01
             77                 21               3383         1.5250E+01
             77                 22               1254         1.6900E+01
             77                 23                201         1.8650E+01
             77                 24                 93         2.0500E+01
             77                 25                  1         2.2450E+01
             78                 10                 20         4.4500E+00
             78                 11                152         5.0000E+00
             78                 12                633         5.6500E+00
             78                 13               2081         6.4000E+00
             78                 14               4708         7.2500E+00
             78                 15               7427         8.2000E+00
             78                 16               9028         9.2500E+00
             78                 17               8859         1.0400E+01
             78                 18               8453         1.1650E+01
             78                 19               6277         1.3000E+01
             78                 20               3859         1.4450E+01
             78                 21               1726         1.6000E+01
             78                 22                638         1.7650E+01
             78                 23                106         1.9400E+01
             78                 24                 16         2.1250E+01
             79                  9                  1         4.8500E+00
             79                 10                 11         5.3000E+00
             79                 11                 89         5.8500E+00
             79                 12                294         6.5000E+00
             79                 13                848         7.2500E+00
             79                 14               2178         8.1000E+00
             79                 15               3422         9.0500E+00
             79                 16               3800         1.0100E+01
             79                 17               3005         1.1250E+01
             79                 18               2627         1.2500E+01
             79                 19               2218         1.3850E+01
             79                 20               1256         1.5300E+01
             79                 21                586         1.6850E+01
             79                 22                234         1.8500E+01
             79                 23                 52         2.0250E+01
             79                 24                  4         2.2100E+01
             80                  9                  1         5.8000E+00
             80                 10                  3         6.2500E+00
             80                 11                 27         6.8000E+00
             80                 12                 86         7.4500E+00
             80                 13                321         8.2000E+00
             80                 14                822         9.0500E+00
             80                 15               1094         1.0000E+01
             80                 16               1259         1.1050E+01
             80                 17                761         1.2200E+01
             80                 18                660         1.3450E+01
             80                 19                529         1.4800E+01
             80                 20                316         1.6250E+01
             80                 21                166         1.7800E+01
             80                 22                 29         1.9450E+01
             80                 23                  8         2.1200E+01
             80                 24                  5         2.3050E+01
             81                 11                 25         7.8500E+00
             81                 12                 33         8.5000E+00
             81                 13                 40         9.2500E+00
             81                 14                148         1.0100E+01
             81                 15                331         1.1050E+01
             81                 16                252         1.2100E+01
             81                 17                138         1.3250E+01
             81                 18                118         1.4500E+01
             81                 19                 74         1.5850E+01
             81                 20                 53         1.7300E+01
             81                 21                 34         1.8850E+01
             81                 24                  1         2.4100E+01
             82                 13                  1         1.0400E+01
             82                 14                 23         1.1250E+01
             82                 15                 65         1.2200E+01
             82                 16                 30         1.3250E+01
             82                 17                 17         1.4400E+01
             82                 18                  4         1.5650E+01
             82                 19                 10         1.7000E+01
             82                 20                  4         1.8450E+01
             82                 21                  5         2.0000E+01
             83                 14                  1         1.2500E+01
             83                 15                 10         1.3450E+01
             83                 16                 16         1.4500E+01
             83                 17                  2         1.5650E+01
