  #Crystal Size      Water Content              Count               Bias
             74                 28                  1         6.5000E+00
             75                 24                  1         5.0500E+00
             75                 25                  2         5.0000E+00
             75                 26                  2         5.0500E+00
             75                 28                  3         5.4500E+00
             75                 29                  1         5.8000E+00
             75                 30                  2         6.2500E+00
             76                 23                 10         4.2500E+00
             76                 24                  7         4.1000E+00
             76                 25                  8         4.0500E+00
             76                 26                  9         4.1000E+00
             76                 27                 16         4.2500E+00
             76                 28                 18         4.5000E+00
             76                 29                  4         4.8500E+00
             76                 30                  4         5.3000E+00
             76                 31                  4         5.8500E+00
             76                 32                  1         6.5000E+00
             77                 20                  1         4.4500E+00
             77                 21                  8         4.0000E+00
             77                 22                 15         3.6500E+00
             77                 23                 57         3.4000E+00
             77                 24                 81         3.2500E+00
             77                 25                 90         3.2000E+00
             77                 26                 91         3.2500E+00
             77                 27                106         3.4000E+00
             77                 28                 76         3.6500E+00
             77                 29                 62         4.0000E+00
             77                 30                 34         4.4500E+00
             77                 31                 12         5.0000E+00
             77                 32                  6         5.6500E+00
             77                 33                  2         6.4000E+00
             78                 17                  1         5.6500E+00
             78                 18                  1         4.9000E+00
             78                 19                  2         4.2500E+00
             78                 20                  5         3.7000E+00
             78                 21                 36         3.2500E+00
             78                 22                 68         2.9000E+00
             78                 23                180         2.6500E+00
             78                 24                302         2.5000E+00
             78                 25                392         2.4500E+00
             78                 26                380         2.5000E+00
             78                 27                459         2.6500E+00
             78                 28                338         2.9000E+00
             78                 29                191         3.2500E+00
             78                 30                195         3.7000E+00
             78                 31                 81         4.2500E+00
             78                 32                 28         4.9000E+00
             78                 33                  2         5.6500E+00
             79                 17                  2         5.0000E+00
             79                 18                  8         4.2500E+00
             79                 19                 38         3.6000E+00
             79                 20                 58         3.0500E+00
             79                 21                175         2.6000E+00
             79                 22                395         2.2500E+00
             79                 23                754         2.0000E+00
             79                 24               1228         1.8500E+00
             79                 25               1549         1.8000E+00
             79                 26               1564         1.8500E+00
             79                 27               1618         2.0000E+00
             79                 28               1111         2.2500E+00
             79                 29                683         2.6000E+00
             79                 30                410         3.0500E+00
             79                 31                243         3.6000E+00
             79                 32                 78         4.2500E+00
             79                 33                 31         5.0000E+00
             80                 17                  4         4.4500E+00
             80                 18                 34         3.7000E+00
             80                 19                 93         3.0500E+00
             80                 20                172         2.5000E+00
             80                 21                487         2.0500E+00
             80                 22               1319         1.7000E+00
             80                 23               2276         1.4500E+00
             80                 24               3583         1.3000E+00
             80                 25               4694         1.2500E+00
             80                 26               5365         1.3000E+00
             80                 27               4705         1.4500E+00
             80                 28               3360         1.7000E+00
             80                 29               1980         2.0500E+00
             80                 30               1088         2.5000E+00
             80                 31                541         3.0500E+00
             80                 32                198         3.7000E+00
             80                 33                 72         4.4500E+00
             80                 34                  4         5.3000E+00
             81                 17                  9         4.0000E+00
             81                 18                 91         3.2500E+00
             81                 19                236         2.6000E+00
             81                 20                475         2.0500E+00
             81                 21               1322         1.6000E+00
             81                 22               3031         1.2500E+00
             81                 23               5704         1.0000E+00
             81                 24               9147         8.5000E-01
             81                 25              11680         8.0000E-01
             81                 26              12577         8.5000E-01
             81                 27              11101         1.0000E+00
             81                 28               8064         1.2500E+00
             81                 29               4756         1.6000E+00
             81                 30               2514         2.0500E+00
             81                 31               1139         2.6000E+00
             81                 32                441         3.2500E+00
             81                 33                144         4.0000E+00
             81                 34                 16         4.8500E+00
             82                 17                  8         3.6500E+00
             82                 18                126         2.9000E+00
             82                 19                388         2.2500E+00
             82                 20               1036         1.7000E+00
             82                 21               2576         1.2500E+00
             82                 22               5671         9.0000E-01
             82                 23              11188         6.5000E-01
             82                 24              17945         5.0000E-01
             82                 25              22893         4.5000E-01
             82                 26              23743         5.0000E-01
             82                 27              20105         6.5000E-01
             82                 28              14536         9.0000E-01
             82                 29               8827         1.2500E+00
             82                 30               4626         1.7000E+00
             82                 31               2075         2.2500E+00
             82                 32                703         2.9000E+00
             82                 33                160         3.6500E+00
             82                 34                 19         4.5000E+00
             83                 16                  4         4.2500E+00
             83                 17                 33         3.4000E+00
             83                 18                150         2.6500E+00
             83                 19                640         2.0000E+00
             83                 20               1616         1.4500E+00
             83                 21               4136         1.0000E+00
             83                 22               9171         6.5000E-01
             83                 23              16979         4.0000E-01
             83                 24              26589         2.5000E-01
             83                 25              33698         2.0000E-01
             83                 26              34951         2.5000E-01
             83                 27              29575         4.0000E-01
             83                 28              20690         6.5000E-01
             83                 29              11669         1.0000E+00
             83                 30               6318         1.4500E+00
             83                 31               2887         2.0000E+00
             83                 32                892         2.6500E+00
             83                 33                207         3.4000E+00
             83                 34                 49         4.2500E+00
             83                 35                  4         5.2000E+00
             84                 17                 26         3.2500E+00
             84                 18                174         2.5000E+00
             84                 19                676         1.8500E+00
             84                 20               1939         1.3000E+00
             84                 21               4963         8.5000E-01
             84                 22              11243         5.0000E-01
             84                 23              20284         2.5000E-01
             84                 24              29735         1.0000E-01
             84                 25              36716         5.0000E-02
             84                 26              37400         1.0000E-01
             84                 27              31614         2.5000E-01
             84                 28              21405         5.0000E-01
             84                 29              12376         8.5000E-01
             84                 30               6676         1.3000E+00
             84                 31               3034         1.8500E+00
             84                 32               1041         2.5000E+00
             84                 33                316         3.2500E+00
             84                 34                 48         4.1000E+00
             84                 35                  3         5.0500E+00
             85                 17                 17         3.2000E+00
             85                 18                160         2.4500E+00
             85                 19                683         1.8000E+00
             85                 20               2141         1.2500E+00
             85                 21               4830         8.0000E-01
             85                 22               9730         4.5000E-01
             85                 23              16889         2.0000E-01
             85                 24              24308         5.0000E-02
             85                 25              29662         0.0000E+00
             85                 26              30166         5.0000E-02
             85                 27              24534         2.0000E-01
             85                 28              16230         4.5000E-01
             85                 29               9172         8.0000E-01
             85                 30               4786         1.2500E+00
             85                 31               2109         1.8000E+00
             85                 32                839         2.4500E+00
             85                 33                293         3.2000E+00
             85                 34                 54         4.0500E+00
             86                 17                  3         3.2500E+00
             86                 18                 92         2.5000E+00
             86                 19                472         1.8500E+00
             86                 20               1582         1.3000E+00
             86                 21               3320         8.5000E-01
             86                 22               6253         5.0000E-01
             86                 23              10673         2.5000E-01
             86                 24              14728         1.0000E-01
             86                 25              17790         5.0000E-02
             86                 26              17210         1.0000E-01
             86                 27              13307         2.5000E-01
             86                 28               8387         5.0000E-01
             86                 29               4726         8.5000E-01
             86                 30               2586         1.3000E+00
             86                 31                948         1.8500E+00
             86                 32                415         2.5000E+00
             86                 33                131         3.2500E+00
             86                 34                 25         4.1000E+00
             86                 35                  2         5.0500E+00
             87                 18                 48         2.6500E+00
             87                 19                248         2.0000E+00
             87                 20                731         1.4500E+00
             87                 21               1478         1.0000E+00
             87                 22               2560         6.5000E-01
             87                 23               4331         4.0000E-01
             87                 24               5723         2.5000E-01
             87                 25               6802         2.0000E-01
             87                 26               6339         2.5000E-01
             87                 27               4841         4.0000E-01
             87                 28               2701         6.5000E-01
             87                 29               1534         1.0000E+00
             87                 30                782         1.4500E+00
             87                 31                360         2.0000E+00
             87                 32                147         2.6500E+00
             87                 33                 69         3.4000E+00
             87                 34                  8         4.2500E+00
             88                 18                 18         2.9000E+00
             88                 19                 58         2.2500E+00
             88                 20                230         1.7000E+00
             88                 21                426         1.2500E+00
             88                 22                653         9.0000E-01
             88                 23               1103         6.5000E-01
             88                 24               1330         5.0000E-01
             88                 25               1505         4.5000E-01
             88                 26               1350         5.0000E-01
             88                 27               1097         6.5000E-01
             88                 28                596         9.0000E-01
             88                 29                257         1.2500E+00
             88                 30                157         1.7000E+00
             88                 31                 66         2.2500E+00
             88                 32                 28         2.9000E+00
             88                 33                 17         3.6500E+00
             89                 18                  1         3.2500E+00
             89                 19                  5         2.6000E+00
             89                 20                 15         2.0500E+00
             89                 21                 49         1.6000E+00
             89                 22                 95         1.2500E+00
             89                 23                132         1.0000E+00
             89                 24                118         8.5000E-01
             89                 25                128         8.0000E-01
             89                 26                151         8.5000E-01
             89                 27                 62         1.0000E+00
             89                 28                 32         1.2500E+00
             89                 29                  9         1.6000E+00
             89                 30                 14         2.0500E+00
             89                 31                 20         2.6000E+00
             89                 32                  3         3.2500E+00
             89                 33                  6         4.0000E+00
