  #Crystal Size      Water Content              Count               Bias
             71                 10                  1         5.8000E+00
             71                 11                  3         6.8500E+00
             71                 12                  6         8.0000E+00
             71                 13                  9         9.2500E+00
             71                 15                  2         1.2050E+01
             72                  8                  1         3.6500E+00
             72                  9                  5         4.5000E+00
             72                 10                 19         5.4500E+00
             72                 11                 24         6.5000E+00
             72                 12                 36         7.6500E+00
             72                 13                 42         8.9000E+00
             72                 14                 19         1.0250E+01
             72                 15                 11         1.1700E+01
             72                 16                  8         1.3250E+01
             72                 17                  4         1.4900E+01
             73                  8                 15         3.4000E+00
             73                  9                 35         4.2500E+00
             73                 10                 77         5.2000E+00
             73                 11                192         6.2500E+00
             73                 12                200         7.4000E+00
             73                 13                201         8.6500E+00
             73                 14                 97         1.0000E+01
             73                 15                 61         1.1450E+01
             73                 16                 43         1.3000E+01
             73                 17                 14         1.4650E+01
             74                  7                  2         2.5000E+00
             74                  8                 31         3.2500E+00
             74                  9                131         4.1000E+00
             74                 10                583         5.0500E+00
             74                 11                858         6.1000E+00
             74                 12                880         7.2500E+00
             74                 13                775         8.5000E+00
             74                 14                470         9.8500E+00
             74                 15                217         1.1300E+01
             74                 16                109         1.2850E+01
             74                 17                 13         1.4500E+01
             74                 18                  2         1.6250E+01
             75                  7                  7         2.4500E+00
             75                  8                102         3.2000E+00
             75                  9                588         4.0500E+00
             75                 10               1664         5.0000E+00
             75                 11               3411         6.0500E+00
             75                 12               3302         7.2000E+00
             75                 13               2435         8.4500E+00
             75                 14               1491         9.8000E+00
             75                 15                587         1.1250E+01
             75                 16                235         1.2800E+01
             75                 17                 59         1.4450E+01
             75                 18                 17         1.6200E+01
             75                 19                  4         1.8050E+01
             76                  6                  2         1.8500E+00
             76                  7                 29         2.5000E+00
             76                  8                397         3.2500E+00
             76                  9               1856         4.1000E+00
             76                 10               5040         5.0500E+00
             76                 11               8678         6.1000E+00
             76                 12               8911         7.2500E+00
             76                 13               6029         8.5000E+00
             76                 14               3678         9.8500E+00
             76                 15               1529         1.1300E+01
             76                 16                444         1.2850E+01
             76                 17                182         1.4500E+01
             76                 18                 18         1.6250E+01
             76                 19                  3         1.8100E+01
             77                  6                 15         2.0000E+00
             77                  7                147         2.6500E+00
             77                  8                923         3.4000E+00
             77                  9               4025         4.2500E+00
             77                 10              11388         5.2000E+00
             77                 11              19155         6.2500E+00
             77                 12              19799         7.4000E+00
             77                 13              14101         8.6500E+00
             77                 14               7439         1.0000E+01
             77                 15               2790         1.1450E+01
             77                 16               1021         1.3000E+01
             77                 17                242         1.4650E+01
             77                 18                 65         1.6400E+01
             77                 19                  5         1.8250E+01
             77                 20                  2         2.0200E+01
             78                  6                 40         2.2500E+00
             78                  7                318         2.9000E+00
             78                  8               1593         3.6500E+00
             78                  9               8669         4.5000E+00
             78                 10              21012         5.4500E+00
             78                 11              33448         6.5000E+00
             78                 12              34365         7.6500E+00
             78                 13              23159         8.9000E+00
             78                 14              11804         1.0250E+01
             78                 15               4117         1.1700E+01
             78                 16               1381         1.3250E+01
             78                 17                406         1.4900E+01
             78                 18                 62         1.6650E+01
             78                 19                  2         1.8500E+01
             78                 20                 12         2.0450E+01
             79                  5                  1         2.0500E+00
             79                  6                 85         2.6000E+00
             79                  7                460         3.2500E+00
             79                  8               2622         4.0000E+00
             79                  9              12526         4.8500E+00
             79                 10              30385         5.8000E+00
             79                 11              46087         6.8500E+00
             79                 12              46223         8.0000E+00
             79                 13              30659         9.2500E+00
             79                 14              14533         1.0600E+01
             79                 15               5307         1.2050E+01
             79                 16               1689         1.3600E+01
             79                 17                360         1.5250E+01
             79                 18                 61         1.7000E+01
             79                 19                 13         1.8850E+01
             79                 20                  2         2.0800E+01
             80                  6                 57         3.0500E+00
             80                  7                619         3.7000E+00
             80                  8               3454         4.4500E+00
             80                  9              14179         5.3000E+00
             80                 10              32766         6.2500E+00
             80                 11              48378         7.3000E+00
             80                 12              48226         8.4500E+00
             80                 13              32481         9.7000E+00
             80                 14              14467         1.1050E+01
             80                 15               5489         1.2500E+01
             80                 16               1443         1.4050E+01
             80                 17                341         1.5700E+01
             80                 18                 50         1.7450E+01
             80                 19                 15         1.9300E+01
             81                  6                 27         3.6000E+00
             81                  7                465         4.2500E+00
             81                  8               3190         5.0000E+00
             81                  9              11955         5.8500E+00
             81                 10              27584         6.8000E+00
             81                 11              39024         7.8500E+00
             81                 12              38076         9.0000E+00
             81                 13              26118         1.0250E+01
             81                 14              12084         1.1600E+01
             81                 15               4035         1.3050E+01
             81                 16                934         1.4600E+01
             81                 17                144         1.6250E+01
             81                 18                 43         1.8000E+01
             81                 19                  7         1.9850E+01
             82                  6                 17         4.2500E+00
             82                  7                297         4.9000E+00
             82                  8               2101         5.6500E+00
             82                  9               8069         6.5000E+00
             82                 10              17111         7.4500E+00
             82                 11              24023         8.5000E+00
             82                 12              23345         9.6500E+00
             82                 13              15660         1.0900E+01
             82                 14               7174         1.2250E+01
             82                 15               2218         1.3700E+01
             82                 16                474         1.5250E+01
             82                 17                 69         1.6900E+01
             82                 18                 25         1.8650E+01
             82                 19                  4         2.0500E+01
             83                  6                  6         5.0000E+00
             83                  7                129         5.6500E+00
             83                  8               1023         6.4000E+00
             83                  9               3689         7.2500E+00
             83                 10               8354         8.2000E+00
             83                 11              10903         9.2500E+00
             83                 12              10364         1.0400E+01
             83                 13               6572         1.1650E+01
             83                 14               3154         1.3000E+01
             83                 15               1078         1.4450E+01
             83                 16                169         1.6000E+01
             83                 17                 35         1.7650E+01
             83                 18                 18         1.9400E+01
             84                  7                 31         6.5000E+00
             84                  8                317         7.2500E+00
             84                  9               1342         8.1000E+00
             84                 10               3280         9.0500E+00
             84                 11               3766         1.0100E+01
             84                 12               3304         1.1250E+01
             84                 13               1961         1.2500E+01
             84                 14               1018         1.3850E+01
             84                 15                319         1.5300E+01
             84                 16                 70         1.6850E+01
             84                 17                 10         1.8500E+01
             84                 18                  5         2.0250E+01
             85                  6                  1         6.8000E+00
             85                  7                 14         7.4500E+00
             85                  8                142         8.2000E+00
             85                  9                509         9.0500E+00
             85                 10                977         1.0000E+01
             85                 11                945         1.1050E+01
             85                 12                649         1.2200E+01
             85                 13                320         1.3450E+01
             85                 14                144         1.4800E+01
             85                 15                 51         1.6250E+01
             85                 16                 18         1.7800E+01
             86                  7                  2         8.5000E+00
             86                  8                 29         9.2500E+00
             86                  9                100         1.0100E+01
             86                 10                168         1.1050E+01
             86                 11                157         1.2100E+01
             86                 12                 43         1.3250E+01
             86                 13                 32         1.4500E+01
             86                 14                 33         1.5850E+01
             86                 15                 18         1.7300E+01
             86                 16                  2         1.8850E+01
             87                  8                  7         1.0400E+01
             87                  9                  8         1.1250E+01
             87                 10                 14         1.2200E+01
             87                 11                 18         1.3250E+01
             87                 12                  2         1.4400E+01
             87                 13                  6         1.5650E+01
             87                 14                  4         1.7000E+01
             87                 15                 20         1.8450E+01
