  #Crystal Size      Water Content              Count               Bias
             63                 16                  1         1.3000E+01
             64                 16                  4         1.2850E+01
             64                 17                  1         1.4500E+01
             65                 10                  1         5.0000E+00
             65                 12                  3         7.2000E+00
             65                 13                  7         8.4500E+00
             65                 14                  2         9.8000E+00
             65                 15                  1         1.1250E+01
             65                 16                 12         1.2800E+01
             65                 17                  5         1.4450E+01
             66                  9                  6         4.1000E+00
             66                 10                  9         5.0500E+00
             66                 11                 26         6.1000E+00
             66                 12                 38         7.2500E+00
             66                 13                 16         8.5000E+00
             66                 14                 18         9.8500E+00
             66                 15                 48         1.1300E+01
             66                 16                 26         1.2850E+01
             66                 17                 12         1.4500E+01
             66                 18                  4         1.6250E+01
             67                  9                 13         4.2500E+00
             67                 10                 25         5.2000E+00
             67                 11                 88         6.2500E+00
             67                 12                152         7.4000E+00
             67                 13                160         8.6500E+00
             67                 14                195         1.0000E+01
             67                 15                165         1.1450E+01
             67                 16                 73         1.3000E+01
             67                 17                 69         1.4650E+01
             67                 18                  4         1.6400E+01
             68                  7                 10         2.9000E+00
             68                  8                 11         3.6500E+00
             68                  9                  8         4.5000E+00
             68                 10                 98         5.4500E+00
             68                 11                390         6.5000E+00
             68                 12                745         7.6500E+00
             68                 13                587         8.9000E+00
             68                 14                575         1.0250E+01
             68                 15                513         1.1700E+01
             68                 16                393         1.3250E+01
             68                 17                140         1.4900E+01
             68                 18                 24         1.6650E+01
             68                 19                  7         1.8500E+01
             69                  7                 13         3.2500E+00
             69                  8                 23         4.0000E+00
             69                  9                113         4.8500E+00
             69                 10                440         5.8000E+00
             69                 11               1116         6.8500E+00
             69                 12               2267         8.0000E+00
             69                 13               2225         9.2500E+00
             69                 14               1778         1.0600E+01
             69                 15               1390         1.2050E+01
             69                 16                946         1.3600E+01
             69                 17                346         1.5250E+01
             69                 18                134         1.7000E+01
             69                 19                 23         1.8850E+01
             70                  7                 54         3.7000E+00
             70                  8                132         4.4500E+00
             70                  9                399         5.3000E+00
             70                 10               1351         6.2500E+00
             70                 11               3372         7.3000E+00
             70                 12               5552         8.4500E+00
             70                 13               6024         9.7000E+00
             70                 14               4595         1.1050E+01
             70                 15               3363         1.2500E+01
             70                 16               1764         1.4050E+01
             70                 17                739         1.5700E+01
             70                 18                224         1.7450E+01
             70                 19                 90         1.9300E+01
             71                  7                 94         4.2500E+00
             71                  8                397         5.0000E+00
             71                  9               1271         5.8500E+00
             71                 10               3080         6.8000E+00
             71                 11               7725         7.8500E+00
             71                 12              12525         9.0000E+00
             71                 13              13228         1.0250E+01
             71                 14              10150         1.1600E+01
             71                 15               6312         1.3050E+01
             71                 16               3517         1.4600E+01
             71                 17               1455         1.6250E+01
             71                 18                442         1.8000E+01
             71                 19                 97         1.9850E+01
             71                 20                  4         2.1800E+01
             72                  6                  9         4.2500E+00
             72                  7                112         4.9000E+00
             72                  8                655         5.6500E+00
             72                  9               2356         6.5000E+00
             72                 10               5776         7.4500E+00
             72                 11              13688         8.5000E+00
             72                 12              22936         9.6500E+00
             72                 13              23148         1.0900E+01
             72                 14              18624         1.2250E+01
             72                 15              11080         1.3700E+01
             72                 16               6062         1.5250E+01
             72                 17               2335         1.6900E+01
             72                 18                692         1.8650E+01
             72                 19                165         2.0500E+01
             72                 20                 10         2.2450E+01
             73                  6                  7         5.0000E+00
             73                  7                179         5.6500E+00
             73                  8                928         6.4000E+00
             73                  9               3140         7.2500E+00
             73                 10               8751         8.2000E+00
             73                 11              19774         9.2500E+00
             73                 12              31600         1.0400E+01
             73                 13              34386         1.1650E+01
             73                 14              27235         1.3000E+01
             73                 15              15812         1.4450E+01
             73                 16               7757         1.6000E+01
             73                 17               3116         1.7650E+01
             73                 18                722         1.9400E+01
             73                 19                171         2.1250E+01
             73                 20                 18         2.3200E+01
             74                  6                 22         5.8500E+00
             74                  7                206         6.5000E+00
             74                  8                945         7.2500E+00
             74                  9               3952         8.1000E+00
             74                 10              10084         9.0500E+00
             74                 11              22520         1.0100E+01
             74                 12              37407         1.1250E+01
             74                 13              39378         1.2500E+01
             74                 14              32146         1.3850E+01
             74                 15              19558         1.5300E+01
             74                 16               9041         1.6850E+01
             74                 17               3186         1.8500E+01
             74                 18                715         2.0250E+01
             74                 19                138         2.2100E+01
             74                 20                  6         2.4050E+01
             75                  6                  7         6.8000E+00
             75                  7                209         7.4500E+00
             75                  8               1096         8.2000E+00
             75                  9               3641         9.0500E+00
             75                 10               9417         1.0000E+01
             75                 11              22587         1.1050E+01
             75                 12              34692         1.2200E+01
             75                 13              38924         1.3450E+01
             75                 14              31760         1.4800E+01
             75                 15              19901         1.6250E+01
             75                 16               8329         1.7800E+01
             75                 17               2883         1.9450E+01
             75                 18                692         2.1200E+01
             75                 19                103         2.3050E+01
             75                 20                  8         2.5000E+01
             76                  6                  5         7.8500E+00
             76                  7                150         8.5000E+00
             76                  8                703         9.2500E+00
             76                  9               3268         1.0100E+01
             76                 10               8096         1.1050E+01
             76                 11              17831         1.2100E+01
             76                 12              27438         1.3250E+01
             76                 13              31184         1.4500E+01
             76                 14              23326         1.5850E+01
             76                 15              13591         1.7300E+01
             76                 16               6513         1.8850E+01
             76                 17               2435         2.0500E+01
             76                 18                516         2.2250E+01
             76                 19                 96         2.4100E+01
             76                 20                  2         2.6050E+01
             77                  6                  3         9.0000E+00
             77                  7                 79         9.6500E+00
             77                  8                376         1.0400E+01
             77                  9               1801         1.1250E+01
             77                 10               5510         1.2200E+01
             77                 11              11088         1.3250E+01
             77                 12              16635         1.4400E+01
             77                 13              19442         1.5650E+01
             77                 14              15064         1.7000E+01
             77                 15               8602         1.8450E+01
             77                 16               4405         2.0000E+01
             77                 17               1314         2.1650E+01
             77                 18                457         2.3400E+01
             77                 19                 51         2.5250E+01
             77                 20                  4         2.7200E+01
             78                  7                 31         1.0900E+01
             78                  8                236         1.1650E+01
             78                  9                857         1.2500E+01
             78                 10               2777         1.3450E+01
             78                 11               5741         1.4500E+01
             78                 12               8085         1.5650E+01
             78                 13               9881         1.6900E+01
             78                 14               7432         1.8250E+01
             78                 15               4073         1.9700E+01
             78                 16               1840         2.1250E+01
             78                 17                678         2.2900E+01
             78                 18                200         2.4650E+01
             78                 19                 30         2.6500E+01
             78                 20                  1         2.8450E+01
             79                  7                 39         1.2250E+01
             79                  8                 90         1.3000E+01
             79                  9                286         1.3850E+01
             79                 10               1150         1.4800E+01
             79                 11               2218         1.5850E+01
             79                 12               2936         1.7000E+01
             79                 13               3371         1.8250E+01
             79                 14               2558         1.9600E+01
             79                 15               1410         2.1050E+01
             79                 16                685         2.2600E+01
             79                 17                258         2.4250E+01
             79                 18                 83         2.6000E+01
             79                 19                  7         2.7850E+01
             80                  7                  1         1.3700E+01
             80                  8                 18         1.4450E+01
             80                  9                144         1.5300E+01
             80                 10                310         1.6250E+01
             80                 11                519         1.7300E+01
             80                 12                855         1.8450E+01
             80                 13                958         1.9700E+01
             80                 14                672         2.1050E+01
             80                 15                362         2.2500E+01
             80                 16                140         2.4050E+01
             80                 17                 47         2.5700E+01
             80                 18                  3         2.7450E+01
             80                 19                  2         2.9300E+01
             81                  8                  1         1.6000E+01
             81                  9                  7         1.6850E+01
             81                 10                 55         1.7800E+01
             81                 11                 53         1.8850E+01
             81                 12                164         2.0000E+01
             81                 13                160         2.1250E+01
             81                 14                138         2.2600E+01
             81                 15                 67         2.4050E+01
             81                 16                 32         2.5600E+01
             81                 17                  5         2.7250E+01
             81                 18                  1         2.9000E+01
             82                  9                  1         1.8500E+01
             82                 10                  3         1.9450E+01
             82                 11                  9         2.0500E+01
             82                 12                 12         2.1650E+01
             82                 13                 42         2.2900E+01
             82                 14                  8         2.4250E+01
             82                 15                  2         2.5700E+01
             82                 16                  2         2.7250E+01
             83                 12                 13         2.3400E+01
             83                 13                  3         2.4650E+01
             83                 15                  1         2.7450E+01
