  #Crystal Size      Water Content              Count               Bias
             59                 22                  7         1.0000E+00
             59                 23                 12         1.2500E+00
             59                 27                  1         3.2500E+00
             60                 20                  2         1.2500E+00
             60                 21                 16         1.3000E+00
             60                 22                  3         1.4500E+00
             60                 23                 13         1.7000E+00
             60                 24                  7         2.0500E+00
             60                 25                  2         2.5000E+00
             60                 26                 18         3.0500E+00
             60                 27                 41         3.7000E+00
             60                 28                 16         4.4500E+00
             60                 29                  4         5.3000E+00
             61                 19                  8         1.8500E+00
             61                 20                 14         1.8000E+00
             61                 21                 42         1.8500E+00
             61                 22                 68         2.0000E+00
             61                 23                 68         2.2500E+00
             61                 24                107         2.6000E+00
             61                 25                124         3.0500E+00
             61                 26                134         3.6000E+00
             61                 27                 74         4.2500E+00
             61                 28                 95         5.0000E+00
             61                 29                 31         5.8500E+00
             61                 30                 19         6.8000E+00
             61                 31                  1         7.8500E+00
             61                 35                  8         1.3050E+01
             62                 18                 11         2.6500E+00
             62                 19                106         2.5000E+00
             62                 20                 75         2.4500E+00
             62                 21                224         2.5000E+00
             62                 22                344         2.6500E+00
             62                 23                437         2.9000E+00
             62                 24                484         3.2500E+00
             62                 25                525         3.7000E+00
             62                 26                518         4.2500E+00
             62                 27                419         4.9000E+00
             62                 28                269         5.6500E+00
             62                 29                121         6.5000E+00
             62                 30                 88         7.4500E+00
             62                 31                 19         8.5000E+00
             62                 32                 23         9.6500E+00
             62                 34                  1         1.2250E+01
             63                 17                 18         3.6500E+00
             63                 18                 15         3.4000E+00
             63                 19                149         3.2500E+00
             63                 20                395         3.2000E+00
             63                 21                706         3.2500E+00
             63                 22               1331         3.4000E+00
             63                 23               1556         3.6500E+00
             63                 24               1631         4.0000E+00
             63                 25               1673         4.4500E+00
             63                 26               1577         5.0000E+00
             63                 27               1215         5.6500E+00
             63                 28                744         6.4000E+00
             63                 29                291         7.2500E+00
             63                 30                239         8.2000E+00
             63                 31                 93         9.2500E+00
             63                 32                 49         1.0400E+01
             63                 33                 24         1.1650E+01
             63                 34                 31         1.3000E+01
             63                 35                 24         1.4450E+01
             63                 36                 15         1.6000E+01
             64                 16                  5         4.8500E+00
             64                 17                 16         4.5000E+00
             64                 18                 61         4.2500E+00
             64                 19                421         4.1000E+00
             64                 20                711         4.0500E+00
             64                 21               1561         4.1000E+00
             64                 22               2945         4.2500E+00
             64                 23               4263         4.5000E+00
             64                 24               4181         4.8500E+00
             64                 25               4465         5.3000E+00
             64                 26               3928         5.8500E+00
             64                 27               2999         6.5000E+00
             64                 28               1739         7.2500E+00
             64                 29               1064         8.1000E+00
             64                 30                607         9.0500E+00
             64                 31                385         1.0100E+01
             64                 32                248         1.1250E+01
             64                 33                192         1.2500E+01
             64                 34                164         1.3850E+01
             64                 35                111         1.5300E+01
             64                 36                 14         1.6850E+01
             65                 16                 12         5.8000E+00
             65                 17                 71         5.4500E+00
             65                 18                143         5.2000E+00
             65                 19                582         5.0500E+00
             65                 20               1300         5.0000E+00
             65                 21               2815         5.0500E+00
             65                 22               5490         5.2000E+00
             65                 23               8142         5.4500E+00
             65                 24               9009         5.8000E+00
             65                 25               9026         6.2500E+00
             65                 26               7931         6.8000E+00
             65                 27               6329         7.4500E+00
             65                 28               4416         8.2000E+00
             65                 29               2659         9.0500E+00
             65                 30               1613         1.0000E+01
             65                 31               1230         1.1050E+01
             65                 32                637         1.2200E+01
             65                 33                649         1.3450E+01
             65                 34                538         1.4800E+01
             65                 35                191         1.6250E+01
             65                 36                 56         1.7800E+01
             66                 17                109         6.5000E+00
             66                 18                212         6.2500E+00
             66                 19                701         6.1000E+00
             66                 20               1737         6.0500E+00
             66                 21               4086         6.1000E+00
             66                 22               8304         6.2500E+00
             66                 23              11730         6.5000E+00
             66                 24              14083         6.8500E+00
             66                 25              14423         7.3000E+00
             66                 26              13899         7.8500E+00
             66                 27              11251         8.5000E+00
             66                 28               7976         9.2500E+00
             66                 29               5230         1.0100E+01
             66                 30               3611         1.1050E+01
             66                 31               3179         1.2100E+01
             66                 32               2490         1.3250E+01
             66                 33               1791         1.4500E+01
             66                 34               1076         1.5850E+01
             66                 35                661         1.7300E+01
             66                 36                148         1.8850E+01
             66                 37                  9         2.0500E+01
             67                 16                 12         8.0000E+00
             67                 17                 70         7.6500E+00
             67                 18                435         7.4000E+00
             67                 19                981         7.2500E+00
             67                 20               2417         7.2000E+00
             67                 21               5364         7.2500E+00
             67                 22               9857         7.4000E+00
             67                 23              15186         7.6500E+00
             67                 24              18995         8.0000E+00
             67                 25              19718         8.4500E+00
             67                 26              18430         9.0000E+00
             67                 27              15366         9.6500E+00
             67                 28              11804         1.0400E+01
             67                 29               8391         1.1250E+01
             67                 30               6767         1.2200E+01
             67                 31               6049         1.3250E+01
             67                 32               4604         1.4400E+01
             67                 33               3590         1.5650E+01
             67                 34               2284         1.7000E+01
             67                 35               1298         1.8450E+01
             67                 36                368         2.0000E+01
             67                 37                 61         2.1650E+01
             67                 38                  2         2.3400E+01
             68                 16                  1         9.2500E+00
             68                 17                 60         8.9000E+00
             68                 18                386         8.6500E+00
             68                 19               1052         8.5000E+00
             68                 20               2390         8.4500E+00
             68                 21               5539         8.5000E+00
             68                 22              10560         8.6500E+00
             68                 23              16829         8.9000E+00
             68                 24              20297         9.2500E+00
             68                 25              22014         9.7000E+00
             68                 26              21148         1.0250E+01
             68                 27              17484         1.0900E+01
             68                 28              13580         1.1650E+01
             68                 29              10880         1.2500E+01
             68                 30               8833         1.3450E+01
             68                 31               7165         1.4500E+01
             68                 32               7024         1.5650E+01
             68                 33               4647         1.6900E+01
             68                 34               2839         1.8250E+01
             68                 35               1407         1.9700E+01
             68                 36                433         2.1250E+01
             68                 37                 67         2.2900E+01
             68                 38                  3         2.4650E+01
             69                 17                 83         1.0250E+01
             69                 18                381         1.0000E+01
             69                 19                956         9.8500E+00
             69                 20               2337         9.8000E+00
             69                 21               5422         9.8500E+00
             69                 22               9980         1.0000E+01
             69                 23              16069         1.0250E+01
             69                 24              18727         1.0600E+01
             69                 25              21486         1.1050E+01
             69                 26              20633         1.1600E+01
             69                 27              16677         1.2250E+01
             69                 28              13991         1.3000E+01
             69                 29              11315         1.3850E+01
             69                 30               8509         1.4800E+01
             69                 31               7365         1.5850E+01
             69                 32               6519         1.7000E+01
             69                 33               4079         1.8250E+01
             69                 34               2459         1.9600E+01
             69                 35               1225         2.1050E+01
             69                 36                305         2.2600E+01
             69                 37                 43         2.4250E+01
             70                 17                 41         1.1700E+01
             70                 18                183         1.1450E+01
             70                 19                653         1.1300E+01
             70                 20               1858         1.1250E+01
             70                 21               4632         1.1300E+01
             70                 22               8617         1.1450E+01
             70                 23              12500         1.1700E+01
             70                 24              15449         1.2050E+01
             70                 25              16905         1.2500E+01
             70                 26              16384         1.3050E+01
             70                 27              14093         1.3700E+01
             70                 28              11348         1.4450E+01
             70                 29               8508         1.5300E+01
             70                 30               6299         1.6250E+01
             70                 31               5556         1.7300E+01
             70                 32               4434         1.8450E+01
             70                 33               2884         1.9700E+01
             70                 34               1844         2.1050E+01
             70                 35               1027         2.2500E+01
             70                 36                351         2.4050E+01
             70                 37                 26         2.5700E+01
             71                 17                 27         1.3250E+01
             71                 18                122         1.3000E+01
             71                 19                464         1.2850E+01
             71                 20               1604         1.2800E+01
             71                 21               3468         1.2850E+01
             71                 22               5568         1.3000E+01
             71                 23               9042         1.3250E+01
             71                 24              10445         1.3600E+01
             71                 25              11436         1.4050E+01
             71                 26              10881         1.4600E+01
             71                 27               9387         1.5250E+01
             71                 28               7023         1.6000E+01
             71                 29               4793         1.6850E+01
             71                 30               3399         1.7800E+01
             71                 31               2999         1.8850E+01
             71                 32               2547         2.0000E+01
             71                 33               1686         2.1250E+01
             71                 34               1006         2.2600E+01
             71                 35                707         2.4050E+01
             71                 36                161         2.5600E+01
             71                 37                  5         2.7250E+01
             72                 17                 14         1.4900E+01
             72                 18                 85         1.4650E+01
             72                 19                188         1.4500E+01
             72                 20                807         1.4450E+01
             72                 21               1857         1.4500E+01
             72                 22               3167         1.4650E+01
             72                 23               5018         1.4900E+01
             72                 24               5848         1.5250E+01
             72                 25               6411         1.5700E+01
             72                 26               6022         1.6250E+01
             72                 27               4740         1.6900E+01
             72                 28               3226         1.7650E+01
             72                 29               2019         1.8500E+01
             72                 30               1490         1.9450E+01
             72                 31               1211         2.0500E+01
             72                 32               1189         2.1650E+01
             72                 33                779         2.2900E+01
             72                 34                482         2.4250E+01
             72                 35                290         2.5700E+01
             72                 36                 32         2.7250E+01
             73                 17                  3         1.6650E+01
             73                 18                 18         1.6400E+01
             73                 19                110         1.6250E+01
             73                 20                419         1.6200E+01
             73                 21                749         1.6250E+01
             73                 22               1105         1.6400E+01
             73                 23               2011         1.6650E+01
             73                 24               2718         1.7000E+01
             73                 25               2434         1.7450E+01
             73                 26               2637         1.8000E+01
             73                 27               2029         1.8650E+01
             73                 28               1263         1.9400E+01
             73                 29                634         2.0250E+01
             73                 30                371         2.1200E+01
             73                 31                244         2.2250E+01
             73                 32                254         2.3400E+01
             73                 33                204         2.4650E+01
             73                 34                102         2.6000E+01
             73                 35                 71         2.7450E+01
             73                 36                 10         2.9000E+01
             74                 18                  3         1.8250E+01
             74                 19                 41         1.8100E+01
             74                 20                116         1.8050E+01
             74                 21                258         1.8100E+01
             74                 22                384         1.8250E+01
             74                 23                487         1.8500E+01
             74                 24                754         1.8850E+01
             74                 25                763         1.9300E+01
             74                 26                733         1.9850E+01
             74                 27                465         2.0500E+01
             74                 28                260         2.1250E+01
             74                 29                206         2.2100E+01
             74                 30                 73         2.3050E+01
             74                 31                 50         2.4100E+01
             74                 32                 48         2.5250E+01
             74                 33                 49         2.6500E+01
             74                 34                 13         2.7850E+01
             75                 19                  6         2.0050E+01
             75                 20                 17         2.0000E+01
             75                 21                 42         2.0050E+01
             75                 22                147         2.0200E+01
             75                 23                173         2.0450E+01
             75                 24                168         2.0800E+01
             75                 25                208         2.1250E+01
             75                 26                186         2.1800E+01
             75                 27                125         2.2450E+01
             75                 28                 28         2.3200E+01
             75                 29                 36         2.4050E+01
             75                 30                 10         2.5000E+01
             75                 31                  5         2.6050E+01
             75                 32                  6         2.7200E+01
             75                 33                 22         2.8450E+01
             76                 21                  8         2.2100E+01
             76                 22                 21         2.2250E+01
             76                 23                 52         2.2500E+01
             76                 24                 46         2.2850E+01
             76                 25                 17         2.3300E+01
             76                 26                 51         2.3850E+01
             76                 27                 20         2.4500E+01
             76                 28                  1         2.5250E+01
             76                 29                  4         2.6100E+01
             76                 30                  1         2.7050E+01
             76                 32                  4         2.9250E+01
             76                 33                  1         3.0500E+01
             77                 22                  9         2.4400E+01
             77                 23                  4         2.4650E+01
             77                 24                  2         2.5000E+01
             77                 25                  5         2.5450E+01
             77                 26                  1         2.6000E+01
