       Inf       Inf       Inf       Inf       Inf   23.5500   19.8591   17.2191   14.7732   10.0545    8.2708    6.4871    4.7307    3.2655    1.9473    0.5753   -1.1916   -3.1233   -4.8801   -6.3439   -7.5393   -8.5397   -9.4629  -10.3198  -11.1501  -11.9644  -12.7031  -13.2597  -13.7409  -14.1408  -14.1569  -13.7619  -12.7918  -15.2720  -15.1425       Inf
       Inf       Inf       Inf       Inf       Inf   21.3496   18.6531   16.0848   13.7736    9.7830    8.3414    6.9835    5.7507    4.5424    3.1512    1.4955   -0.4788   -2.1760   -3.7149   -5.1311   -6.3669   -7.4771   -8.4369   -9.3298  -10.2052  -11.0923  -11.9919  -12.7222  -13.3726  -13.9791  -14.4251  -15.0108  -15.7047  -17.2199  -18.0937       Inf
       Inf       Inf       Inf       Inf       Inf   22.4456   19.1584   16.5980   14.3725   10.7251    9.5257    8.3786    7.3370    6.0601    4.1080    2.1844    0.6195   -0.9499   -2.1369   -3.3054   -4.4550   -5.5214   -6.4936   -7.4530   -8.5694   -9.5318  -10.5574  -11.4747  -12.4363  -13.4018  -14.4519  -15.3549  -16.3140  -17.1287  -17.3383  -17.0857
       Inf       Inf       Inf       Inf       Inf   23.1606   19.9961   17.0221   14.9123   11.1518    9.9412    8.7066    7.5590    5.8773    3.7284    1.8791    0.4067   -1.0473   -1.9742   -2.7961   -3.5958   -4.5309   -5.5991   -6.6674   -7.8688   -9.0600  -10.1901  -11.4316  -12.6647  -13.7041  -15.0959  -16.1970  -17.0599  -17.9567  -17.5583       Inf
       Inf       Inf       Inf       Inf       Inf   23.9738   21.1248   18.6136   16.0950   11.9549   10.5780    9.1286    7.6772    5.7272    3.6194    1.7508    0.1312   -0.9421   -1.9977   -2.6350   -3.1968   -4.0308   -5.0105   -5.9851   -7.1513   -8.4293   -9.7368  -11.2577  -12.5809  -13.5914  -14.5630  -16.4213  -17.2940  -17.9484  -18.2192       Inf
       Inf       Inf       Inf       Inf       Inf   22.7353   23.2106   19.4088   16.6270   12.3896   10.7290    9.1054    7.5243    5.7129    3.6914    1.7053   -0.0342   -1.2092   -2.0517   -2.5720   -3.0802   -3.7555   -4.6030   -5.5314   -6.5164   -7.7846   -9.3198  -10.8571  -12.2259  -13.3070  -14.3076  -16.4240  -17.3642  -18.4423  -18.8413  -17.5520
       Inf       Inf       Inf       Inf       Inf   23.4846   23.7299   19.5489   16.7657   12.1381   10.3685    8.7706    7.3465    5.6278    3.7308    1.8751    0.1674   -0.7439   -1.6665   -2.4545   -3.0779   -3.9084   -4.8421   -6.2481   -6.9661   -7.8163   -8.8962  -10.1895  -11.5961  -12.7200  -13.6257  -15.9416  -16.6302  -17.4648  -17.9128  -16.6857
       Inf       Inf       Inf       Inf       Inf       Inf   24.5825   19.6290   16.2013   11.8840   10.0987    8.4609    6.9817    5.4990    3.8728    2.0895    0.3947   -0.3174   -1.2145   -2.1238   -3.0936   -4.0578   -5.8186   -6.5680   -7.2888   -7.9797   -8.6596   -9.4682  -10.4425  -11.4683  -12.4898  -15.0690  -15.6816  -15.6083       Inf       Inf
       Inf       Inf       Inf       Inf       Inf       Inf   21.8911   16.6193   15.4967   11.1115    9.6294    8.0135    6.6662    5.4217    4.0692    2.4191    0.7452   -0.7052   -0.7659   -2.9960   -3.9573   -4.8179   -5.6466   -6.4369   -7.1767   -7.8097   -8.3134   -8.7694   -9.3529  -10.1300  -10.9032  -12.2578  -14.9614       Inf       Inf       Inf
       Inf       Inf       Inf       Inf       Inf       Inf   19.9316   15.6436   12.4528   10.3127    9.1590    7.6695    6.4523    5.3862    4.2330    2.7756    1.1103   -0.3980   -1.6251   -2.7329   -3.5714   -4.3305   -5.1221   -5.9202   -6.6179   -7.1217   -7.5642   -8.0661   -8.4553   -8.6973   -9.1728  -13.4330  -13.8370       Inf       Inf       Inf
       Inf       Inf       Inf       Inf       Inf       Inf   19.9924   15.0940   14.1122    9.7090    8.9038    7.5742    6.4211    5.4841    4.3772    3.0193    1.4172   -0.0401   -1.3062   -2.4410   -3.1854   -3.8873   -4.5872   -5.1812   -5.8004   -6.3288   -6.8404   -7.3514   -7.7703   -8.5321   -8.8017   -7.9900  -12.4411       Inf       Inf       Inf
       Inf       Inf       Inf       Inf       Inf       Inf   17.2736   14.7280   11.6717    7.9895    8.9628    7.7473    6.6828    5.6621    4.4125    3.0541    1.6089    0.2255   -0.9971   -2.0486   -2.9472   -3.6390   -4.2552   -4.8124   -5.2927   -5.7015   -6.1506   -6.5958   -7.3235   -8.3381   -8.4805   -7.5811       Inf       Inf       Inf       Inf
       Inf       Inf       Inf       Inf       Inf   16.0090   17.2930   14.8176   12.1163    8.1427    7.9923    8.1016    6.9683    5.5958    4.1131    2.7807    1.6313    0.3957   -0.6676   -1.6725   -2.5401   -3.2616   -3.8796   -4.4123   -4.9005   -5.3848   -5.8002   -6.1808   -6.8250   -7.6556   -7.8428   -5.6216       Inf       Inf       Inf       Inf
       Inf       Inf       Inf       Inf   17.4913   18.0005   15.8797   14.5006   12.1624    8.6504    7.4321    8.2613    6.6908    5.0143    3.4705    2.2219    1.2589    0.4382   -0.5687   -1.5634   -2.2789   -2.9575   -3.4351   -4.0680   -4.6284   -5.0809   -5.5179   -6.0212   -7.0496   -7.1414   -7.2181   -5.3716       Inf       Inf       Inf       Inf
       Inf       Inf       Inf   19.7952   18.3219   15.5980   13.9769   12.4382   11.2217    8.2832    7.0851    5.3986    5.9001    2.6725    1.6901    0.9501    0.3685   -0.0848   -0.6557   -1.4078   -2.1954   -2.7379   -3.1838   -3.5344   -3.9503   -4.4222   -4.9517   -5.5224   -6.3399   -5.4874   -3.5716       Inf       Inf       Inf       Inf       Inf
       Inf       Inf       Inf   20.5846   16.3830   14.0001   11.9848   10.4590    9.3341    6.8275    5.9326    4.4520    3.1435    2.1498    1.3072    0.6017    0.1069   -0.3148   -0.7470   -1.3481   -1.9298   -2.5025   -2.8331   -3.0700   -3.3974   -3.7777   -4.4869   -5.0522   -5.1945   -4.3695   -5.3134       Inf       Inf       Inf       Inf       Inf
       Inf       Inf       Inf   19.0103   14.7695   12.4106   10.4324    8.8393    7.4977    5.2983    4.6778    3.5016    2.4501    1.6277    0.9479    0.4201   -0.0574   -0.4021   -0.7776   -1.1784   -1.5719   -1.8779   -2.1755   -2.3854   -2.6774   -2.7210   -2.4356   -3.6405   -3.9728   -3.1202       Inf       Inf       Inf       Inf       Inf       Inf
       Inf       Inf   19.0437   16.3563   13.3080   10.9877    8.9841    7.4114    6.1660    3.9807    3.4597    2.5681    1.7350    1.0926    0.5725    0.1334   -0.2650   -0.5958   -0.8251   -1.0187   -1.1800   -1.2449   -1.2840   -1.3282   -1.5675   -1.7878   -1.6689   -3.0852   -2.3311   -2.8648       Inf       Inf       Inf       Inf       Inf       Inf
       Inf       Inf   18.2946   14.7292   12.0361    9.6652    7.7326    6.2106    5.0179    2.8566    2.4169    1.6568    1.0052    0.5163    0.1272   -0.2275   -0.5488   -0.8087   -0.9614   -1.0506   -1.0381   -0.9743   -0.7876   -0.7013   -0.4186   -0.5891    0.5635       Inf       Inf   -3.5202       Inf       Inf       Inf       Inf       Inf       Inf
       Inf       Inf   17.0534   13.5528   10.8280    8.6040    6.7657    5.2642    4.0943    2.0091    1.6510    1.0060    0.4782    0.0663   -0.2459   -0.5456   -0.8046   -1.0030   -1.0705   -1.0326   -0.9519   -0.7196   -0.4348   -0.0910   -0.3946   -0.0172       Inf       Inf       Inf       Inf       Inf       Inf       Inf       Inf       Inf       Inf
       Inf   18.3292   15.3210   12.3407    9.8514    7.7749    6.0166    4.5994    3.4627    1.4253    1.1763    0.6226    0.1733   -0.1570   -0.4108   -0.6404   -0.8659   -0.9770   -0.9586   -0.8447   -0.6650   -0.3505    0.0353    0.3688    0.5167    0.7772    1.8785       Inf       Inf       Inf       Inf       Inf       Inf       Inf       Inf       Inf
   20.0877   16.9181   14.3868   11.6001    9.1896    7.1729    5.5105    4.1534    3.0592    1.1017    0.9539    0.5159    0.1560   -0.1125   -0.3128   -0.4959   -0.5951   -0.6049   -0.4967   -0.2652    0.0579    0.4533    0.9980    1.0054    0.5945    1.7258       Inf       Inf       Inf       Inf       Inf       Inf       Inf       Inf       Inf       Inf
   19.7446   17.1654   13.9489   11.2128    8.8723    6.9134    5.2783    3.9673    2.9254    1.0336    0.9845    0.6429    0.4153    0.2544    0.1191    0.0341    0.0296    0.1235    0.3196    0.6425    1.1055    1.7688    2.2746    2.1520    1.5271    1.4422       Inf       Inf       Inf       Inf       Inf       Inf       Inf       Inf       Inf       Inf
   19.4838   16.7003   13.5835   11.0676    8.8810    6.9513    5.3743    4.1172    3.1300    1.3368    1.3964    1.1701    1.0828    1.0110    0.9621    0.9770    1.0990    1.3196    1.6336    2.1626    2.6361    3.0512    4.8160    5.0158    2.9354       Inf       Inf       Inf       Inf       Inf       Inf       Inf       Inf       Inf       Inf       Inf
   19.8569   16.4269   14.3246   11.7611    9.4474    7.6126    6.1221    4.9278    3.9831    2.3232    2.5349    2.4251    2.4371    2.4076    2.3593    2.4552    2.7607    3.2361    3.8023    4.5437    5.7029    6.5217       Inf       Inf       Inf       Inf       Inf       Inf       Inf       Inf       Inf       Inf       Inf       Inf       Inf       Inf
