  #Crystal Size      Water Content              Count               Bias
              9                  4                  2         5.8500E+00
             10                  4                  2         5.3000E+00
             11                  4                  1         4.8500E+00
             12                  0                  3         1.7000E+00
             12                  1                  1         2.2500E+00
             12                  2                 13         2.9000E+00
             12                  3                 10         3.6500E+00
             12                  4                  1         4.5000E+00
             13                  0                 26         1.4500E+00
             13                  1                 72         2.0000E+00
             13                  2                 35         2.6500E+00
             13                  3                 24         3.4000E+00
             13                  4                 15         4.2500E+00
             13                  5                  6         5.2000E+00
             14                 -2                  5         5.0000E-01
             14                 -1                 12         8.5000E-01
             14                  0                209         1.3000E+00
             14                  1                255         1.8500E+00
             14                  2                333         2.5000E+00
             14                  3                265         3.2500E+00
             14                  4                119         4.1000E+00
             14                  5                 45         5.0500E+00
             14                  6                  1         6.1000E+00
             14                  9                  1         9.8500E+00
             15                 -4                  8         5.0000E-02
             15                 -3                 14         2.0000E-01
             15                 -2                 41         4.5000E-01
             15                 -1                157         8.0000E-01
             15                  0               1397         1.2500E+00
             15                  1               1529         1.8000E+00
             15                  2               1727         2.4500E+00
             15                  3               1267         3.2000E+00
             15                  4                493         4.0500E+00
             15                  5                179         5.0000E+00
             15                  6                 42         6.0500E+00
             15                  7                  4         7.2000E+00
             15                  9                  1         9.8000E+00
             16                 -4                 23         1.0000E-01
             16                 -3                131         2.5000E-01
             16                 -2                259         5.0000E-01
             16                 -1                796         8.5000E-01
             16                  0               6174         1.3000E+00
             16                  1               6077         1.8500E+00
             16                  2               5943         2.5000E+00
             16                  3               3820         3.2500E+00
             16                  4               1758         4.1000E+00
             16                  5                616         5.0500E+00
             16                  6                181         6.1000E+00
             16                  7                 22         7.2500E+00
             16                  8                  7         8.5000E+00
             16                  9                  4         9.8500E+00
             16                 10                  1         1.1300E+01
             17                 -6                  7         2.5000E-01
             17                 -5                  9         2.0000E-01
             17                 -4                 45         2.5000E-01
             17                 -3                405         4.0000E-01
             17                 -2               1208         6.5000E-01
             17                 -1               2970         1.0000E+00
             17                  0              19892         1.4500E+00
             17                  1              16267         2.0000E+00
             17                  2              14217         2.6500E+00
             17                  3               9217         3.4000E+00
             17                  4               4598         4.2500E+00
             17                  5               1779         5.2000E+00
             17                  6                563         6.2500E+00
             17                  7                 97         7.4000E+00
             17                  8                 59         8.6500E+00
             17                  9                 20         1.0000E+01
             17                 10                 18         1.1450E+01
             18                 -6                  3         5.0000E-01
             18                 -5                 17         4.5000E-01
             18                 -4                182         5.0000E-01
             18                 -3               1119         6.5000E-01
             18                 -2               3607         9.0000E-01
             18                 -1               7795         1.2500E+00
             18                  0              44839         1.7000E+00
             18                  1              33826         2.2500E+00
             18                  2              28632         2.9000E+00
             18                  3              18831         3.6500E+00
             18                  4               9515         4.5000E+00
             18                  5               3727         5.4500E+00
             18                  6               1342         6.5000E+00
             18                  7                255         7.6500E+00
             18                  8                 84         8.9000E+00
             18                  9                 46         1.0250E+01
             18                 10                 15         1.1700E+01
             19                 -7                  1         1.0000E+00
             19                 -6                  5         8.5000E-01
             19                 -5                 58         8.0000E-01
             19                 -4                481         8.5000E-01
             19                 -3               2024         1.0000E+00
             19                 -2               6288         1.2500E+00
             19                 -1              13907         1.6000E+00
             19                  0              66314         2.0500E+00
             19                  1              48508         2.6000E+00
             19                  2              40607         3.2500E+00
             19                  3              25677         4.0000E+00
             19                  4              13269         4.8500E+00
             19                  5               5364         5.8000E+00
             19                  6               1779         6.8500E+00
             19                  7                469         8.0000E+00
             19                  8                104         9.2500E+00
             19                  9                 20         1.0600E+01
             19                 10                  6         1.2050E+01
             20                 -6                  5         1.3000E+00
             20                 -5                 86         1.2500E+00
             20                 -4                661         1.3000E+00
             20                 -3               2736         1.4500E+00
             20                 -2               7867         1.7000E+00
             20                 -1              15833         2.0500E+00
             20                  0              71430         2.5000E+00
             20                  1              47190         3.0500E+00
             20                  2              39312         3.7000E+00
             20                  3              24772         4.4500E+00
             20                  4              12793         5.3000E+00
             20                  5               5033         6.2500E+00
             20                  6               1683         7.3000E+00
             20                  7                442         8.4500E+00
             20                  8                114         9.7000E+00
             20                  9                 18         1.1050E+01
             21                 -6                  4         1.8500E+00
             21                 -5                124         1.8000E+00
             21                 -4                811         1.8500E+00
             21                 -3               2472         2.0000E+00
             21                 -2               6638         2.2500E+00
             21                 -1              13093         2.6000E+00
             21                  0              53881         3.0500E+00
             21                  1              34613         3.6000E+00
             21                  2              26536         4.2500E+00
             21                  3              17171         5.0000E+00
             21                  4               8987         5.8500E+00
             21                  5               3574         6.8000E+00
             21                  6               1278         7.8500E+00
             21                  7                459         9.0000E+00
             21                  8                138         1.0250E+01
             21                  9                 42         1.1600E+01
             22                 -6                 10         2.5000E+00
             22                 -5                 97         2.4500E+00
             22                 -4                439         2.5000E+00
             22                 -3               1597         2.6500E+00
             22                 -2               3799         2.9000E+00
             22                 -1               7413         3.2500E+00
             22                  0              29277         3.7000E+00
             22                  1              17619         4.2500E+00
             22                  2              12683         4.9000E+00
             22                  3               6953         5.6500E+00
             22                  4               3212         6.5000E+00
             22                  5               1359         7.4500E+00
             22                  6                598         8.5000E+00
             22                  7                 92         9.6500E+00
             22                  8                 15         1.0900E+01
             22                  9                  6         1.2250E+01
             23                 -7                  4         3.4000E+00
             23                 -6                 28         3.2500E+00
             23                 -5                104         3.2000E+00
             23                 -4                180         3.2500E+00
             23                 -3                738         3.4000E+00
             23                 -2               1578         3.6500E+00
             23                 -1               2303         4.0000E+00
             23                  0               9171         4.4500E+00
             23                  1               5593         5.0000E+00
             23                  2               4063         5.6500E+00
             23                  3               1963         6.4000E+00
             23                  4                707         7.2500E+00
             23                  5                300         8.2000E+00
             23                  6                211         9.2500E+00
             23                  7                 83         1.0400E+01
             23                  8                  1         1.1650E+01
             24                 -6                  1         4.1000E+00
             24                 -5                 17         4.0500E+00
             24                 -4                 26         4.1000E+00
             24                 -3                159         4.2500E+00
             24                 -2                257         4.5000E+00
             24                 -1                275         4.8500E+00
             24                  0               1302         5.3000E+00
             24                  1                880         5.8500E+00
             24                  2                509         6.5000E+00
             24                  3                150         7.2500E+00
             24                  4                128         8.1000E+00
             24                  5                 62         9.0500E+00
             24                  6                 17         1.0100E+01
             24                  7                 11         1.1250E+01
