  #Crystal Size      Water Content              Count               Bias
             14                 -3                  4         8.5000E+00
             14                 -2                 10         9.2500E+00
             14                 -1                  1         1.0100E+01
             14                  0                  1         1.1050E+01
             14                  1                 10         1.2100E+01
             15                 -4                  6         6.8000E+00
             15                 -3                 18         7.4500E+00
             15                 -2                 28         8.2000E+00
             15                 -1                 37         9.0500E+00
             15                  0                 67         1.0000E+01
             15                  1                 60         1.1050E+01
             15                  2                 24         1.2200E+01
             15                  3                  7         1.3450E+01
             16                 -5                 14         5.3000E+00
             16                 -4                 59         5.8500E+00
             16                 -3                 91         6.5000E+00
             16                 -2                214         7.2500E+00
             16                 -1                272         8.1000E+00
             16                  0                545         9.0500E+00
             16                  1                165         1.0100E+01
             16                  2                 66         1.1250E+01
             16                  3                 23         1.2500E+01
             16                  4                  3         1.3850E+01
             17                 -5                 30         4.4500E+00
             17                 -4                132         5.0000E+00
             17                 -3                292         5.6500E+00
             17                 -2                828         6.4000E+00
             17                 -1                935         7.2500E+00
             17                  0               1788         8.2000E+00
             17                  1                521         9.2500E+00
             17                  2                184         1.0400E+01
             17                  3                 58         1.1650E+01
             17                  4                 32         1.3000E+01
             17                  5                  2         1.4450E+01
             18                 -6                  1         3.2500E+00
             18                 -5                 86         3.7000E+00
             18                 -4                255         4.2500E+00
             18                 -3                925         4.9000E+00
             18                 -2               1761         5.6500E+00
             18                 -1               2147         6.5000E+00
             18                  0               4588         7.4500E+00
             18                  1               1844         8.5000E+00
             18                  2                835         9.6500E+00
             18                  3                351         1.0900E+01
             18                  4                 84         1.2250E+01
             18                  5                 11         1.3700E+01
             19                 -6                  1         2.6000E+00
             19                 -5                110         3.0500E+00
             19                 -4                645         3.6000E+00
             19                 -3               2320         4.2500E+00
             19                 -2               4336         5.0000E+00
             19                 -1               4934         5.8500E+00
             19                  0              11531         6.8000E+00
             19                  1               4957         7.8500E+00
             19                  2               2600         9.0000E+00
             19                  3                934         1.0250E+01
             19                  4                308         1.1600E+01
             19                  5                107         1.3050E+01
             19                  6                 14         1.4600E+01
             20                 -6                 18         2.0500E+00
             20                 -5                275         2.5000E+00
             20                 -4               1697         3.0500E+00
             20                 -3               5300         3.7000E+00
             20                 -2               9200         4.4500E+00
             20                 -1              11115         5.3000E+00
             20                  0              31444         6.2500E+00
             20                  1              14233         7.3000E+00
             20                  2               6840         8.4500E+00
             20                  3               2699         9.7000E+00
             20                  4                759         1.1050E+01
             20                  5                176         1.2500E+01
             20                  6                 15         1.4050E+01
             20                  7                  3         1.5700E+01
             20                  8                  1         1.7450E+01
             21                 -6                 53         1.6000E+00
             21                 -5                792         2.0500E+00
             21                 -4               4412         2.6000E+00
             21                 -3              12457         3.2500E+00
             21                 -2              20687         4.0000E+00
             21                 -1              24760         4.8500E+00
             21                  0              69232         5.8000E+00
             21                  1              29376         6.8500E+00
             21                  2              14925         8.0000E+00
             21                  3               5384         9.2500E+00
             21                  4               1512         1.0600E+01
             21                  5                284         1.2050E+01
             21                  6                 40         1.3600E+01
             21                  7                 10         1.5250E+01
             21                  8                  8         1.7000E+01
             22                 -7                 23         9.0000E-01
             22                 -6                224         1.2500E+00
             22                 -5               1676         1.7000E+00
             22                 -4               7163         2.2500E+00
             22                 -3              19746         2.9000E+00
             22                 -2              32953         3.6500E+00
             22                 -1              38983         4.5000E+00
             22                  0             106787         5.4500E+00
             22                  1              41624         6.5000E+00
             22                  2              19517         7.6500E+00
             22                  3               7038         8.9000E+00
             22                  4               1647         1.0250E+01
             22                  5                360         1.1700E+01
             22                  6                 73         1.3250E+01
             22                  7                  9         1.4900E+01
             22                  8                  6         1.6650E+01
             23                 -7                 19         6.5000E-01
             23                 -6                451         1.0000E+00
             23                 -5               2121         1.4500E+00
             23                 -4               8434         2.0000E+00
             23                 -3              21685         2.6500E+00
             23                 -2              35787         3.4000E+00
             23                 -1              41421         4.2500E+00
             23                  0             105186         5.2000E+00
             23                  1              38097         6.2500E+00
             23                  2              16210         7.4000E+00
             23                  3               4997         8.6500E+00
             23                  4               1245         1.0000E+01
             23                  5                247         1.1450E+01
             23                  6                 23         1.3000E+01
             24                 -7                 68         5.0000E-01
             24                 -6                311         8.5000E-01
             24                 -5               1457         1.3000E+00
             24                 -4               5052         1.8500E+00
             24                 -3              11828         2.5000E+00
             24                 -2              17602         3.2500E+00
             24                 -1              19638         4.1000E+00
             24                  0              47659         5.0500E+00
             24                  1              15203         6.1000E+00
             24                  2               5401         7.2500E+00
             24                  3               1573         8.5000E+00
             24                  4                454         9.8500E+00
             24                  5                 82         1.1300E+01
             24                  6                  1         1.2850E+01
