  #Crystal Size      Water Content              Count               Bias
             11                 -3                 19         8.0000E+00
             11                 -2                 11         9.2500E+00
             11                 -1                  6         1.0600E+01
             11                  0                 20         1.2050E+01
             11                  1                 13         1.3600E+01
             11                  2                  8         1.5250E+01
             12                 -4                 12         6.5000E+00
             12                 -3                 47         7.6500E+00
             12                 -2                 73         8.9000E+00
             12                 -1                 64         1.0250E+01
             12                  0                153         1.1700E+01
             12                  1                 89         1.3250E+01
             12                  2                 79         1.4900E+01
             12                  3                 16         1.6650E+01
             13                 -5                 10         5.2000E+00
             13                 -4                 27         6.2500E+00
             13                 -3                 99         7.4000E+00
             13                 -2                135         8.6500E+00
             13                 -1                112         1.0000E+01
             13                  0                479         1.1450E+01
             13                  1                232         1.3000E+01
             13                  2                104         1.4650E+01
             13                  3                 14         1.6400E+01
             14                 -6                  3         4.1000E+00
             14                 -5                 54         5.0500E+00
             14                 -4                304         6.1000E+00
             14                 -3                442         7.2500E+00
             14                 -2                489         8.5000E+00
             14                 -1                442         9.8500E+00
             14                  0               1271         1.1300E+01
             14                  1                529         1.2850E+01
             14                  2                181         1.4500E+01
             14                  3                 48         1.6250E+01
             14                  4                  4         1.8100E+01
             15                 -5                298         5.0000E+00
             15                 -4                822         6.0500E+00
             15                 -3               1473         7.2000E+00
             15                 -2               1750         8.4500E+00
             15                 -1               1366         9.8000E+00
             15                  0               3319         1.1250E+01
             15                  1                983         1.2800E+01
             15                  2                336         1.4450E+01
             15                  3                 75         1.6200E+01
             15                  4                 14         1.8050E+01
             16                 -6                 23         4.1000E+00
             16                 -5                789         5.0500E+00
             16                 -4               2174         6.1000E+00
             16                 -3               3522         7.2500E+00
             16                 -2               4111         8.5000E+00
             16                 -1               3939         9.8500E+00
             16                  0               8234         1.1300E+01
             16                  1               1988         1.2850E+01
             16                  2                587         1.4500E+01
             16                  3                247         1.6250E+01
             16                  4                 36         1.8100E+01
             16                  5                  4         2.0050E+01
             17                 -7                 12         3.4000E+00
             17                 -6                212         4.2500E+00
             17                 -5               1511         5.2000E+00
             17                 -4               4195         6.2500E+00
             17                 -3               7970         7.4000E+00
             17                 -2               9316         8.6500E+00
             17                 -1               8506         1.0000E+01
             17                  0              15793         1.1450E+01
             17                  1               3560         1.3000E+01
             17                  2                837         1.4650E+01
             17                  3                313         1.6400E+01
             17                  4                135         1.8250E+01
             17                  5                 72         2.0200E+01
             17                  6                  6         2.2250E+01
             18                 -7                 10         3.6500E+00
             18                 -6                514         4.5000E+00
             18                 -5               2397         5.4500E+00
             18                 -4               8209         6.5000E+00
             18                 -3              15892         7.6500E+00
             18                 -2              18662         8.9000E+00
             18                 -1              16337         1.0250E+01
             18                  0              27785         1.1700E+01
             18                  1               6183         1.3250E+01
             18                  2               1942         1.4900E+01
             18                  3                566         1.6650E+01
             18                  4                193         1.8500E+01
             18                  5                 46         2.0450E+01
             18                  6                  3         2.2500E+01
             19                 -7                 28         4.0000E+00
             19                 -6                621         4.8500E+00
             19                 -5               4290         5.8000E+00
             19                 -4              13608         6.8500E+00
             19                 -3              27031         8.0000E+00
             19                 -2              33251         9.2500E+00
             19                 -1              26911         1.0600E+01
             19                  0              43699         1.2050E+01
             19                  1              10359         1.3600E+01
             19                  2               3457         1.5250E+01
             19                  3               1169         1.7000E+01
             19                  4                375         1.8850E+01
             19                  5                 70         2.0800E+01
             19                  6                  3         2.2850E+01
             20                 -8                  1         3.7000E+00
             20                 -7                 90         4.4500E+00
             20                 -6               1244         5.3000E+00
             20                 -5               6746         6.2500E+00
             20                 -4              18672         7.3000E+00
             20                 -3              35902         8.4500E+00
             20                 -2              43022         9.7000E+00
             20                 -1              33670         1.1050E+01
             20                  0              56365         1.2500E+01
             20                  1              13617         1.4050E+01
             20                  2               4426         1.5700E+01
             20                  3               1384         1.7450E+01
             20                  4                549         1.9300E+01
             20                  5                 79         2.1250E+01
             20                  6                  3         2.3300E+01
             21                 -7                154         5.0000E+00
             21                 -6               1802         5.8500E+00
             21                 -5               8323         6.8000E+00
             21                 -4              21037         7.8500E+00
             21                 -3              37456         9.0000E+00
             21                 -2              40305         1.0250E+01
             21                 -1              31984         1.1600E+01
             21                  0              51750         1.3050E+01
             21                  1              13012         1.4600E+01
             21                  2               4555         1.6250E+01
             21                  3               1549         1.8000E+01
             21                  4                509         1.9850E+01
             21                  5                 68         2.1800E+01
             21                  6                  2         2.3850E+01
             22                 -7                142         5.6500E+00
             22                 -6               1302         6.5000E+00
             22                 -5               6292         7.4500E+00
             22                 -4              15971         8.5000E+00
             22                 -3              25732         9.6500E+00
             22                 -2              26990         1.0900E+01
             22                 -1              20966         1.2250E+01
             22                  0              33853         1.3700E+01
             22                  1               8620         1.5250E+01
             22                  2               2880         1.6900E+01
             22                  3                830         1.8650E+01
             22                  4                298         2.0500E+01
             22                  5                 25         2.2450E+01
             23                 -8                  5         5.6500E+00
             23                 -7                141         6.4000E+00
             23                 -6                704         7.2500E+00
             23                 -5               2661         8.2000E+00
             23                 -4               7030         9.2500E+00
             23                 -3              11190         1.0400E+01
             23                 -2              11757         1.1650E+01
             23                 -1               8745         1.3000E+01
             23                  0              12971         1.4450E+01
             23                  1               3355         1.6000E+01
             23                  2               1041         1.7650E+01
             23                  3                231         1.9400E+01
             23                  4                 30         2.1250E+01
             23                  5                  1         2.3200E+01
             24                 -8                 25         6.5000E+00
             24                 -7                 58         7.2500E+00
             24                 -6                140         8.1000E+00
             24                 -5                603         9.0500E+00
             24                 -4               1438         1.0100E+01
             24                 -3               2011         1.1250E+01
             24                 -2               1770         1.2500E+01
             24                 -1               1439         1.3850E+01
             24                  0               2043         1.5300E+01
             24                  1                553         1.6850E+01
             24                  2                128         1.8500E+01
             24                  3                 25         2.0250E+01
