  #Crystal Size      Water Content              Count               Bias
             11                  0                 13         1.1300E+01
             11                  1                  1         1.2850E+01
             12                 -3                  3         7.4000E+00
             12                 -2                 16         8.6500E+00
             12                 -1                  1         1.0000E+01
             12                  0                 66         1.1450E+01
             12                  1                 16         1.3000E+01
             13                 -4                 23         6.5000E+00
             13                 -3                 33         7.6500E+00
             13                 -2                 41         8.9000E+00
             13                 -1                117         1.0250E+01
             13                  0                355         1.1700E+01
             13                  1                 95         1.3250E+01
             13                  2                 68         1.4900E+01
             13                  3                  5         1.6650E+01
             14                 -5                 21         5.8000E+00
             14                 -4                 96         6.8500E+00
             14                 -3                266         8.0000E+00
             14                 -2                518         9.2500E+00
             14                 -1                504         1.0600E+01
             14                  0               2030         1.2050E+01
             14                  1                506         1.3600E+01
             14                  2                163         1.5250E+01
             14                  3                 67         1.7000E+01
             15                 -6                 12         5.3000E+00
             15                 -5                 49         6.2500E+00
             15                 -4                504         7.3000E+00
             15                 -3               1702         8.4500E+00
             15                 -2               2667         9.7000E+00
             15                 -1               2854         1.1050E+01
             15                  0               8237         1.2500E+01
             15                  1               2224         1.4050E+01
             15                  2                626         1.5700E+01
             15                  3                159         1.7450E+01
             15                  4                 35         1.9300E+01
             16                 -6                 17         5.8500E+00
             16                 -5                288         6.8000E+00
             16                 -4               1885         7.8500E+00
             16                 -3               5857         9.0000E+00
             16                 -2               9547         1.0250E+01
             16                 -1              10071         1.1600E+01
             16                  0              22398         1.3050E+01
             16                  1               5710         1.4600E+01
             16                  2               1675         1.6250E+01
             16                  3                305         1.8000E+01
             16                  4                 56         1.9850E+01
             16                  5                 11         2.1800E+01
             17                 -6                 94         6.5000E+00
             17                 -5               1236         7.4500E+00
             17                 -4               5585         8.5000E+00
             17                 -3              15155         9.6500E+00
             17                 -2              22170         1.0900E+01
             17                 -1              20863         1.2250E+01
             17                  0              43363         1.3700E+01
             17                  1              12309         1.5250E+01
             17                  2               3365         1.6900E+01
             17                  3                640         1.8650E+01
             17                  4                152         2.0500E+01
             17                  5                  8         2.2450E+01
             17                  6                  1         2.4500E+01
             18                 -7                 25         6.4000E+00
             18                 -6                395         7.2500E+00
             18                 -5               2928         8.2000E+00
             18                 -4              11945         9.2500E+00
             18                 -3              28060         1.0400E+01
             18                 -2              37536         1.1650E+01
             18                 -1              32773         1.3000E+01
             18                  0              60675         1.4450E+01
             18                  1              16576         1.6000E+01
             18                  2               5222         1.7650E+01
             18                  3               1176         1.9400E+01
             18                  4                282         2.1250E+01
             18                  5                 19         2.3200E+01
             18                  6                  3         2.5250E+01
             19                 -7                 60         7.2500E+00
             19                 -6                878         8.1000E+00
             19                 -5               5137         9.0500E+00
             19                 -4              16784         1.0100E+01
             19                 -3              33290         1.1250E+01
             19                 -2              44622         1.2500E+01
             19                 -1              36847         1.3850E+01
             19                  0              64063         1.5300E+01
             19                  1              17128         1.6850E+01
             19                  2               5949         1.8500E+01
             19                  3               1529         2.0250E+01
             19                  4                211         2.2100E+01
             19                  5                 13         2.4050E+01
             19                  6                  2         2.6100E+01
             20                 -8                 17         7.4500E+00
             20                 -7                227         8.2000E+00
             20                 -6               1553         9.0500E+00
             20                 -5               6667         1.0000E+01
             20                 -4              17747         1.1050E+01
             20                 -3              30870         1.2200E+01
             20                 -2              36032         1.3450E+01
             20                 -1              29701         1.4800E+01
             20                  0              50495         1.6250E+01
             20                  1              13087         1.7800E+01
             20                  2               4075         1.9450E+01
             20                  3                884         2.1200E+01
             20                  4                218         2.3050E+01
             20                  5                 14         2.5000E+01
             21                 -8                 60         8.5000E+00
             21                 -7                319         9.2500E+00
             21                 -6               1726         1.0100E+01
             21                 -5               5428         1.1050E+01
             21                 -4              13454         1.2100E+01
             21                 -3              20337         1.3250E+01
             21                 -2              22999         1.4500E+01
             21                 -1              17177         1.5850E+01
             21                  0              25569         1.7300E+01
             21                  1               6364         1.8850E+01
             21                  2               1847         2.0500E+01
             21                  3                482         2.2250E+01
             21                  4                125         2.4100E+01
             21                  5                  5         2.6050E+01
             22                 -7                115         1.0400E+01
             22                 -6               1031         1.1250E+01
             22                 -5               2937         1.2200E+01
             22                 -4               6328         1.3250E+01
             22                 -3               9399         1.4400E+01
             22                 -2               9494         1.5650E+01
             22                 -1               6681         1.7000E+01
             22                  0               8629         1.8450E+01
             22                  1               1748         2.0000E+01
             22                  2                512         2.1650E+01
             22                  3                118         2.3400E+01
             22                  4                 35         2.5250E+01
             22                  5                 10         2.7200E+01
             23                 -7                 66         1.1650E+01
             23                 -6                385         1.2500E+01
             23                 -5               1147         1.3450E+01
             23                 -4               1794         1.4500E+01
             23                 -3               2797         1.5650E+01
             23                 -2               2536         1.6900E+01
             23                 -1               1555         1.8250E+01
             23                  0               1799         1.9700E+01
             23                  1                375         2.1250E+01
             23                  2                 83         2.2900E+01
             23                  3                 12         2.4650E+01
             23                  4                 18         2.6500E+01
             24                 -7                  5         1.3000E+01
             24                 -6                 50         1.3850E+01
             24                 -5                162         1.4800E+01
             24                 -4                403         1.5850E+01
             24                 -3                608         1.7000E+01
             24                 -2                359         1.8250E+01
             24                 -1                188         1.9600E+01
             24                  0                119         2.1050E+01
             24                  1                 33         2.2600E+01
             24                  2                  8         2.4250E+01
