  #Crystal Size      Water Content              Count               Bias
              0                  8                  4         5.4500E+00
              0                  9                 12         5.8000E+00
              0                 10                248         6.2500E+00
              0                 11                604         6.8000E+00
              0                 12               1455         7.4500E+00
              0                 13               2474         8.2000E+00
              0                 14               2734         9.0500E+00
              0                 15               2501         1.0000E+01
              0                 16               1881         1.1050E+01
              0                 17                745         1.2200E+01
              0                 18                256         1.3450E+01
              0                 19                 39         1.4800E+01
              0                 20                  6         1.6250E+01
              1                  8                 39         4.5000E+00
              1                  9                263         4.8500E+00
              1                 10               1185         5.3000E+00
              1                 11               3630         5.8500E+00
              1                 12               7560         6.5000E+00
              1                 13               9765         7.2500E+00
              1                 14              10840         8.1000E+00
              1                 15               8769         9.0500E+00
              1                 16               6428         1.0100E+01
              1                 17               2599         1.1250E+01
              1                 18                819         1.2500E+01
              1                 19                241         1.3850E+01
              1                 20                 84         1.5300E+01
              2                  8                  9         3.6500E+00
              2                  9                241         4.0000E+00
              2                 10               1325         4.4500E+00
              2                 11               3628         5.0000E+00
              2                 12               5958         5.6500E+00
              2                 13               7073         6.4000E+00
              2                 14               6487         7.2500E+00
              2                 15               5303         8.2000E+00
              2                 16               3422         9.2500E+00
              2                 17               1612         1.0400E+01
              2                 18                523         1.1650E+01
              2                 19                 67         1.3000E+01
              2                 20                  9         1.4450E+01
              3                  7                  3         2.6500E+00
              3                  8                 59         2.9000E+00
              3                  9                497         3.2500E+00
              3                 10               1863         3.7000E+00
              3                 11               3582         4.2500E+00
              3                 12               6235         4.9000E+00
              3                 13               8841         5.6500E+00
              3                 14               7450         6.5000E+00
              3                 15               5755         7.4500E+00
              3                 16               3372         8.5000E+00
              3                 17               1532         9.6500E+00
              3                 18                684         1.0900E+01
              3                 19                126         1.2250E+01
              3                 20                 19         1.3700E+01
              4                  6                  3         1.8500E+00
              4                  7                 44         2.0000E+00
              4                  8                157         2.2500E+00
              4                  9                620         2.6000E+00
              4                 10               2244         3.0500E+00
              4                 11               4142         3.6000E+00
              4                 12               6728         4.2500E+00
              4                 13               7916         5.0000E+00
              4                 14               6354         5.8500E+00
              4                 15               4321         6.8000E+00
              4                 16               2551         7.8500E+00
              4                 17               1307         9.0000E+00
              4                 18                552         1.0250E+01
              4                 19                213         1.1600E+01
              4                 20                 23         1.3050E+01
              4                 21                  1         1.4600E+01
              5                  6                  5         1.3000E+00
              5                  7                 87         1.4500E+00
              5                  8                531         1.7000E+00
              5                  9               1631         2.0500E+00
              5                 10               3777         2.5000E+00
              5                 11               5992         3.0500E+00
              5                 12               8058         3.7000E+00
              5                 13               7965         4.4500E+00
              5                 14               6492         5.3000E+00
              5                 15               4537         6.2500E+00
              5                 16               2886         7.3000E+00
              5                 17               1458         8.4500E+00
              5                 18                580         9.7000E+00
              5                 19                199         1.1050E+01
              5                 20                 28         1.2500E+01
              5                 21                  2         1.4050E+01
              6                  5                  1         8.0000E-01
              6                  6                 36         8.5000E-01
              6                  7                310         1.0000E+00
              6                  8               1467         1.2500E+00
              6                  9               4909         1.6000E+00
              6                 10              11030         2.0500E+00
              6                 11              15904         2.6000E+00
              6                 12              18305         3.2500E+00
              6                 13              17490         4.0000E+00
              6                 14              15081         4.8500E+00
              6                 15              11277         5.8000E+00
              6                 16               7143         6.8500E+00
              6                 17               3477         8.0000E+00
              6                 18               1229         9.2500E+00
              6                 19                291         1.0600E+01
              6                 20                 87         1.2050E+01
              6                 21                  6         1.3600E+01
              7                  6                 41         5.0000E-01
              7                  7                475         6.5000E-01
              7                  8               2545         9.0000E-01
              7                  9               8824         1.2500E+00
              7                 10              18812         1.7000E+00
              7                 11              27929         2.2500E+00
              7                 12              32432         2.9000E+00
              7                 13              32472         3.6500E+00
              7                 14              30348         4.5000E+00
              7                 15              24933         5.4500E+00
              7                 16              16324         6.5000E+00
              7                 17               8309         7.6500E+00
              7                 18               2978         8.9000E+00
              7                 19                964         1.0250E+01
              7                 20                200         1.1700E+01
              7                 21                 66         1.3250E+01
              8                  5                  3         2.0000E-01
              8                  6                 69         2.5000E-01
              8                  7                553         4.0000E-01
              8                  8               2378         6.5000E-01
              8                  9               8243         1.0000E+00
              8                 10              17760         1.4500E+00
              8                 11              27461         2.0000E+00
              8                 12              33637         2.6500E+00
              8                 13              36036         3.4000E+00
              8                 14              35260         4.2500E+00
              8                 15              29926         5.2000E+00
              8                 16              19915         6.2500E+00
              8                 17               9640         7.4000E+00
              8                 18               3362         8.6500E+00
              8                 19               1017         1.0000E+01
              8                 20                225         1.1450E+01
              8                 21                 39         1.3000E+01
              8                 22                  1         1.4650E+01
              9                  5                  6         5.0000E-02
              9                  6                 62         1.0000E-01
              9                  7                327         2.5000E-01
              9                  8               1424         5.0000E-01
              9                  9               4766         8.5000E-01
              9                 10              11501         1.3000E+00
              9                 11              17804         1.8500E+00
              9                 12              21980         2.5000E+00
              9                 13              24226         3.2500E+00
              9                 14              24877         4.1000E+00
              9                 15              20924         5.0500E+00
              9                 16              12433         6.1000E+00
              9                 17               5891         7.2500E+00
              9                 18               2520         8.5000E+00
              9                 19                730         9.8500E+00
              9                 20                135         1.1300E+01
              9                 21                  8         1.2850E+01
             10                  5                  1         0.0000E+00
             10                  6                 19         5.0000E-02
             10                  7                135         2.0000E-01
             10                  8                531         4.5000E-01
             10                  9               1805         8.0000E-01
             10                 10               4713         1.2500E+00
             10                 11               7011         1.8000E+00
             10                 12               8828         2.4500E+00
             10                 13              10900         3.2000E+00
             10                 14              10859         4.0500E+00
             10                 15               8723         5.0000E+00
             10                 16               5676         6.0500E+00
             10                 17               2985         7.2000E+00
             10                 18               1366         8.4500E+00
             10                 19                417         9.8000E+00
             10                 20                100         1.1250E+01
             10                 21                  3         1.2800E+01
             11                  7                 10         2.5000E-01
             11                  8                102         5.0000E-01
             11                  9                332         8.5000E-01
             11                 10                789         1.3000E+00
             11                 11               1611         1.8500E+00
             11                 12               2533         2.5000E+00
             11                 13               3657         3.2500E+00
             11                 14               3743         4.1000E+00
             11                 15               3075         5.0500E+00
             11                 16               1678         6.1000E+00
             11                 17                772         7.2500E+00
             11                 18                364         8.5000E+00
             11                 19                 98         9.8500E+00
             11                 20                 16         1.1300E+01
             12                  8                  9         6.5000E-01
             12                  9                 24         1.0000E+00
             12                 10                 94         1.4500E+00
             12                 11                205         2.0000E+00
             12                 12                542         2.6500E+00
             12                 13                658         3.4000E+00
             12                 14                662         4.2500E+00
             12                 15                522         5.2000E+00
             12                 16                411         6.2500E+00
             12                 17                178         7.4000E+00
             12                 18                 64         8.6500E+00
             12                 19                 12         1.0000E+01
             12                 20                  1         1.1450E+01
             13                 10                  2         1.7000E+00
             13                 11                 33         2.2500E+00
             13                 12                 68         2.9000E+00
             13                 13                 87         3.6500E+00
             13                 14                102         4.5000E+00
             13                 15                127         5.4500E+00
             13                 16                131         6.5000E+00
             13                 17                 76         7.6500E+00
             13                 18                 14         8.9000E+00
             14                 11                  1         2.6000E+00
             14                 12                  2         3.2500E+00
             14                 13                  8         4.0000E+00
             14                 14                  3         4.8500E+00
             14                 15                  5         5.8000E+00
             14                 16                 12         6.8500E+00
             14                 17                  1         8.0000E+00
