  #Crystal Size      Water Content              Count               Bias
              0                  4                  3         1.4800E+01
              0                  5                  4         1.6250E+01
              0                  6                  1         1.7800E+01
              0                  7                  1         1.9450E+01
              1                  2                  2         1.1250E+01
              1                  3                 27         1.2500E+01
              1                  4                113         1.3850E+01
              1                  5                330         1.5300E+01
              1                  6                550         1.6850E+01
              1                  7                806         1.8500E+01
              1                  8               1107         2.0250E+01
              1                  9                950         2.2100E+01
              1                 10                427         2.4050E+01
              1                 11                109         2.6100E+01
              1                 12                  4         2.8250E+01
              1                 14                  1         3.2850E+01
              2                  2                 17         1.0400E+01
              2                  3                 95         1.1650E+01
              2                  4                259         1.3000E+01
              2                  5                554         1.4450E+01
              2                  6               1073         1.6000E+01
              2                  7               1864         1.7650E+01
              2                  8               1837         1.9400E+01
              2                  9               1267         2.1250E+01
              2                 10                474         2.3200E+01
              2                 11                103         2.5250E+01
              2                 12                 55         2.7400E+01
              2                 13                  7         2.9650E+01
              2                 14                  2         3.2000E+01
              3                  0                  1         7.4500E+00
              3                  1                  2         8.5000E+00
              3                  2                 40         9.6500E+00
              3                  3                165         1.0900E+01
              3                  4               1028         1.2250E+01
              3                  5               2857         1.3700E+01
              3                  6               5367         1.5250E+01
              3                  7               7340         1.6900E+01
              3                  8               6861         1.8650E+01
              3                  9               4819         2.0500E+01
              3                 10               2002         2.2450E+01
              3                 11                626         2.4500E+01
              3                 12                 79         2.6650E+01
              3                 13                 37         2.8900E+01
              3                 14                 16         3.1250E+01
              4                  0                 13         6.8000E+00
              4                  1                 19         7.8500E+00
              4                  2                152         9.0000E+00
              4                  3                777         1.0250E+01
              4                  4               3785         1.1600E+01
              4                  5               9604         1.3050E+01
              4                  6              17232         1.4600E+01
              4                  7              23276         1.6250E+01
              4                  8              22508         1.8000E+01
              4                  9              15219         1.9850E+01
              4                 10               6700         2.1800E+01
              4                 11               1837         2.3850E+01
              4                 12                427         2.6000E+01
              4                 13                112         2.8250E+01
              4                 14                 35         3.0600E+01
              5                  0                 15         6.2500E+00
              5                  1                 59         7.3000E+00
              5                  2                462         8.4500E+00
              5                  3               2074         9.7000E+00
              5                  4               7366         1.1050E+01
              5                  5              17243         1.2500E+01
              5                  6              32114         1.4050E+01
              5                  7              42374         1.5700E+01
              5                  8              43447         1.7450E+01
              5                  9              31502         1.9300E+01
              5                 10              15073         2.1250E+01
              5                 11               4731         2.3300E+01
              5                 12               1074         2.5450E+01
              5                 13                305         2.7700E+01
              5                 14                 81         3.0050E+01
              5                 15                  3         3.2500E+01
              6                  0                 13         5.8000E+00
              6                  1                150         6.8500E+00
              6                  2                888         8.0000E+00
              6                  3               3622         9.2500E+00
              6                  4              10531         1.0600E+01
              6                  5              23732         1.2050E+01
              6                  6              38622         1.3600E+01
              6                  7              52802         1.5250E+01
              6                  8              52144         1.7000E+01
              6                  9              38313         1.8850E+01
              6                 10              19731         2.0800E+01
              6                 11               6637         2.2850E+01
              6                 12               1420         2.5000E+01
              6                 13                219         2.7250E+01
              6                 14                 18         2.9600E+01
              7                  0                  5         5.4500E+00
              7                  1                 44         6.5000E+00
              7                  2                555         7.6500E+00
              7                  3               3494         8.9000E+00
              7                  4              10782         1.0250E+01
              7                  5              22105         1.1700E+01
              7                  6              35908         1.3250E+01
              7                  7              44770         1.4900E+01
              7                  8              41832         1.6650E+01
              7                  9              26713         1.8500E+01
              7                 10              14135         2.0450E+01
              7                 11               5042         2.2500E+01
              7                 12               1131         2.4650E+01
              7                 13                194         2.6900E+01
              7                 14                 11         2.9250E+01
              8                  1                 68         6.2500E+00
              8                  2                377         7.4000E+00
              8                  3               2467         8.6500E+00
              8                  4               7794         1.0000E+01
              8                  5              14646         1.1450E+01
              8                  6              23332         1.3000E+01
              8                  7              27518         1.4650E+01
              8                  8              21772         1.6400E+01
              8                  9              12493         1.8250E+01
              8                 10               6412         2.0200E+01
              8                 11               2339         2.2250E+01
              8                 12                712         2.4400E+01
              8                 13                111         2.6650E+01
              9                  1                 16         6.1000E+00
              9                  2                174         7.2500E+00
              9                  3               1340         8.5000E+00
              9                  4               4158         9.8500E+00
              9                  5               8127         1.1300E+01
              9                  6              11222         1.2850E+01
              9                  7              11621         1.4500E+01
              9                  8               7976         1.6250E+01
              9                  9               4395         1.8100E+01
              9                 10               1669         2.0050E+01
              9                 11                673         2.2100E+01
              9                 12                227         2.4250E+01
              9                 13                 34         2.6500E+01
             10                  1                  9         6.0500E+00
             10                  2                238         7.2000E+00
             10                  3               1073         8.4500E+00
             10                  4               2150         9.8000E+00
             10                  5               4340         1.1250E+01
             10                  6               4667         1.2800E+01
             10                  7               3979         1.4450E+01
             10                  8               1976         1.6200E+01
             10                  9                969         1.8050E+01
             10                 10                339         2.0000E+01
             10                 11                114         2.2050E+01
             10                 12                 64         2.4200E+01
             10                 13                 14         2.6450E+01
             11                  1                  7         6.1000E+00
             11                  2                151         7.2500E+00
             11                  3                482         8.5000E+00
             11                  4                912         9.8500E+00
             11                  5               1676         1.1300E+01
             11                  6               1966         1.2850E+01
             11                  7               1833         1.4500E+01
             11                  8                726         1.6250E+01
             11                  9                227         1.8100E+01
             11                 10                 49         2.0050E+01
             11                 11                  6         2.2100E+01
             11                 12                  5         2.4250E+01
             11                 13                  2         2.6500E+01
             11                 14                  1         2.8850E+01
             12                  2                 18         7.4000E+00
             12                  3                 50         8.6500E+00
             12                  4                181         1.0000E+01
             12                  5                440         1.1450E+01
             12                  6                479         1.3000E+01
             12                  7                391         1.4650E+01
             12                  8                121         1.6400E+01
             12                  9                 35         1.8250E+01
             12                 10                  4         2.0200E+01
             12                 11                  1         2.2250E+01
             13                  2                  2         7.6500E+00
             13                  3                 22         8.9000E+00
             13                  4                 15         1.0250E+01
             13                  5                 16         1.1700E+01
             13                  6                 32         1.3250E+01
             13                  7                 77         1.4900E+01
             13                  8                  3         1.6650E+01
             14                  3                  1         9.2500E+00
