  #Crystal Size      Water Content              Count               Bias
             12                  2                  4         7.6500E+00
             13                  0                  7         5.2000E+00
             13                  1                  7         6.2500E+00
             13                  2                 11         7.4000E+00
             13                  3                  1         8.6500E+00
             14                 -1                 11         4.1000E+00
             14                  0                125         5.0500E+00
             14                  1                 31         6.1000E+00
             14                  2                 56         7.2500E+00
             14                  3                 49         8.5000E+00
             14                  4                  6         9.8500E+00
             14                  5                  2         1.1300E+01
             15                 -4                  4         1.8000E+00
             15                 -3                 27         2.4500E+00
             15                 -2                 39         3.2000E+00
             15                 -1                135         4.0500E+00
             15                  0                940         5.0000E+00
             15                  1                399         6.0500E+00
             15                  2                289         7.2000E+00
             15                  3                159         8.4500E+00
             15                  4                 41         9.8000E+00
             15                  5                 10         1.1250E+01
             15                  6                  8         1.2800E+01
             16                 -4                 20         1.8500E+00
             16                 -3                143         2.5000E+00
             16                 -2                572         3.2500E+00
             16                 -1               1146         4.1000E+00
             16                  0               4919         5.0500E+00
             16                  1               2250         6.1000E+00
             16                  2               1352         7.2500E+00
             16                  3                617         8.5000E+00
             16                  4                211         9.8500E+00
             16                  5                 70         1.1300E+01
             16                  6                 45         1.2850E+01
             16                  7                 10         1.4500E+01
             17                 -6                  9         1.0000E+00
             17                 -5                 29         1.4500E+00
             17                 -4                173         2.0000E+00
             17                 -3                974         2.6500E+00
             17                 -2               2684         3.4000E+00
             17                 -1               4754         4.2500E+00
             17                  0              16259         5.2000E+00
             17                  1               7253         6.2500E+00
             17                  2               4169         7.4000E+00
             17                  3               1831         8.6500E+00
             17                  4                723         1.0000E+01
             17                  5                326         1.1450E+01
             17                  6                117         1.3000E+01
             17                  7                 50         1.4650E+01
             17                  8                  1         1.6400E+01
             18                 -6                  7         1.2500E+00
             18                 -5                 72         1.7000E+00
             18                 -4                790         2.2500E+00
             18                 -3               3615         2.9000E+00
             18                 -2               9458         3.6500E+00
             18                 -1              13276         4.5000E+00
             18                  0              40655         5.4500E+00
             18                  1              18040         6.5000E+00
             18                  2               9675         7.6500E+00
             18                  3               4074         8.9000E+00
             18                  4               1595         1.0250E+01
             18                  5                638         1.1700E+01
             18                  6                274         1.3250E+01
             18                  7                 55         1.4900E+01
             18                  8                  1         1.6650E+01
             19                 -6                 46         1.6000E+00
             19                 -5                405         2.0500E+00
             19                 -4               2606         2.6000E+00
             19                 -3               8727         3.2500E+00
             19                 -2              19218         4.0000E+00
             19                 -1              25374         4.8500E+00
             19                  0              74998         5.8000E+00
             19                  1              32003         6.8500E+00
             19                  2              15561         8.0000E+00
             19                  3               5961         9.2500E+00
             19                  4               2062         1.0600E+01
             19                  5                996         1.2050E+01
             19                  6                230         1.3600E+01
             19                  7                 50         1.5250E+01
             19                  8                 18         1.7000E+01
             20                 -8                  1         1.4500E+00
             20                 -7                 17         1.7000E+00
             20                 -6                103         2.0500E+00
             20                 -5                799         2.5000E+00
             20                 -4               4326         3.0500E+00
             20                 -3              12609         3.7000E+00
             20                 -2              26003         4.4500E+00
             20                 -1              33874         5.3000E+00
             20                  0              95064         6.2500E+00
             20                  1              39493         7.3000E+00
             20                  2              19174         8.4500E+00
             20                  3               7681         9.7000E+00
             20                  4               2475         1.1050E+01
             20                  5                699         1.2500E+01
             20                  6                162         1.4050E+01
             20                  7                 40         1.5700E+01
             20                  8                  1         1.7450E+01
             21                 -7                 26         2.2500E+00
             21                 -6                172         2.6000E+00
             21                 -5               1267         3.0500E+00
             21                 -4               5157         3.6000E+00
             21                 -3              13880         4.2500E+00
             21                 -2              25157         5.0000E+00
             21                 -1              30504         5.8500E+00
             21                  0              84076         6.8000E+00
             21                  1              33481         7.8500E+00
             21                  2              16362         9.0000E+00
             21                  3               6834         1.0250E+01
             21                  4               1871         1.1600E+01
             21                  5                574         1.3050E+01
             21                  6                107         1.4600E+01
             21                  7                  2         1.6250E+01
             22                 -7                 40         2.9000E+00
             22                 -6                207         3.2500E+00
             22                 -5                986         3.7000E+00
             22                 -4               3871         4.2500E+00
             22                 -3              10410         4.9000E+00
             22                 -2              16800         5.6500E+00
             22                 -1              19867         6.5000E+00
             22                  0              50083         7.4500E+00
             22                  1              20324         8.5000E+00
             22                  2               9854         9.6500E+00
             22                  3               3464         1.0900E+01
             22                  4                927         1.2250E+01
             22                  5                198         1.3700E+01
             22                  6                 24         1.5250E+01
             22                  7                  1         1.6900E+01
             23                 -7                 13         3.6500E+00
             23                 -6                 81         4.0000E+00
             23                 -5                483         4.4500E+00
             23                 -4               1766         5.0000E+00
             23                 -3               4174         5.6500E+00
             23                 -2               6578         6.4000E+00
             23                 -1               7735         7.2500E+00
             23                  0              17760         8.2000E+00
             23                  1               6391         9.2500E+00
             23                  2               2923         1.0400E+01
             23                  3               1262         1.1650E+01
             23                  4                362         1.3000E+01
             23                  5                 67         1.4450E+01
             23                  6                  4         1.6000E+01
             24                 -7                  2         4.5000E+00
             24                 -6                 21         4.8500E+00
             24                 -5                105         5.3000E+00
             24                 -4                356         5.8500E+00
             24                 -3                673         6.5000E+00
             24                 -2               1174         7.2500E+00
             24                 -1               1310         8.1000E+00
             24                  0               2585         9.0500E+00
             24                  1                897         1.0100E+01
             24                  2                479         1.1250E+01
             24                  3                163         1.2500E+01
             24                  4                 37         1.3850E+01
             24                  5                  4         1.5300E+01
