  #Crystal Size      Water Content              Count               Bias
              0                -13                 45         4.5000E-01
              0                -12                598         2.0000E-01
              0                -11               4711         5.0000E-02
              0                -10              23614         0.0000E+00
              0                 -9              77848         5.0000E-02
              0                 -8             185507         2.0000E-01
              0                 -7             340270         4.5000E-01
              0                 -6             508357         8.0000E-01
              0                 -5             626014         1.2500E+00
              0                 -4             622480         1.8000E+00
              0                 -3             516533         2.4500E+00
              0                 -2             379375         3.2000E+00
              0                 -1             264550         4.0500E+00
              0                  0             493745         5.0000E+00
              0                  1             187682         6.0500E+00
              0                  2              93510         7.2000E+00
              0                  3              37730         8.4500E+00
              0                  4              12593         9.8000E+00
              0                  5               3321         1.1250E+01
              0                  6                649         1.2800E+01
              0                  7                174         1.4450E+01
              0                  8                  2         1.6200E+01
              1                -12                 26         2.5000E-01
              1                -11                346         1.0000E-01
              1                -10               1176         5.0000E-02
              1                 -9               2846         1.0000E-01
              1                 -8               4961         2.5000E-01
              1                 -7               6853         5.0000E-01
              1                 -6              10220         8.5000E-01
              1                 -5              14356         1.3000E+00
              1                 -4              19604         1.8500E+00
              1                 -3              29376         2.5000E+00
              1                 -2              41545         3.2500E+00
              1                 -1              47829         4.1000E+00
              1                  0             149271         5.0500E+00
              1                  1              70102         6.1000E+00
              1                  2              37994         7.2500E+00
              1                  3              16920         8.5000E+00
              1                  4               5710         9.8500E+00
              1                  5               1410         1.1300E+01
              1                  6                158         1.2850E+01
              1                  7                  4         1.4500E+01
              2                 -9                  1         2.5000E-01
              2                 -8                 12         4.0000E-01
              2                 -7                 75         6.5000E-01
              2                 -6                701         1.0000E+00
              2                 -5               2314         1.4500E+00
              2                 -4               5330         2.0000E+00
              2                 -3               9265         2.6500E+00
              2                 -2              13454         3.4000E+00
              2                 -1              15578         4.2500E+00
              2                  0              44469         5.2000E+00
              2                  1              18416         6.2500E+00
              2                  2              10132         7.4000E+00
              2                  3               4882         8.6500E+00
              2                  4               1856         1.0000E+01
              2                  5                442         1.1450E+01
              2                  6                 85         1.3000E+01
              2                  7                 11         1.4650E+01
              3                 -8                  6         6.5000E-01
              3                 -7                 47         9.0000E-01
              3                 -6                242         1.2500E+00
              3                 -5                711         1.7000E+00
              3                 -4               1257         2.2500E+00
              3                 -3               1738         2.9000E+00
              3                 -2               2266         3.6500E+00
              3                 -1               3087         4.5000E+00
              3                  0              11817         5.4500E+00
              3                  1               5552         6.5000E+00
              3                  2               2898         7.6500E+00
              3                  3               1085         8.9000E+00
              3                  4                376         1.0250E+01
              3                  5                 50         1.1700E+01
              3                  6                  8         1.3250E+01
              3                  7                  2         1.4900E+01
              4                 -6                  1         1.6000E+00
              4                 -4                 10         2.6000E+00
              4                 -3                 31         3.2500E+00
              4                 -2                200         4.0000E+00
              4                 -1                276         4.8500E+00
              4                  0                760         5.8000E+00
              4                  1                289         6.8500E+00
              4                  2                169         8.0000E+00
              4                  3                 28         9.2500E+00
              4                  4                 19         1.0600E+01
              5                 -1                  5         5.3000E+00
              5                  0                 16         6.2500E+00
              5                  1                 13         7.3000E+00
              5                  2                  2         8.4500E+00
              5                  3                  1         9.7000E+00
