  #Crystal Size      Water Content              Count               Bias
              0                -11                  4         5.8000E+00
              0                -10                117         6.2500E+00
              0                 -9               1214         6.8000E+00
              0                 -8               6743         7.4500E+00
              0                 -7              27062         8.2000E+00
              0                 -6              60904         9.0500E+00
              0                 -5              99442         1.0000E+01
              0                 -4             122958         1.1050E+01
              0                 -3             116589         1.2200E+01
              0                 -2              89150         1.3450E+01
              0                 -1              52406         1.4800E+01
              0                  0              75126         1.6250E+01
              0                  1              18955         1.7800E+01
              0                  2               5613         1.9450E+01
              0                  3               1255         2.1200E+01
              0                  4                366         2.3050E+01
              0                  5                 15         2.5000E+01
              1                -11                  4         4.8500E+00
              1                -10                 16         5.3000E+00
              1                 -9                476         5.8500E+00
              1                 -8               1966         6.5000E+00
              1                 -7               6177         7.2500E+00
              1                 -6              15216         8.1000E+00
              1                 -5              26996         9.0500E+00
              1                 -4              37081         1.0100E+01
              1                 -3              44323         1.1250E+01
              1                 -2              41906         1.2500E+01
              1                 -1              30331         1.3850E+01
              1                  0              53927         1.5300E+01
              1                  1              14267         1.6850E+01
              1                  2               5041         1.8500E+01
              1                  3               1079         2.0250E+01
              1                  4                189         2.2100E+01
              1                  5                  7         2.4050E+01
              2                -11                  2         4.0000E+00
              2                -10                 87         4.4500E+00
              2                 -9                436         5.0000E+00
              2                 -8               1549         5.6500E+00
              2                 -7               3444         6.4000E+00
              2                 -6               9899         7.2500E+00
              2                 -5              17130         8.2000E+00
              2                 -4              20708         9.2500E+00
              2                 -3              22100         1.0400E+01
              2                 -2              19534         1.1650E+01
              2                 -1              14304         1.3000E+01
              2                  0              25908         1.4450E+01
              2                  1               6436         1.6000E+01
              2                  2               2018         1.7650E+01
              2                  3                470         1.9400E+01
              2                  4                 84         2.1250E+01
              2                  5                  4         2.3200E+01
              3                -10                 54         3.7000E+00
              3                 -9                545         4.2500E+00
              3                 -8               2249         4.9000E+00
              3                 -7               7189         5.6500E+00
              3                 -6              19665         6.5000E+00
              3                 -5              36306         7.4500E+00
              3                 -4              47969         8.5000E+00
              3                 -3              52582         9.6500E+00
              3                 -2              43062         1.0900E+01
              3                 -1              28661         1.2250E+01
              3                  0              44067         1.3700E+01
              3                  1              11540         1.5250E+01
              3                  2               3439         1.6900E+01
              3                  3                868         1.8650E+01
              3                  4                 94         2.0500E+01
              3                  5                 25         2.2450E+01
              4                -11                  2         2.6000E+00
              4                -10                 92         3.0500E+00
              4                 -9                567         3.6000E+00
              4                 -8               3320         4.2500E+00
              4                 -7              10167         5.0000E+00
              4                 -6              27280         5.8500E+00
              4                 -5              53971         6.8000E+00
              4                 -4              80555         7.8500E+00
              4                 -3              88109         9.0000E+00
              4                 -2              72775         1.0250E+01
              4                 -1              45625         1.1600E+01
              4                  0              71708         1.3050E+01
              4                  1              18896         1.4600E+01
              4                  2               5359         1.6250E+01
              4                  3               1140         1.8000E+01
              4                  4                196         1.9850E+01
              4                  5                 53         2.1800E+01
              5                -11                 33         2.0500E+00
              5                -10                133         2.5000E+00
              5                 -9               1603         3.0500E+00
              5                 -8               6764         3.7000E+00
              5                 -7              20308         4.4500E+00
              5                 -6              45527         5.3000E+00
              5                 -5              84040         6.2500E+00
              5                 -4             115328         7.3000E+00
              5                 -3             119067         8.4500E+00
              5                 -2              92386         9.7000E+00
              5                 -1              58445         1.1050E+01
              5                  0              89632         1.2500E+01
              5                  1              22110         1.4050E+01
              5                  2               6128         1.5700E+01
              5                  3               1474         1.7450E+01
              5                  4                211         1.9300E+01
              5                  5                 51         2.1250E+01
              6                -11                 78         1.6000E+00
              6                -10                543         2.0500E+00
              6                 -9               3521         2.6000E+00
              6                 -8              12580         3.2500E+00
              6                 -7              33896         4.0000E+00
              6                 -6              68462         4.8500E+00
              6                 -5             111408         5.8000E+00
              6                 -4             147447         6.8500E+00
              6                 -3             156224         8.0000E+00
              6                 -2             126073         9.2500E+00
              6                 -1              80838         1.0600E+01
              6                  0             125874         1.2050E+01
              6                  1              31323         1.3600E+01
              6                  2               8637         1.5250E+01
              6                  3               2196         1.7000E+01
              6                  4                520         1.8850E+01
              6                  5                 78         2.0800E+01
              6                  6                 11         2.2850E+01
              7                -11                 32         1.2500E+00
              7                -10                598         1.7000E+00
              7                 -9               3549         2.2500E+00
              7                 -8              12187         2.9000E+00
              7                 -7              32915         3.6500E+00
              7                 -6              65302         4.5000E+00
              7                 -5             104688         5.4500E+00
              7                 -4             134582         6.5000E+00
              7                 -3             139135         7.6500E+00
              7                 -2             118146         8.9000E+00
              7                 -1              79942         1.0250E+01
              7                  0             135816         1.1700E+01
              7                  1              37345         1.3250E+01
              7                  2              12722         1.4900E+01
              7                  3               3612         1.6650E+01
              7                  4               1003         1.8500E+01
              7                  5                144         2.0450E+01
              8                -11                 17         1.0000E+00
              8                -10                430         1.4500E+00
              8                 -9               2041         2.0000E+00
              8                 -8               6313         2.6500E+00
              8                 -7              17405         3.4000E+00
              8                 -6              34659         4.2500E+00
              8                 -5              56580         5.2000E+00
              8                 -4              75198         6.2500E+00
              8                 -3              78931         7.4000E+00
              8                 -2              68541         8.6500E+00
              8                 -1              49199         1.0000E+01
              8                  0              93881         1.1450E+01
              8                  1              29470         1.3000E+01
              8                  2               9887         1.4650E+01
              8                  3               2645         1.6400E+01
              8                  4                499         1.8250E+01
              8                  5                 46         2.0200E+01
              8                  6                  3         2.2250E+01
              9                -11                 18         8.5000E-01
              9                -10                126         1.3000E+00
              9                 -9                426         1.8500E+00
              9                 -8               1256         2.5000E+00
              9                 -7               3750         3.2500E+00
              9                 -6               8070         4.1000E+00
              9                 -5              13338         5.0500E+00
              9                 -4              18862         6.1000E+00
              9                 -3              20203         7.2500E+00
              9                 -2              17065         8.5000E+00
              9                 -1              11968         9.8500E+00
              9                  0              23230         1.1300E+01
              9                  1               6972         1.2850E+01
              9                  2               2730         1.4500E+01
              9                  3                750         1.6250E+01
              9                  4                178         1.8100E+01
              9                  5                  5         2.0050E+01
             10                 -9                 72         1.8000E+00
             10                 -8                180         2.4500E+00
             10                 -7                361         3.2000E+00
             10                 -6                637         4.0500E+00
             10                 -5               1165         5.0000E+00
             10                 -4               1447         6.0500E+00
             10                 -3               1453         7.2000E+00
             10                 -2               1382         8.4500E+00
             10                 -1               1238         9.8000E+00
             10                  0               2265         1.1250E+01
             10                  1                662         1.2800E+01
             10                  2                106         1.4450E+01
             10                  3                 66         1.6200E+01
             11                 -6                 17         4.1000E+00
             11                 -5                 38         5.0500E+00
             11                 -4                 55         6.1000E+00
             11                 -3                 71         7.2500E+00
             11                 -2                119         8.5000E+00
             11                 -1                 62         9.8500E+00
             11                  0                 52         1.1300E+01
             11                  1                  1         1.2850E+01
             11                  2                  1         1.4500E+01
             12                 -3                 11         7.4000E+00
             12                 -2                  5         8.6500E+00
             12                 -1                 10         1.0000E+01
             12                  0                  1         1.1450E+01
