  #Crystal Size      Water Content              Count               Bias
              0                 -6                 12         5.8000E+00
              0                 -5                 27         6.2500E+00
              0                 -4                 99         6.8000E+00
              0                 -3                540         7.4500E+00
              0                 -2               2160         8.2000E+00
              0                 -1               7201         9.0500E+00
              0                  0              86652         1.0000E+01
              0                  1              88463         1.1050E+01
              0                  2              97114         1.2200E+01
              0                  3              82101         1.3450E+01
              0                  4              50970         1.4800E+01
              0                  5              26715         1.6250E+01
              0                  6              11347         1.7800E+01
              0                  7               3285         1.9450E+01
              0                  8                600         2.1200E+01
              0                  9                 71         2.3050E+01
              1                 -8                  2         4.2500E+00
              1                 -7                  9         4.5000E+00
              1                 -6                186         4.8500E+00
              1                 -5                384         5.3000E+00
              1                 -4               1277         5.8500E+00
              1                 -3               3569         6.5000E+00
              1                 -2               7388         7.2500E+00
              1                 -1              13463         8.1000E+00
              1                  0             105646         9.0500E+00
              1                  1             107025         1.0100E+01
              1                  2             107523         1.1250E+01
              1                  3              83391         1.2500E+01
              1                  4              53546         1.3850E+01
              1                  5              29175         1.5300E+01
              1                  6              12974         1.6850E+01
              1                  7               4525         1.8500E+01
              1                  8               1477         2.0250E+01
              1                  9                333         2.2100E+01
              1                 10                  5         2.4050E+01
              2                 -9                  6         3.2500E+00
              2                 -8                  9         3.4000E+00
              2                 -7                 16         3.6500E+00
              2                 -6                117         4.0000E+00
              2                 -5                588         4.4500E+00
              2                 -4               1984         5.0000E+00
              2                 -3               5364         5.6500E+00
              2                 -2               9937         6.4000E+00
              2                 -1              14367         7.2500E+00
              2                  0              86947         8.2000E+00
              2                  1              80754         9.2500E+00
              2                  2              76425         1.0400E+01
              2                  3              58436         1.1650E+01
              2                  4              37536         1.3000E+01
              2                  5              20538         1.4450E+01
              2                  6              10414         1.6000E+01
              2                  7               3518         1.7650E+01
              2                  8                648         1.9400E+01
              2                  9                 40         2.1250E+01
              2                 10                  6         2.3200E+01
              3                 -8                  6         2.6500E+00
              3                 -7                 53         2.9000E+00
              3                 -6                325         3.2500E+00
              3                 -5               1481         3.7000E+00
              3                 -4               5030         4.2500E+00
              3                 -3              12774         4.9000E+00
              3                 -2              23674         5.6500E+00
              3                 -1              30570         6.5000E+00
              3                  0             120816         7.4500E+00
              3                  1              92271         8.5000E+00
              3                  2              88257         9.6500E+00
              3                  3              70286         1.0900E+01
              3                  4              47514         1.2250E+01
              3                  5              23766         1.3700E+01
              3                  6               9513         1.5250E+01
              3                  7               2716         1.6900E+01
              3                  8                602         1.8650E+01
              3                  9                123         2.0500E+01
              3                 10                 26         2.2450E+01
              4                 -9                  1         1.8500E+00
              4                 -8                 26         2.0000E+00
              4                 -7                101         2.2500E+00
              4                 -6                570         2.6000E+00
              4                 -5               2177         3.0500E+00
              4                 -4               7341         3.6000E+00
              4                 -3              19421         4.2500E+00
              4                 -2              33171         5.0000E+00
              4                 -1              42686         5.8500E+00
              4                  0             136941         6.8000E+00
              4                  1              81276         7.8500E+00
              4                  2              62763         9.0000E+00
              4                  3              42571         1.0250E+01
              4                  4              23177         1.1600E+01
              4                  5              10598         1.3050E+01
              4                  6               3934         1.4600E+01
              4                  7                932         1.6250E+01
              4                  8                141         1.8000E+01
              4                  9                  9         1.9850E+01
              4                 10                  7         2.1800E+01
              5                 -8                 61         1.4500E+00
              5                 -7                343         1.7000E+00
              5                 -6               1256         2.0500E+00
              5                 -5               3930         2.5000E+00
              5                 -4              13611         3.0500E+00
              5                 -3              31815         3.7000E+00
              5                 -2              55895         4.4500E+00
              5                 -1              70170         5.3000E+00
              5                  0             198172         6.2500E+00
              5                  1              86433         7.3000E+00
              5                  2              46613         8.4500E+00
              5                  3              19831         9.7000E+00
              5                  4               7452         1.1050E+01
              5                  5               2548         1.2500E+01
              5                  6                832         1.4050E+01
              5                  7                148         1.5700E+01
              5                  8                 20         1.7450E+01
              6                 -9                 13         8.5000E-01
              6                 -8                 43         1.0000E+00
              6                 -7                180         1.2500E+00
              6                 -6                770         1.6000E+00
              6                 -5               4863         2.0500E+00
              6                 -4              19861         2.6000E+00
              6                 -3              48823         3.2500E+00
              6                 -2              83648         4.0000E+00
              6                 -1             105329         4.8500E+00
              6                  0             274917         5.8000E+00
              6                  1             108116         6.8500E+00
              6                  2              53578         8.0000E+00
              6                  3              22216         9.2500E+00
              6                  4               7681         1.0600E+01
              6                  5               2330         1.2050E+01
              6                  6                568         1.3600E+01
              6                  7                 59         1.5250E+01
              6                  8                 11         1.7000E+01
              7                 -8                 15         6.5000E-01
              7                 -7                176         9.0000E-01
              7                 -6                728         1.2500E+00
              7                 -5               4447         1.7000E+00
              7                 -4              17721         2.2500E+00
              7                 -3              48520         2.9000E+00
              7                 -2              81170         3.6500E+00
              7                 -1             104246         4.5000E+00
              7                  0             296913         5.4500E+00
              7                  1             124600         6.5000E+00
              7                  2              64060         7.6500E+00
              7                  3              27155         8.9000E+00
              7                  4               9491         1.0250E+01
              7                  5               2681         1.1700E+01
              7                  6                474         1.3250E+01
              7                  7                 76         1.4900E+01
              7                  8                  8         1.6650E+01
              8                 -8                  1         4.0000E-01
              8                 -7                 45         6.5000E-01
              8                 -6                326         1.0000E+00
              8                 -5               2243         1.4500E+00
              8                 -4              10689         2.0000E+00
              8                 -3              28499         2.6500E+00
              8                 -2              48148         3.4000E+00
              8                 -1              61282         4.2500E+00
              8                  0             175899         5.2000E+00
              8                  1              75825         6.2500E+00
              8                  2              40362         7.4000E+00
              8                  3              17910         8.6500E+00
              8                  4               6617         1.0000E+01
              8                  5               1696         1.1450E+01
              8                  6                441         1.3000E+01
              8                  7                 90         1.4650E+01
              8                  8                  4         1.6400E+01
              9                 -7                 14         5.0000E-01
              9                 -6                 83         8.5000E-01
              9                 -5                641         1.3000E+00
              9                 -4               2750         1.8500E+00
              9                 -3               7069         2.5000E+00
              9                 -2              11263         3.2500E+00
              9                 -1              12450         4.1000E+00
              9                  0              27528         5.0500E+00
              9                  1               9646         6.1000E+00
              9                  2               4817         7.2500E+00
              9                  3               1605         8.5000E+00
              9                  4                610         9.8500E+00
              9                  5                 84         1.1300E+01
              9                  6                  3         1.2850E+01
              9                  7                  1         1.4500E+01
             10                 -5                 16         1.2500E+00
             10                 -4                 36         1.8000E+00
             10                 -3                179         2.4500E+00
             10                 -2                365         3.2000E+00
             10                 -1                401         4.0500E+00
             10                  0                780         5.0000E+00
             10                  1                247         6.0500E+00
             10                  2                 49         7.2000E+00
             10                  3                 35         8.4500E+00
             10                  4                  8         9.8000E+00
             10                  5                  1         1.1250E+01
             11                 -5                 10         1.3000E+00
             11                 -4                  5         1.8500E+00
             11                 -3                  2         2.5000E+00
             11                 -2                  7         3.2500E+00
             11                 -1                 27         4.1000E+00
             11                  0                  8         5.0500E+00
             11                  1                 13         6.1000E+00
             11                  2                  2         7.2500E+00
