  #Crystal Size      Water Content              Count               Bias
              9                  5                  9         1.1300E+01
              9                  6                 18         1.2850E+01
              9                  7                  1         1.4500E+01
             10                  5                 28         1.1250E+01
             10                  6                 21         1.2800E+01
             10                  7                  7         1.4450E+01
             10                  8                  2         1.6200E+01
             11                  2                 18         7.2500E+00
             11                  3                 17         8.5000E+00
             11                  4                 40         9.8500E+00
             11                  5                 69         1.1300E+01
             11                  6                 99         1.2850E+01
             11                  7                 95         1.4500E+01
             11                  8                 31         1.6250E+01
             11                  9                 13         1.8100E+01
             11                 10                  7         2.0050E+01
             12                  0                  5         5.2000E+00
             12                  1                  7         6.2500E+00
             12                  2                 80         7.4000E+00
             12                  3                355         8.6500E+00
             12                  4                467         1.0000E+01
             12                  5                608         1.1450E+01
             12                  6                569         1.3000E+01
             12                  7                472         1.4650E+01
             12                  8                144         1.6400E+01
             12                  9                 42         1.8250E+01
             12                 10                 10         2.0200E+01
             13                  0                 12         5.4500E+00
             13                  1                128         6.5000E+00
             13                  2                491         7.6500E+00
             13                  3               1156         8.9000E+00
             13                  4               2031         1.0250E+01
             13                  5               2516         1.1700E+01
             13                  6               2330         1.3250E+01
             13                  7               1781         1.4900E+01
             13                  8                581         1.6650E+01
             13                  9                168         1.8500E+01
             13                 10                 19         2.0450E+01
             14                  0                141         5.8000E+00
             14                  1                406         6.8500E+00
             14                  2               1523         8.0000E+00
             14                  3               3880         9.2500E+00
             14                  4               6673         1.0600E+01
             14                  5               8380         1.2050E+01
             14                  6               6469         1.3600E+01
             14                  7               4119         1.5250E+01
             14                  8               1645         1.7000E+01
             14                  9                434         1.8850E+01
             14                 10                 85         2.0800E+01
             14                 11                 20         2.2850E+01
             14                 12                  1         2.5000E+01
             14                 13                  1         2.7250E+01
             15                  0                305         6.2500E+00
             15                  1               1478         7.3000E+00
             15                  2               4516         8.4500E+00
             15                  3              11290         9.7000E+00
             15                  4              18477         1.1050E+01
             15                  5              21067         1.2500E+01
             15                  6              16535         1.4050E+01
             15                  7              10656         1.5700E+01
             15                  8               5364         1.7450E+01
             15                  9               1750         1.9300E+01
             15                 10                521         2.1250E+01
             15                 11                127         2.3300E+01
             15                 12                 22         2.5450E+01
             15                 13                  2         2.7700E+01
             16                  0                811         6.8000E+00
             16                  1               2843         7.8500E+00
             16                  2               9255         9.0000E+00
             16                  3              20836         1.0250E+01
             16                  4              31060         1.1600E+01
             16                  5              35020         1.3050E+01
             16                  6              29291         1.4600E+01
             16                  7              19955         1.6250E+01
             16                  8              12162         1.8000E+01
             16                  9               4773         1.9850E+01
             16                 10               1644         2.1800E+01
             16                 11                569         2.3850E+01
             16                 12                 87         2.6000E+01
             17                  0                994         7.4500E+00
             17                  1               3966         8.5000E+00
             17                  2              11673         9.6500E+00
             17                  3              22464         1.0900E+01
             17                  4              34006         1.2250E+01
             17                  5              37631         1.3700E+01
             17                  6              35508         1.5250E+01
             17                  7              28302         1.6900E+01
             17                  8              18179         1.8650E+01
             17                  9               8718         2.0500E+01
             17                 10               3430         2.2450E+01
             17                 11               1013         2.4500E+01
             17                 12                105         2.6650E+01
             18                  0                682         8.2000E+00
             18                  1               2854         9.2500E+00
             18                  2               7984         1.0400E+01
             18                  3              15172         1.1650E+01
             18                  4              23663         1.3000E+01
             18                  5              30818         1.4450E+01
             18                  6              33325         1.6000E+01
             18                  7              31394         1.7650E+01
             18                  8              22561         1.9400E+01
             18                  9              12275         2.1250E+01
             18                 10               4197         2.3200E+01
             18                 11               1243         2.5250E+01
             18                 12                203         2.7400E+01
             18                 13                 31         2.9650E+01
             18                 14                  1         3.2000E+01
             19                  0                341         9.0500E+00
             19                  1               1106         1.0100E+01
             19                  2               3423         1.1250E+01
             19                  3               6892         1.2500E+01
             19                  4              11962         1.3850E+01
             19                  5              19895         1.5300E+01
             19                  6              27343         1.6850E+01
             19                  7              27663         1.8500E+01
             19                  8              22008         2.0250E+01
             19                  9              12352         2.2100E+01
             19                 10               4861         2.4050E+01
             19                 11               1007         2.6100E+01
             19                 12                215         2.8250E+01
             19                 13                 79         3.0500E+01
             19                 14                  2         3.2850E+01
             20                  0                 66         1.0000E+01
             20                  1                176         1.1050E+01
             20                  2                819         1.2200E+01
             20                  3               2037         1.3450E+01
             20                  4               4868         1.4800E+01
             20                  5              12036         1.6250E+01
             20                  6              19351         1.7800E+01
             20                  7              21219         1.9450E+01
             20                  8              16625         2.1200E+01
             20                  9               9082         2.3050E+01
             20                 10               3680         2.5000E+01
             20                 11                774         2.7050E+01
             20                 12                169         2.9200E+01
             20                 13                 47         3.1450E+01
             21                  0                  4         1.1050E+01
             21                  1                 40         1.2100E+01
             21                  2                211         1.3250E+01
             21                  3                622         1.4500E+01
             21                  4               1883         1.5850E+01
             21                  5               5489         1.7300E+01
             21                  6              10497         1.8850E+01
             21                  7              11634         2.0500E+01
             21                  8               9122         2.2250E+01
             21                  9               5381         2.4100E+01
             21                 10               1868         2.6050E+01
             21                 11                304         2.8100E+01
             21                 12                 74         3.0250E+01
             21                 13                  5         3.2500E+01
             22                  1                  1         1.3250E+01
             22                  2                 52         1.4400E+01
             22                  3                152         1.5650E+01
             22                  4                499         1.7000E+01
             22                  5               1733         1.8450E+01
             22                  6               4080         2.0000E+01
             22                  7               4566         2.1650E+01
             22                  8               3331         2.3400E+01
             22                  9               1756         2.5250E+01
             22                 10                610         2.7200E+01
             22                 11                 64         2.9250E+01
             22                 12                 25         3.1400E+01
             23                  2                  8         1.5650E+01
             23                  3                 29         1.6900E+01
             23                  4                229         1.8250E+01
             23                  5                388         1.9700E+01
             23                  6               1085         2.1250E+01
             23                  7               1199         2.2900E+01
             23                  8                779         2.4650E+01
             23                  9                316         2.6500E+01
             23                 10                124         2.8450E+01
             23                 11                 18         3.0500E+01
             23                 12                  8         3.2650E+01
             24                  2                  1         1.7000E+01
             24                  3                 25         1.8250E+01
             24                  4                 54         1.9600E+01
             24                  5                 81         2.1050E+01
             24                  6                170         2.2600E+01
             24                  7                160         2.4250E+01
             24                  8                108         2.6000E+01
             24                  9                 25         2.7850E+01
             24                 10                 11         2.9800E+01
             24                 12                  2         3.4000E+01
             25                  4                  7         2.1050E+01
             25                  5                  6         2.2500E+01
             25                  6                  4         2.4050E+01
             25                  7                 17         2.5700E+01
             25                  8                  4         2.7450E+01
             25                  9                  2         2.9300E+01
             25                 10                  1         3.1250E+01
             26                  6                  1         2.5600E+01
             26                  7                  5         2.7250E+01
