  #Crystal Size      Water Content              Count               Bias
             20                 12                  1         7.4500E+00
             21                  7                  3         4.2500E+00
             21                 12                  2         6.5000E+00
             22                  7                 21         3.4000E+00
             22                  8                 19         3.6500E+00
             22                  9                  8         4.0000E+00
             22                 10                  7         4.4500E+00
             22                 11                  6         5.0000E+00
             22                 12                  2         5.6500E+00
             22                 14                  1         7.2500E+00
             23                  6                  6         2.5000E+00
             23                  7                 18         2.6500E+00
             23                  8                 75         2.9000E+00
             23                  9                 53         3.2500E+00
             23                 10                 51         3.7000E+00
             23                 11                 33         4.2500E+00
             23                 12                 21         4.9000E+00
             23                 13                 20         5.6500E+00
             23                 14                  1         6.5000E+00
             23                 15                  1         7.4500E+00
             23                 16                  1         8.5000E+00
             24                  5                  1         1.8000E+00
             24                  6                 15         1.8500E+00
             24                  7                100         2.0000E+00
             24                  8                205         2.2500E+00
             24                  9                289         2.6000E+00
             24                 10                324         3.0500E+00
             24                 11                176         3.6000E+00
             24                 12                129         4.2500E+00
             24                 13                 80         5.0000E+00
             24                 14                 44         5.8500E+00
             24                 15                  9         6.8000E+00
             24                 16                 11         7.8500E+00
             24                 17                  1         9.0000E+00
             25                  4                  1         1.3000E+00
             25                  5                  5         1.2500E+00
             25                  6                 56         1.3000E+00
             25                  7                234         1.4500E+00
             25                  8                687         1.7000E+00
             25                  9                970         2.0500E+00
             25                 10               1219         2.5000E+00
             25                 11                967         3.0500E+00
             25                 12                639         3.7000E+00
             25                 13                374         4.4500E+00
             25                 14                197         5.3000E+00
             25                 15                 67         6.2500E+00
             25                 16                 28         7.3000E+00
             25                 17                  3         8.4500E+00
             26                  5                 14         8.0000E-01
             26                  6                145         8.5000E-01
             26                  7                726         1.0000E+00
             26                  8               1921         1.2500E+00
             26                  9               3226         1.6000E+00
             26                 10               4253         2.0500E+00
             26                 11               3701         2.6000E+00
             26                 12               2413         3.2500E+00
             26                 13               1296         4.0000E+00
             26                 14                559         4.8500E+00
             26                 15                237         5.8000E+00
             26                 16                 95         6.8500E+00
             26                 17                  9         8.0000E+00
             27                  4                  1         5.0000E-01
             27                  5                 65         4.5000E-01
             27                  6                396         5.0000E-01
             27                  7               1754         6.5000E-01
             27                  8               4952         9.0000E-01
             27                  9               8598         1.2500E+00
             27                 10              10932         1.7000E+00
             27                 11               9901         2.2500E+00
             27                 12               6491         2.9000E+00
             27                 13               3652         3.6500E+00
             27                 14               1570         4.5000E+00
             27                 15                558         5.4500E+00
             27                 16                162         6.5000E+00
             27                 17                 14         7.6500E+00
             27                 18                  2         8.9000E+00
             28                  4                  6         2.5000E-01
             28                  5                108         2.0000E-01
             28                  6                949         2.5000E-01
             28                  7               4040         4.0000E-01
             28                  8              10683         6.5000E-01
             28                  9              18685         1.0000E+00
             28                 10              23073         1.4500E+00
             28                 11              19761         2.0000E+00
             28                 12              13693         2.6500E+00
             28                 13               7141         3.4000E+00
             28                 14               2968         4.2500E+00
             28                 15               1026         5.2000E+00
             28                 16                223         6.2500E+00
             28                 17                 52         7.4000E+00
             28                 18                  5         8.6500E+00
             29                  4                  4         1.0000E-01
             29                  5                228         5.0000E-02
             29                  6               1774         1.0000E-01
             29                  7               7419         2.5000E-01
             29                  8              18467         5.0000E-01
             29                  9              32031         8.5000E-01
             29                 10              37241         1.3000E+00
             29                 11              31215         1.8500E+00
             29                 12              20353         2.5000E+00
             29                 13              10992         3.2500E+00
             29                 14               3916         4.1000E+00
             29                 15               1327         5.0500E+00
             29                 16                295         6.1000E+00
             29                 17                 43         7.2500E+00
             29                 18                  7         8.5000E+00
             30                  4                 14         5.0000E-02
             30                  5                365         0.0000E+00
             30                  6               2539         5.0000E-02
             30                  7              10535         2.0000E-01
             30                  8              25200         4.5000E-01
             30                  9              41786         8.0000E-01
             30                 10              47108         1.2500E+00
             30                 11              37296         1.8000E+00
             30                 12              22736         2.4500E+00
             30                 13              10959         3.2000E+00
             30                 14               4106         4.0500E+00
             30                 15               1098         5.0000E+00
             30                 16                258         6.0500E+00
             30                 17                 38         7.2000E+00
             30                 18                  3         8.4500E+00
             30                 19                  1         9.8000E+00
             31                  4                 45         1.0000E-01
             31                  5                463         5.0000E-02
             31                  6               2940         1.0000E-01
             31                  7              11406         2.5000E-01
             31                  8              27095         5.0000E-01
             31                  9              43694         8.5000E-01
             31                 10              45672         1.3000E+00
             31                 11              33428         1.8500E+00
             31                 12              18463         2.5000E+00
             31                 13               8739         3.2500E+00
             31                 14               2652         4.1000E+00
             31                 15                722         5.0500E+00
             31                 16                173         6.1000E+00
             31                 17                 27         7.2500E+00
             32                  3                  2         4.0000E-01
             32                  4                 80         2.5000E-01
             32                  5                468         2.0000E-01
             32                  6               2896         2.5000E-01
             32                  7               9885         4.0000E-01
             32                  8              22786         6.5000E-01
             32                  9              34110         1.0000E+00
             32                 10              33455         1.4500E+00
             32                 11              21996         2.0000E+00
             32                 12              11046         2.6500E+00
             32                 13               4490         3.4000E+00
             32                 14               1298         4.2500E+00
             32                 15                311         5.2000E+00
             32                 16                 54         6.2500E+00
             32                 17                  5         7.4000E+00
             33                  4                 46         5.0000E-01
             33                  5                312         4.5000E-01
             33                  6               1926         5.0000E-01
             33                  7               5937         6.5000E-01
             33                  8              13068         9.0000E-01
             33                  9              18903         1.2500E+00
             33                 10              17530         1.7000E+00
             33                 11              10726         2.2500E+00
             33                 12               4919         2.9000E+00
             33                 13               1595         3.6500E+00
             33                 14                468         4.5000E+00
             33                 15                 88         5.4500E+00
             33                 16                  6         6.5000E+00
             33                 17                  2         7.6500E+00
             34                  3                  4         1.0000E+00
             34                  4                 22         8.5000E-01
             34                  5                166         8.0000E-01
             34                  6                985         8.5000E-01
             34                  7               2751         1.0000E+00
             34                  8               5546         1.2500E+00
             34                  9               7943         1.6000E+00
             34                 10               6782         2.0500E+00
             34                 11               3902         2.6000E+00
             34                 12               1537         3.2500E+00
             34                 13                438         4.0000E+00
             34                 14                124         4.8500E+00
             34                 15                 19         5.8000E+00
             34                 16                  1         6.8500E+00
             35                  4                 12         1.3000E+00
             35                  5                125         1.2500E+00
             35                  6                458         1.3000E+00
             35                  7                874         1.4500E+00
             35                  8               1568         1.7000E+00
             35                  9               2226         2.0500E+00
             35                 10               1669         2.5000E+00
             35                 11                822         3.0500E+00
             35                 12                267         3.7000E+00
             35                 13                108         4.4500E+00
             35                 14                 32         5.3000E+00
             35                 15                  1         6.2500E+00
             36                  4                  1         1.8500E+00
             36                  5                 21         1.8000E+00
             36                  6                 54         1.8500E+00
             36                  7                123         2.0000E+00
             36                  8                294         2.2500E+00
             36                  9                269         2.6000E+00
             36                 10                178         3.0500E+00
             36                 11                126         3.6000E+00
             36                 12                 28         4.2500E+00
             36                 13                  5         5.0000E+00
             36                 15                  1         6.8000E+00
