  #Crystal Size      Water Content              Count               Bias
             21                  9                  1         1.3850E+01
             22                  6                  9         9.2500E+00
             22                  8                  1         1.1650E+01
             22                  9                  1         1.3000E+01
             23                  4                  3         6.5000E+00
             23                  5                  4         7.4500E+00
             23                  6                 20         8.5000E+00
             23                  7                 17         9.6500E+00
             23                  8                 15         1.0900E+01
             23                  9                  9         1.2250E+01
             23                 10                  5         1.3700E+01
             24                  4                 27         5.8500E+00
             24                  5                 74         6.8000E+00
             24                  6                206         7.8500E+00
             24                  7                117         9.0000E+00
             24                  8                 42         1.0250E+01
             24                  9                 32         1.1600E+01
             24                 10                 31         1.3050E+01
             24                 11                  9         1.4600E+01
             25                  3                 15         4.4500E+00
             25                  4                129         5.3000E+00
             25                  5                359         6.2500E+00
             25                  6                644         7.3000E+00
             25                  7                537         8.4500E+00
             25                  8                333         9.7000E+00
             25                  9                178         1.1050E+01
             25                 10                 72         1.2500E+01
             25                 11                 26         1.4050E+01
             25                 12                 12         1.5700E+01
             25                 13                  2         1.7450E+01
             26                  2                  7         3.2500E+00
             26                  3                 58         4.0000E+00
             26                  4                383         4.8500E+00
             26                  5               1162         5.8000E+00
             26                  6               1969         6.8500E+00
             26                  7               1891         8.0000E+00
             26                  8               1166         9.2500E+00
             26                  9                619         1.0600E+01
             26                 10                196         1.2050E+01
             26                 11                 59         1.3600E+01
             26                 12                 29         1.5250E+01
             26                 13                  8         1.7000E+01
             27                  2                 21         2.9000E+00
             27                  3                230         3.6500E+00
             27                  4               1058         4.5000E+00
             27                  5               2917         5.4500E+00
             27                  6               4843         6.5000E+00
             27                  7               5422         7.6500E+00
             27                  8               3642         8.9000E+00
             27                  9               1937         1.0250E+01
             27                 10                605         1.1700E+01
             27                 11                220         1.3250E+01
             27                 12                 70         1.4900E+01
             27                 13                 19         1.6650E+01
             28                  2                 28         2.6500E+00
             28                  3                399         3.4000E+00
             28                  4               2065         4.2500E+00
             28                  5               6005         5.2000E+00
             28                  6              10775         6.2500E+00
             28                  7              12310         7.4000E+00
             28                  8               9273         8.6500E+00
             28                  9               4942         1.0000E+01
             28                 10               1600         1.1450E+01
             28                 11                430         1.3000E+01
             28                 12                 87         1.4650E+01
             28                 13                 18         1.6400E+01
             28                 14                  7         1.8250E+01
             29                  1                  1         1.8500E+00
             29                  2                 33         2.5000E+00
             29                  3                571         3.2500E+00
             29                  4               3330         4.1000E+00
             29                  5              10349         5.0500E+00
             29                  6              20055         6.1000E+00
             29                  7              23980         7.2500E+00
             29                  8              19385         8.5000E+00
             29                  9              10425         9.8500E+00
             29                 10               3626         1.1300E+01
             29                 11                990         1.2850E+01
             29                 12                169         1.4500E+01
             29                 13                 19         1.6250E+01
             29                 14                 10         1.8100E+01
             29                 15                  1         2.0050E+01
             30                  1                  2         1.8000E+00
             30                  2                101         2.4500E+00
             30                  3                809         3.2000E+00
             30                  4               4422         4.0500E+00
             30                  5              15751         5.0000E+00
             30                  6              32481         6.0500E+00
             30                  7              40561         7.2000E+00
             30                  8              32974         8.4500E+00
             30                  9              17157         9.8000E+00
             30                 10               6171         1.1250E+01
             30                 11               1571         1.2800E+01
             30                 12                298         1.4450E+01
             30                 13                 59         1.6200E+01
             30                 14                  2         1.8050E+01
             30                 15                  2         2.0000E+01
             31                  1                  4         1.8500E+00
             31                  2                105         2.5000E+00
             31                  3               1133         3.2500E+00
             31                  4               5992         4.1000E+00
             31                  5              21102         5.0500E+00
             31                  6              43954         6.1000E+00
             31                  7              54605         7.2500E+00
             31                  8              42931         8.5000E+00
             31                  9              22090         9.8500E+00
             31                 10               7523         1.1300E+01
             31                 11               1652         1.2850E+01
             31                 12                299         1.4500E+01
             31                 13                 55         1.6250E+01
             31                 14                  2         1.8100E+01
             32                  1                  1         2.0000E+00
             32                  2                107         2.6500E+00
             32                  3               1003         3.4000E+00
             32                  4               6751         4.2500E+00
             32                  5              23797         5.2000E+00
             32                  6              47511         6.2500E+00
             32                  7              55891         7.4000E+00
             32                  8              42671         8.6500E+00
             32                  9              21519         1.0000E+01
             32                 10               6567         1.1450E+01
             32                 11               1343         1.3000E+01
             32                 12                231         1.4650E+01
             32                 13                 37         1.6400E+01
             33                  1                  2         2.2500E+00
             33                  2                106         2.9000E+00
             33                  3                820         3.6500E+00
             33                  4               5538         4.5000E+00
             33                  5              19840         5.4500E+00
             33                  6              37645         6.5000E+00
             33                  7              43620         7.6500E+00
             33                  8              31324         8.9000E+00
             33                  9              14456         1.0250E+01
             33                 10               4252         1.1700E+01
             33                 11                867         1.3250E+01
             33                 12                115         1.4900E+01
             33                 13                 14         1.6650E+01
             34                  2                 32         3.2500E+00
             34                  3                366         4.0000E+00
             34                  4               2712         4.8500E+00
             34                  5              10641         5.8000E+00
             34                  6              20733         6.8500E+00
             34                  7              22370         8.0000E+00
             34                  8              14904         9.2500E+00
             34                  9               6739         1.0600E+01
             34                 10               1823         1.2050E+01
             34                 11                370         1.3600E+01
             34                 12                 65         1.5250E+01
             34                 13                  3         1.7000E+01
             35                  2                 10         3.7000E+00
             35                  3                139         4.4500E+00
             35                  4                834         5.3000E+00
             35                  5               3477         6.2500E+00
             35                  6               6594         7.3000E+00
             35                  7               6776         8.4500E+00
             35                  8               3873         9.7000E+00
             35                  9               1419         1.1050E+01
             35                 10                407         1.2500E+01
             35                 11                 96         1.4050E+01
             35                 12                  4         1.5700E+01
             36                  3                  1         5.0000E+00
             36                  4                108         5.8500E+00
             36                  5                548         6.8000E+00
             36                  6               1081         7.8500E+00
             36                  7                985         9.0000E+00
             36                  8                444         1.0250E+01
             36                  9                212         1.1600E+01
             36                 10                 39         1.3050E+01
             36                 11                 15         1.4600E+01
