  #Crystal Size      Water Content              Count               Bias
             23                 10                  1         1.8450E+01
             24                 11                  2         1.8850E+01
             24                 12                  2         2.0500E+01
             25                  6                  1         1.1050E+01
             25                  7                  6         1.2200E+01
             25                  8                 15         1.3450E+01
             25                  9                  4         1.4800E+01
             25                 10                 11         1.6250E+01
             25                 11                 15         1.7800E+01
             25                 12                  4         1.9450E+01
             26                  4                  7         8.1000E+00
             26                  5                 17         9.0500E+00
             26                  6                 32         1.0100E+01
             26                  7                 55         1.1250E+01
             26                  8                 71         1.2500E+01
             26                  9                 99         1.3850E+01
             26                 10                106         1.5300E+01
             26                 11                 39         1.6850E+01
             26                 12                 13         1.8500E+01
             26                 13                  1         2.0250E+01
             27                  2                  5         5.6500E+00
             27                  3                  9         6.4000E+00
             27                  4                 44         7.2500E+00
             27                  5                 99         8.2000E+00
             27                  6                134         9.2500E+00
             27                  7                322         1.0400E+01
             27                  8                364         1.1650E+01
             27                  9                494         1.3000E+01
             27                 10                307         1.4450E+01
             27                 11                201         1.6000E+01
             27                 12                 35         1.7650E+01
             27                 13                  3         1.9400E+01
             28                  2                  7         4.9000E+00
             28                  3                 37         5.6500E+00
             28                  4                158         6.5000E+00
             28                  5                535         7.4500E+00
             28                  6                826         8.5000E+00
             28                  7               1465         9.6500E+00
             28                  8               1978         1.0900E+01
             28                  9               1857         1.2250E+01
             28                 10               1134         1.3700E+01
             28                 11                525         1.5250E+01
             28                 12                 95         1.6900E+01
             28                 13                 21         1.8650E+01
             29                  2                 27         4.2500E+00
             29                  3                176         5.0000E+00
             29                  4                628         5.8500E+00
             29                  5               1734         6.8000E+00
             29                  6               3592         7.8500E+00
             29                  7               5386         9.0000E+00
             29                  8               7350         1.0250E+01
             29                  9               6341         1.1600E+01
             29                 10               3356         1.3050E+01
             29                 11               1285         1.4600E+01
             29                 12                280         1.6250E+01
             29                 13                 52         1.8000E+01
             29                 14                 10         1.9850E+01
             30                  1                  1         3.0500E+00
             30                  2                 64         3.7000E+00
             30                  3                393         4.4500E+00
             30                  4               1569         5.3000E+00
             30                  5               5101         6.2500E+00
             30                  6              11591         7.3000E+00
             30                  7              16147         8.4500E+00
             30                  8              17904         9.7000E+00
             30                  9              14740         1.1050E+01
             30                 10               8160         1.2500E+01
             30                 11               2937         1.4050E+01
             30                 12                751         1.5700E+01
             30                 13                164         1.7450E+01
             30                 14                 22         1.9300E+01
             31                  1                  2         2.6000E+00
             31                  2                 95         3.2500E+00
             31                  3                925         4.0000E+00
             31                  4               3782         4.8500E+00
             31                  5              12172         5.8000E+00
             31                  6              25947         6.8500E+00
             31                  7              35170         8.0000E+00
             31                  8              34045         9.2500E+00
             31                  9              24007         1.0600E+01
             31                 10              12189         1.2050E+01
             31                 11               4761         1.3600E+01
             31                 12               1129         1.5250E+01
             31                 13                257         1.7000E+01
             31                 14                 41         1.8850E+01
             31                 15                 19         2.0800E+01
             32                  1                  6         2.2500E+00
             32                  2                127         2.9000E+00
             32                  3               1506         3.6500E+00
             32                  4               7232         4.5000E+00
             32                  5              22849         5.4500E+00
             32                  6              43527         6.5000E+00
             32                  7              53290         7.6500E+00
             32                  8              46176         8.9000E+00
             32                  9              28582         1.0250E+01
             32                 10              13121         1.1700E+01
             32                 11               4519         1.3250E+01
             32                 12               1024         1.4900E+01
             32                 13                181         1.6650E+01
             32                 14                 49         1.8500E+01
             32                 15                 10         2.0450E+01
             33                  1                  8         2.0000E+00
             33                  2                204         2.6500E+00
             33                  3               1810         3.4000E+00
             33                  4              10185         4.2500E+00
             33                  5              30430         5.2000E+00
             33                  6              54554         6.2500E+00
             33                  7              58288         7.4000E+00
             33                  8              43041         8.6500E+00
             33                  9              22157         1.0000E+01
             33                 10               8802         1.1450E+01
             33                 11               2815         1.3000E+01
             33                 12                568         1.4650E+01
             33                 13                 81         1.6400E+01
             33                 14                 21         1.8250E+01
             33                 15                 14         2.0200E+01
             33                 16                  1         2.2250E+01
             34                  0                  1         1.3000E+00
             34                  1                 24         1.8500E+00
             34                  2                130         2.5000E+00
             34                  3               1823         3.2500E+00
             34                  4               9667         4.1000E+00
             34                  5              28045         5.0500E+00
             34                  6              43318         6.1000E+00
             34                  7              43561         7.2500E+00
             34                  8              27589         8.5000E+00
             34                  9              11482         9.8500E+00
             34                 10               3845         1.1300E+01
             34                 11               1003         1.2850E+01
             34                 12                209         1.4500E+01
             34                 13                 17         1.6250E+01
             35                  2                 38         2.4500E+00
             35                  3               1099         3.2000E+00
             35                  4               5733         4.0500E+00
             35                  5              14888         5.0000E+00
             35                  6              21915         6.0500E+00
             35                  7              19729         7.2000E+00
             35                  8              11575         8.4500E+00
             35                  9               3918         9.8000E+00
             35                 10               1041         1.1250E+01
             35                 11                235         1.2800E+01
             35                 12                 41         1.4450E+01
             35                 13                  3         1.6200E+01
             36                  2                 13         2.5000E+00
             36                  3                385         3.2500E+00
             36                  4               1667         4.1000E+00
             36                  5               3489         5.0500E+00
             36                  6               5120         6.1000E+00
             36                  7               4549         7.2500E+00
             36                  8               2350         8.5000E+00
             36                  9                733         9.8500E+00
             36                 10                119         1.1300E+01
             36                 11                 10         1.2850E+01
