  #Crystal Size      Water Content              Count               Bias
             24                 11                  1         6.1000E+00
             25                  8                  1         5.2000E+00
             25                  9                  8         5.0500E+00
             25                 10                 19         5.0000E+00
             25                 11                 17         5.0500E+00
             25                 12                 16         5.2000E+00
             25                 13                 15         5.4500E+00
             25                 14                  7         5.8000E+00
             25                 15                  1         6.2500E+00
             25                 16                  2         6.8000E+00
             26                  7                  4         4.5000E+00
             26                  8                 10         4.2500E+00
             26                  9                 20         4.1000E+00
             26                 10                 87         4.0500E+00
             26                 11                101         4.1000E+00
             26                 12                135         4.2500E+00
             26                 13                125         4.5000E+00
             26                 14                 71         4.8500E+00
             26                 15                 33         5.3000E+00
             26                 16                 12         5.8500E+00
             26                 17                  6         6.5000E+00
             26                 18                  1         7.2500E+00
             27                  6                  3         4.0000E+00
             27                  7                 20         3.6500E+00
             27                  8                 64         3.4000E+00
             27                  9                218         3.2500E+00
             27                 10                519         3.2000E+00
             27                 11                660         3.2500E+00
             27                 12                620         3.4000E+00
             27                 13                586         3.6500E+00
             27                 14                340         4.0000E+00
             27                 15                202         4.4500E+00
             27                 16                 87         5.0000E+00
             27                 17                 15         5.6500E+00
             27                 18                  6         6.4000E+00
             27                 19                  2         7.2500E+00
             27                 20                  1         8.2000E+00
             28                  6                 21         3.2500E+00
             28                  7                132         2.9000E+00
             28                  8                393         2.6500E+00
             28                  9                925         2.5000E+00
             28                 10               1966         2.4500E+00
             28                 11               2875         2.5000E+00
             28                 12               2884         2.6500E+00
             28                 13               2161         2.9000E+00
             28                 14               1404         3.2500E+00
             28                 15                576         3.7000E+00
             28                 16                221         4.2500E+00
             28                 17                 83         4.9000E+00
             28                 18                 31         5.6500E+00
             28                 19                 14         6.5000E+00
             28                 20                  2         7.4500E+00
             29                  5                  1         3.0500E+00
             29                  6                 67         2.6000E+00
             29                  7                387         2.2500E+00
             29                  8               1595         2.0000E+00
             29                  9               3943         1.8500E+00
             29                 10               6980         1.8000E+00
             29                 11               9275         1.8500E+00
             29                 12               8691         2.0000E+00
             29                 13               6646         2.2500E+00
             29                 14               4112         2.6000E+00
             29                 15               1993         3.0500E+00
             29                 16                798         3.6000E+00
             29                 17                283         4.2500E+00
             29                 18                 82         5.0000E+00
             29                 19                 46         5.8500E+00
             29                 20                 17         6.8000E+00
             29                 21                  1         7.8500E+00
             30                  5                  9         2.5000E+00
             30                  6                136         2.0500E+00
             30                  7                966         1.7000E+00
             30                  8               4205         1.4500E+00
             30                  9              10478         1.3000E+00
             30                 10              18296         1.2500E+00
             30                 11              22161         1.3000E+00
             30                 12              20586         1.4500E+00
             30                 13              14472         1.7000E+00
             30                 14               8847         2.0500E+00
             30                 15               4107         2.5000E+00
             30                 16               1728         3.0500E+00
             30                 17                614         3.7000E+00
             30                 18                156         4.4500E+00
             30                 19                 42         5.3000E+00
             30                 20                 16         6.2500E+00
             30                 21                  1         7.3000E+00
             31                  5                 20         2.0500E+00
             31                  6                331         1.6000E+00
             31                  7               1876         1.2500E+00
             31                  8               8057         1.0000E+00
             31                  9              19974         8.5000E-01
             31                 10              34054         8.0000E-01
             31                 11              39780         8.5000E-01
             31                 12              34525         1.0000E+00
             31                 13              23982         1.2500E+00
             31                 14              13838         1.6000E+00
             31                 15               6229         2.0500E+00
             31                 16               2236         2.6000E+00
             31                 17                682         3.2500E+00
             31                 18                181         4.0000E+00
             31                 19                 91         4.8500E+00
             31                 20                 10         5.8000E+00
             31                 21                  2         6.8500E+00
             32                  4                  2         2.2500E+00
             32                  5                 56         1.7000E+00
             32                  6                537         1.2500E+00
             32                  7               3337         9.0000E-01
             32                  8              13087         6.5000E-01
             32                  9              29887         5.0000E-01
             32                 10              46664         4.5000E-01
             32                 11              52053         5.0000E-01
             32                 12              43322         6.5000E-01
             32                 13              27991         9.0000E-01
             32                 14              15020         1.2500E+00
             32                 15               6534         1.7000E+00
             32                 16               2231         2.2500E+00
             32                 17                785         2.9000E+00
             32                 18                169         3.6500E+00
             32                 19                 49         4.5000E+00
             32                 20                 10         5.4500E+00
             33                  4                  2         2.0000E+00
             33                  5                 57         1.4500E+00
             33                  6                656         1.0000E+00
             33                  7               4251         6.5000E-01
             33                  8              14441         4.0000E-01
             33                  9              31274         2.5000E-01
             33                 10              45542         2.0000E-01
             33                 11              47648         2.5000E-01
             33                 12              35487         4.0000E-01
             33                 13              21388         6.5000E-01
             33                 14              10516         1.0000E+00
             33                 15               4410         1.4500E+00
             33                 16               1436         2.0000E+00
             33                 17                413         2.6500E+00
             33                 18                 88         3.4000E+00
             33                 19                  7         4.2500E+00
             33                 20                 11         5.2000E+00
             34                  4                  1         1.8500E+00
             34                  5                 94         1.3000E+00
             34                  6                682         8.5000E-01
             34                  7               3439         5.0000E-01
             34                  8              11430         2.5000E-01
             34                  9              21920         1.0000E-01
             34                 10              29628         5.0000E-02
             34                 11              28118         1.0000E-01
             34                 12              18888         2.5000E-01
             34                 13              10176         5.0000E-01
             34                 14               4538         8.5000E-01
             34                 15               1654         1.3000E+00
             34                 16                489         1.8500E+00
             34                 17                162         2.5000E+00
             34                 18                 12         3.2500E+00
             35                  5                 39         1.2500E+00
             35                  6                347         8.0000E-01
             35                  7               1718         4.5000E-01
             35                  8               5066         2.0000E-01
             35                  9               8915         5.0000E-02
             35                 10              11033         0.0000E+00
             35                 11               9504         5.0000E-02
             35                 12               5800         2.0000E-01
             35                 13               2755         4.5000E-01
             35                 14                956         8.0000E-01
             35                 15                240         1.2500E+00
             35                 16                 28         1.8000E+00
             35                 17                  6         2.4500E+00
             36                  5                  7         1.3000E+00
             36                  6                 66         8.5000E-01
             36                  7                364         5.0000E-01
             36                  8               1009         2.5000E-01
             36                  9               1589         1.0000E-01
             36                 10               1759         5.0000E-02
             36                 11               1567         1.0000E-01
             36                 12                811         2.5000E-01
             36                 13                352         5.0000E-01
             36                 14                112         8.5000E-01
             36                 15                 36         1.3000E+00
             36                 16                  1         1.8500E+00
