  #Crystal Size      Water Content              Count               Bias
             17                 11                  1         3.2500E+00
             17                 12                  3         3.4000E+00
             17                 13                  1         3.6500E+00
             17                 14                  1         4.0000E+00
             17                 15                  1         4.4500E+00
             18                 10                  1         2.4500E+00
             18                 11                  5         2.5000E+00
             18                 12                  8         2.6500E+00
             18                 13                 16         2.9000E+00
             18                 14                  2         3.2500E+00
             18                 15                  1         3.7000E+00
             19                  8                  6         2.0000E+00
             19                  9                  5         1.8500E+00
             19                 10                 24         1.8000E+00
             19                 11                 36         1.8500E+00
             19                 12                 52         2.0000E+00
             19                 13                 61         2.2500E+00
             19                 14                 32         2.6000E+00
             19                 15                 21         3.0500E+00
             19                 16                 11         3.6000E+00
             19                 18                  3         5.0000E+00
             19                 19                  2         5.8500E+00
             19                 20                  1         6.8000E+00
             20                  7                  3         1.7000E+00
             20                  8                 20         1.4500E+00
             20                  9                 24         1.3000E+00
             20                 10                 76         1.2500E+00
             20                 11                172         1.3000E+00
             20                 12                235         1.4500E+00
             20                 13                242         1.7000E+00
             20                 14                173         2.0500E+00
             20                 15                126         2.5000E+00
             20                 16                 65         3.0500E+00
             20                 17                 27         3.7000E+00
             20                 18                 16         4.4500E+00
             20                 19                  7         5.3000E+00
             20                 20                  1         6.2500E+00
             20                 21                  4         7.3000E+00
             20                 22                  4         8.4500E+00
             21                  6                  1         1.6000E+00
             21                  7                 12         1.2500E+00
             21                  8                 38         1.0000E+00
             21                  9                177         8.5000E-01
             21                 10                395         8.0000E-01
             21                 11                637         8.5000E-01
             21                 12                809         1.0000E+00
             21                 13                720         1.2500E+00
             21                 14                541         1.6000E+00
             21                 15                349         2.0500E+00
             21                 16                244         2.6000E+00
             21                 17                138         3.2500E+00
             21                 18                 93         4.0000E+00
             21                 19                 66         4.8500E+00
             21                 20                 18         5.8000E+00
             21                 21                  7         6.8500E+00
             21                 22                  8         8.0000E+00
             22                  6                  4         1.2500E+00
             22                  7                 38         9.0000E-01
             22                  8                170         6.5000E-01
             22                  9                626         5.0000E-01
             22                 10               1264         4.5000E-01
             22                 11               1902         5.0000E-01
             22                 12               2188         6.5000E-01
             22                 13               2149         9.0000E-01
             22                 14               1584         1.2500E+00
             22                 15               1160         1.7000E+00
             22                 16                773         2.2500E+00
             22                 17                520         2.9000E+00
             22                 18                348         3.6500E+00
             22                 19                174         4.5000E+00
             22                 20                 70         5.4500E+00
             22                 21                 23         6.5000E+00
             22                 22                 10         7.6500E+00
             22                 23                  2         8.9000E+00
             23                  6                  3         1.0000E+00
             23                  7                 85         6.5000E-01
             23                  8                459         4.0000E-01
             23                  9               1593         2.5000E-01
             23                 10               3186         2.0000E-01
             23                 11               4682         2.5000E-01
             23                 12               5455         4.0000E-01
             23                 13               4904         6.5000E-01
             23                 14               3972         1.0000E+00
             23                 15               3080         1.4500E+00
             23                 16               2199         2.0000E+00
             23                 17               1619         2.6500E+00
             23                 18               1180         3.4000E+00
             23                 19                735         4.2500E+00
             23                 20                363         5.2000E+00
             23                 21                114         6.2500E+00
             23                 22                 15         7.4000E+00
             23                 23                  6         8.6500E+00
             23                 24                  3         1.0000E+01
             24                  6                  8         8.5000E-01
             24                  7                158         5.0000E-01
             24                  8                890         2.5000E-01
             24                  9               3002         1.0000E-01
             24                 10               6333         5.0000E-02
             24                 11               9500         1.0000E-01
             24                 12              10842         2.5000E-01
             24                 13              10101         5.0000E-01
             24                 14               8143         8.5000E-01
             24                 15               6550         1.3000E+00
             24                 16               5361         1.8500E+00
             24                 17               3963         2.5000E+00
             24                 18               2907         3.2500E+00
             24                 19               1749         4.1000E+00
             24                 20                838         5.0500E+00
             24                 21                317         6.1000E+00
             24                 22                 93         7.2500E+00
             24                 23                 17         8.5000E+00
             24                 24                  2         9.8500E+00
             25                  6                 29         8.0000E-01
             25                  7                239         4.5000E-01
             25                  8               1442         2.0000E-01
             25                  9               4810         5.0000E-02
             25                 10               9904         0.0000E+00
             25                 11              15247         5.0000E-02
             25                 12              17811         2.0000E-01
             25                 13              16295         4.5000E-01
             25                 14              13953         8.0000E-01
             25                 15              12037         1.2500E+00
             25                 16              10028         1.8000E+00
             25                 17               7674         2.4500E+00
             25                 18               5439         3.2000E+00
             25                 19               3468         4.0500E+00
             25                 20               1695         5.0000E+00
             25                 21                709         6.0500E+00
             25                 22                201         7.2000E+00
             25                 23                 21         8.4500E+00
             25                 24                  2         9.8000E+00
             26                  6                 40         8.5000E-01
             26                  7                382         5.0000E-01
             26                  8               1878         2.5000E-01
             26                  9               6273         1.0000E-01
             26                 10              12948         5.0000E-02
             26                 11              20331         1.0000E-01
             26                 12              23710         2.5000E-01
             26                 13              22058         5.0000E-01
             26                 14              20090         8.5000E-01
             26                 15              18022         1.3000E+00
             26                 16              14954         1.8500E+00
             26                 17              11587         2.5000E+00
             26                 18               8667         3.2500E+00
             26                 19               5120         4.1000E+00
             26                 20               2912         5.0500E+00
             26                 21               1195         6.1000E+00
             26                 22                293         7.2500E+00
             26                 23                 80         8.5000E+00
             26                 24                 10         9.8500E+00
             27                  5                  1         1.4500E+00
             27                  6                 43         1.0000E+00
             27                  7                364         6.5000E-01
             27                  8               1871         4.0000E-01
             27                  9               6424         2.5000E-01
             27                 10              13965         2.0000E-01
             27                 11              22649         2.5000E-01
             27                 12              26021         4.0000E-01
             27                 13              24775         6.5000E-01
             27                 14              22693         1.0000E+00
             27                 15              21167         1.4500E+00
             27                 16              17956         2.0000E+00
             27                 17              14310         2.6500E+00
             27                 18              10538         3.4000E+00
             27                 19               6371         4.2500E+00
             27                 20               3698         5.2000E+00
             27                 21               1414         6.2500E+00
             27                 22                396         7.4000E+00
             27                 23                122         8.6500E+00
             27                 24                  6         1.0000E+01
             27                 25                  2         1.1450E+01
             28                  6                 33         1.2500E+00
             28                  7                327         9.0000E-01
             28                  8               1549         6.5000E-01
             28                  9               5569         5.0000E-01
             28                 10              12464         4.5000E-01
             28                 11              19867         5.0000E-01
             28                 12              23558         6.5000E-01
             28                 13              21869         9.0000E-01
             28                 14              21543         1.2500E+00
             28                 15              19983         1.7000E+00
             28                 16              17162         2.2500E+00
             28                 17              13652         2.9000E+00
             28                 18               9637         3.6500E+00
             28                 19               5760         4.5000E+00
             28                 20               3194         5.4500E+00
             28                 21               1338         6.5000E+00
             28                 22                376         7.6500E+00
             28                 23                119         8.9000E+00
             28                 24                 30         1.0250E+01
             29                  5                  3         2.0500E+00
             29                  6                 25         1.6000E+00
             29                  7                213         1.2500E+00
             29                  8               1048         1.0000E+00
             29                  9               3807         8.5000E-01
             29                 10               8439         8.0000E-01
             29                 11              13483         8.5000E-01
             29                 12              15789         1.0000E+00
             29                 13              15560         1.2500E+00
             29                 14              15496         1.6000E+00
             29                 15              13974         2.0500E+00
             29                 16              12157         2.6000E+00
             29                 17               9841         3.2500E+00
             29                 18               6807         4.0000E+00
             29                 19               3788         4.8500E+00
             29                 20               1926         5.8000E+00
             29                 21                816         6.8500E+00
             29                 22                288         8.0000E+00
             29                 23                 54         9.2500E+00
             29                 24                  2         1.0600E+01
             30                  6                 14         2.0500E+00
             30                  7                 55         1.7000E+00
             30                  8                455         1.4500E+00
             30                  9               1890         1.3000E+00
             30                 10               4253         1.2500E+00
             30                 11               7036         1.3000E+00
             30                 12               8140         1.4500E+00
             30                 13               8040         1.7000E+00
             30                 14               7822         2.0500E+00
             30                 15               7527         2.5000E+00
             30                 16               6719         3.0500E+00
             30                 17               5208         3.7000E+00
             30                 18               3211         4.4500E+00
             30                 19               1897         5.3000E+00
             30                 20                901         6.2500E+00
             30                 21                437         7.3000E+00
             30                 22                118         8.4500E+00
             30                 23                 21         9.7000E+00
             30                 24                  7         1.1050E+01
             31                  6                  5         2.6000E+00
             31                  7                 14         2.2500E+00
             31                  8                163         2.0000E+00
             31                  9                718         1.8500E+00
             31                 10               1532         1.8000E+00
             31                 11               2359         1.8500E+00
             31                 12               2775         2.0000E+00
             31                 13               2598         2.2500E+00
             31                 14               2625         2.6000E+00
             31                 15               2801         3.0500E+00
             31                 16               2383         3.6000E+00
             31                 17               1486         4.2500E+00
             31                 18               1080         5.0000E+00
             31                 19                614         5.8500E+00
             31                 20                225         6.8000E+00
             31                 21                127         7.8500E+00
             31                 22                 23         9.0000E+00
             31                 23                  5         1.0250E+01
             32                  7                  5         2.9000E+00
             32                  8                 51         2.6500E+00
             32                  9                128         2.5000E+00
             32                 10                230         2.4500E+00
             32                 11                410         2.5000E+00
             32                 12                443         2.6500E+00
             32                 13                449         2.9000E+00
             32                 14                505         3.2500E+00
             32                 15                428         3.7000E+00
             32                 16                438         4.2500E+00
             32                 17                253         4.9000E+00
             32                 18                150         5.6500E+00
             32                 19                 86         6.5000E+00
             32                 20                 30         7.4500E+00
             32                 21                 24         8.5000E+00
             32                 22                  8         9.6500E+00
             33                  9                  1         3.2500E+00
             33                 10                  3         3.2000E+00
             33                 11                  2         3.2500E+00
             33                 15                  2         4.4500E+00
             33                 16                  5         5.0000E+00
             33                 17                  5         5.6500E+00
