  #Crystal Size      Water Content              Count               Bias
             15                  9                  1         1.3000E+00
             15                 11                  1         1.3000E+00
             15                 14                  6         2.0500E+00
             15                 16                  1         3.0500E+00
             15                 20                  2         6.2500E+00
             16                  9                  2         8.5000E-01
             16                 10                 11         8.0000E-01
             16                 11                 12         8.5000E-01
             16                 12                 21         1.0000E+00
             16                 13                 16         1.2500E+00
             16                 14                  6         1.6000E+00
             16                 15                 10         2.0500E+00
             16                 16                  8         2.6000E+00
             16                 17                 11         3.2500E+00
             16                 18                  5         4.0000E+00
             16                 19                  5         4.8500E+00
             17                  9                 20         5.0000E-01
             17                 10                 43         4.5000E-01
             17                 11                 90         5.0000E-01
             17                 12                 89         6.5000E-01
             17                 13                 94         9.0000E-01
             17                 14                 74         1.2500E+00
             17                 15                 69         1.7000E+00
             17                 16                 42         2.2500E+00
             17                 17                 18         2.9000E+00
             17                 18                 41         3.6500E+00
             17                 19                 13         4.5000E+00
             17                 20                 10         5.4500E+00
             17                 21                  1         6.5000E+00
             18                  7                  1         6.5000E-01
             18                  8                 14         4.0000E-01
             18                  9                 64         2.5000E-01
             18                 10                177         2.0000E-01
             18                 11                401         2.5000E-01
             18                 12                468         4.0000E-01
             18                 13                546         6.5000E-01
             18                 14                436         1.0000E+00
             18                 15                377         1.4500E+00
             18                 16                220         2.0000E+00
             18                 17                154         2.6500E+00
             18                 18                119         3.4000E+00
             18                 19                 74         4.2500E+00
             18                 20                 39         5.2000E+00
             18                 21                  5         6.2500E+00
             18                 22                  1         7.4000E+00
             19                  7                  5         5.0000E-01
             19                  8                 76         2.5000E-01
             19                  9                308         1.0000E-01
             19                 10                593         5.0000E-02
             19                 11               1235         1.0000E-01
             19                 12               1794         2.5000E-01
             19                 13               1747         5.0000E-01
             19                 14               1570         8.5000E-01
             19                 15               1270         1.3000E+00
             19                 16                831         1.8500E+00
             19                 17                492         2.5000E+00
             19                 18                297         3.2500E+00
             19                 19                173         4.1000E+00
             19                 20                106         5.0500E+00
             19                 21                 26         6.1000E+00
             19                 22                  7         7.2500E+00
             20                  5                  1         1.2500E+00
             20                  6                  7         8.0000E-01
             20                  7                 33         4.5000E-01
             20                  8                229         2.0000E-01
             20                  9                865         5.0000E-02
             20                 10               1975         0.0000E+00
             20                 11               3775         5.0000E-02
             20                 12               4964         2.0000E-01
             20                 13               5136         4.5000E-01
             20                 14               4406         8.0000E-01
             20                 15               3494         1.2500E+00
             20                 16               2415         1.8000E+00
             20                 17               1491         2.4500E+00
             20                 18                817         3.2000E+00
             20                 19                352         4.0500E+00
             20                 20                145         5.0000E+00
             20                 21                 79         6.0500E+00
             20                 22                 22         7.2000E+00
             20                 23                  4         8.4500E+00
             21                  6                 14         8.5000E-01
             21                  7                 98         5.0000E-01
             21                  8                575         2.5000E-01
             21                  9               1835         1.0000E-01
             21                 10               4241         5.0000E-02
             21                 11               8282         1.0000E-01
             21                 12              11166         2.5000E-01
             21                 13              11336         5.0000E-01
             21                 14              10045         8.5000E-01
             21                 15               7787         1.3000E+00
             21                 16               5274         1.8500E+00
             21                 17               3260         2.5000E+00
             21                 18               1612         3.2500E+00
             21                 19                747         4.1000E+00
             21                 20                336         5.0500E+00
             21                 21                135         6.1000E+00
             21                 22                 42         7.2500E+00
             21                 23                  5         8.5000E+00
             22                  5                  1         1.4500E+00
             22                  6                 27         1.0000E+00
             22                  7                181         6.5000E-01
             22                  8               1103         4.0000E-01
             22                  9               3701         2.5000E-01
             22                 10               7824         2.0000E-01
             22                 11              13530         2.5000E-01
             22                 12              18640         4.0000E-01
             22                 13              19357         6.5000E-01
             22                 14              17014         1.0000E+00
             22                 15              13747         1.4500E+00
             22                 16               9655         2.0000E+00
             22                 17               5280         2.6500E+00
             22                 18               2748         3.4000E+00
             22                 19               1190         4.2500E+00
             22                 20                579         5.2000E+00
             22                 21                360         6.2500E+00
             22                 22                 86         7.4000E+00
             22                 23                 14         8.6500E+00
             22                 24                  5         1.0000E+01
             23                  5                  2         1.7000E+00
             23                  6                 45         1.2500E+00
             23                  7                477         9.0000E-01
             23                  8               1890         6.5000E-01
             23                  9               5899         5.0000E-01
             23                 10              11625         4.5000E-01
             23                 11              19056         5.0000E-01
             23                 12              25495         6.5000E-01
             23                 13              26123         9.0000E-01
             23                 14              22344         1.2500E+00
             23                 15              17979         1.7000E+00
             23                 16              12176         2.2500E+00
             23                 17               7567         2.9000E+00
             23                 18               3994         3.6500E+00
             23                 19               1910         4.5000E+00
             23                 20               1058         5.4500E+00
             23                 21                532         6.5000E+00
             23                 22                237         7.6500E+00
             23                 23                 38         8.9000E+00
             23                 24                 14         1.0250E+01
             23                 25                  1         1.1700E+01
             24                  5                  2         2.0500E+00
             24                  6                 73         1.6000E+00
             24                  7                642         1.2500E+00
             24                  8               2751         1.0000E+00
             24                  9               7404         8.5000E-01
             24                 10              14451         8.0000E-01
             24                 11              21426         8.5000E-01
             24                 12              27921         1.0000E+00
             24                 13              27896         1.2500E+00
             24                 14              24716         1.6000E+00
             24                 15              19424         2.0500E+00
             24                 16              13807         2.6000E+00
             24                 17               8313         3.2500E+00
             24                 18               4854         4.0000E+00
             24                 19               2586         4.8500E+00
             24                 20               1541         5.8000E+00
             24                 21                787         6.8500E+00
             24                 22                346         8.0000E+00
             24                 23                101         9.2500E+00
             24                 24                 52         1.0600E+01
             24                 25                  5         1.2050E+01
             25                  5                  6         2.5000E+00
             25                  6                126         2.0500E+00
             25                  7                833         1.7000E+00
             25                  8               3458         1.4500E+00
             25                  9               8130         1.3000E+00
             25                 10              15008         1.2500E+00
             25                 11              20231         1.3000E+00
             25                 12              24701         1.4500E+00
             25                 13              24459         1.7000E+00
             25                 14              21559         2.0500E+00
             25                 15              16686         2.5000E+00
             25                 16              11850         3.0500E+00
             25                 17               7587         3.7000E+00
             25                 18               4530         4.4500E+00
             25                 19               2519         5.3000E+00
             25                 20               1667         6.2500E+00
             25                 21                831         7.3000E+00
             25                 22                348         8.4500E+00
             25                 23                136         9.7000E+00
             25                 24                 41         1.1050E+01
             25                 25                  1         1.2500E+01
             26                  5                 12         3.0500E+00
             26                  6                178         2.6000E+00
             26                  7                982         2.2500E+00
             26                  8               3256         2.0000E+00
             26                  9               7854         1.8500E+00
             26                 10              12833         1.8000E+00
             26                 11              16136         1.8500E+00
             26                 12              18356         2.0000E+00
             26                 13              17534         2.2500E+00
             26                 14              15177         2.6000E+00
             26                 15              10841         3.0500E+00
             26                 16               7459         3.6000E+00
             26                 17               5174         4.2500E+00
             26                 18               3312         5.0000E+00
             26                 19               1807         5.8500E+00
             26                 20               1246         6.8000E+00
             26                 21                498         7.8500E+00
             26                 22                187         9.0000E+00
             26                 23                 77         1.0250E+01
             26                 24                 24         1.1600E+01
             26                 25                  2         1.3050E+01
             27                  5                 15         3.7000E+00
             27                  6                170         3.2500E+00
             27                  7                964         2.9000E+00
             27                  8               2848         2.6500E+00
             27                  9               6237         2.5000E+00
             27                 10               9050         2.4500E+00
             27                 11              11656         2.5000E+00
             27                 12              12089         2.6500E+00
             27                 13              10647         2.9000E+00
             27                 14               8547         3.2500E+00
             27                 15               5897         3.7000E+00
             27                 16               3895         4.2500E+00
             27                 17               2381         4.9000E+00
             27                 18               1631         5.6500E+00
             27                 19                973         6.5000E+00
             27                 20                683         7.4500E+00
             27                 21                331         8.5000E+00
             27                 22                 69         9.6500E+00
             27                 23                 19         1.0900E+01
             27                 24                 12         1.2250E+01
             28                  5                 11         4.4500E+00
             28                  6                117         4.0000E+00
             28                  7                753         3.6500E+00
             28                  8               2018         3.4000E+00
             28                  9               4033         3.2500E+00
             28                 10               5973         3.2000E+00
             28                 11               6683         3.2500E+00
             28                 12               6306         3.4000E+00
             28                 13               4822         3.6500E+00
             28                 14               3821         4.0000E+00
             28                 15               2470         4.4500E+00
             28                 16               1520         5.0000E+00
             28                 17                905         5.6500E+00
             28                 18                608         6.4000E+00
             28                 19                398         7.2500E+00
             28                 20                336         8.2000E+00
             28                 21                236         9.2500E+00
             28                 22                 47         1.0400E+01
             28                 23                 12         1.1650E+01
             29                  5                 17         5.3000E+00
             29                  6                 92         4.8500E+00
             29                  7                432         4.5000E+00
             29                  8               1452         4.2500E+00
             29                  9               2487         4.1000E+00
             29                 10               3201         4.0500E+00
             29                 11               3167         4.1000E+00
             29                 12               2730         4.2500E+00
             29                 13               2213         4.5000E+00
             29                 14               1368         4.8500E+00
             29                 15                793         5.3000E+00
             29                 16                530         5.8500E+00
             29                 17                213         6.5000E+00
             29                 18                171         7.2500E+00
             29                 19                118         8.1000E+00
             29                 20                121         9.0500E+00
             29                 21                101         1.0100E+01
             29                 22                 14         1.1250E+01
             30                  5                  2         6.2500E+00
             30                  6                 39         5.8000E+00
             30                  7                251         5.4500E+00
             30                  8                602         5.2000E+00
             30                  9               1090         5.0500E+00
             30                 10               1325         5.0000E+00
             30                 11               1230         5.0500E+00
             30                 12               1090         5.2000E+00
             30                 13                809         5.4500E+00
             30                 14                420         5.8000E+00
             30                 15                235         6.2500E+00
             30                 16                113         6.8000E+00
             30                 17                 52         7.4500E+00
             30                 18                 29         8.2000E+00
             30                 19                 26         9.0500E+00
             30                 20                 10         1.0000E+01
             30                 21                 11         1.1050E+01
             31                  4                  4         7.8500E+00
             31                  5                  6         7.3000E+00
             31                  6                 19         6.8500E+00
             31                  7                 66         6.5000E+00
             31                  8                183         6.2500E+00
             31                  9                304         6.1000E+00
             31                 10                434         6.0500E+00
             31                 11                417         6.1000E+00
             31                 12                336         6.2500E+00
             31                 13                266         6.5000E+00
             31                 14                 99         6.8500E+00
             31                 15                 37         7.3000E+00
             31                 16                 22         7.8500E+00
             31                 17                 10         8.5000E+00
             31                 18                  2         9.2500E+00
             31                 19                  1         1.0100E+01
             31                 20                  4         1.1050E+01
             31                 21                  9         1.2100E+01
             32                  5                  7         8.4500E+00
             32                  6                 11         8.0000E+00
             32                  7                 32         7.6500E+00
             32                  8                 40         7.4000E+00
             32                  9                 55         7.2500E+00
             32                 10                 79         7.2000E+00
             32                 11                 56         7.2500E+00
             32                 12                 58         7.4000E+00
             32                 13                 48         7.6500E+00
             32                 14                 25         8.0000E+00
             32                 15                  5         8.4500E+00
             33                  5                  3         9.7000E+00
             33                  7                  4         8.9000E+00
             33                  9                  2         8.5000E+00
             33                 10                 11         8.4500E+00
             33                 11                  3         8.5000E+00
             33                 12                  1         8.6500E+00
             33                 13                  2         8.9000E+00
