  #Crystal Size      Water Content              Count               Bias
             14                  4                  4         1.1600E+01
             14                  5                  7         1.3050E+01
             14                  6                  2         1.4600E+01
             14                  7                  2         1.6250E+01
             15                  3                  2         9.7000E+00
             15                  4                  1         1.1050E+01
             15                  5                 15         1.2500E+01
             15                  6                 26         1.4050E+01
             15                  7                  6         1.5700E+01
             15                  8                  1         1.7450E+01
             15                  9                  1         1.9300E+01
             16                  2                  8         8.0000E+00
             16                  3                 49         9.2500E+00
             16                  4                101         1.0600E+01
             16                  5                 84         1.2050E+01
             16                  6                156         1.3600E+01
             16                  7                117         1.5250E+01
             16                  8                 49         1.7000E+01
             16                  9                  8         1.8850E+01
             17                  1                  6         6.5000E+00
             17                  2                 85         7.6500E+00
             17                  3                358         8.9000E+00
             17                  4                667         1.0250E+01
             17                  5                824         1.1700E+01
             17                  6                850         1.3250E+01
             17                  7                646         1.4900E+01
             17                  8                331         1.6650E+01
             17                  9                 75         1.8500E+01
             17                 10                 10         2.0450E+01
             17                 11                  4         2.2500E+01
             17                 12                  4         2.4650E+01
             18                  0                  3         5.2000E+00
             18                  1                 70         6.2500E+00
             18                  2                342         7.4000E+00
             18                  3               1469         8.6500E+00
             18                  4               2866         1.0000E+01
             18                  5               3662         1.1450E+01
             18                  6               3513         1.3000E+01
             18                  7               2314         1.4650E+01
             18                  8               1013         1.6400E+01
             18                  9                270         1.8250E+01
             18                 10                 66         2.0200E+01
             18                 11                 10         2.2250E+01
             18                 12                  3         2.4400E+01
             19                  0                  7         5.0500E+00
             19                  1                135         6.1000E+00
             19                  2               1042         7.2500E+00
             19                  3               4344         8.5000E+00
             19                  4               8427         9.8500E+00
             19                  5              11660         1.1300E+01
             19                  6              10884         1.2850E+01
             19                  7               7256         1.4500E+01
             19                  8               2915         1.6250E+01
             19                  9                922         1.8100E+01
             19                 10                169         2.0050E+01
             19                 11                 21         2.2100E+01
             19                 12                  3         2.4250E+01
             20                  0                 17         5.0000E+00
             20                  1                459         6.0500E+00
             20                  2               2105         7.2000E+00
             20                  3               8756         8.4500E+00
             20                  4              17225         9.8000E+00
             20                  5              24486         1.1250E+01
             20                  6              23154         1.2800E+01
             20                  7              15508         1.4450E+01
             20                  8               6590         1.6200E+01
             20                  9               1905         1.8050E+01
             20                 10                427         2.0000E+01
             20                 11                 87         2.2050E+01
             20                 12                  8         2.4200E+01
             21                  0                 65         5.0500E+00
             21                  1                692         6.1000E+00
             21                  2               3593         7.2500E+00
             21                  3              12973         8.5000E+00
             21                  4              27228         9.8500E+00
             21                  5              38074         1.1300E+01
             21                  6              36949         1.2850E+01
             21                  7              25452         1.4500E+01
             21                  8              10665         1.6250E+01
             21                  9               3107         1.8100E+01
             21                 10                653         2.0050E+01
             21                 11                110         2.2100E+01
             21                 12                  4         2.4250E+01
             22                  0                 76         5.2000E+00
             22                  1                826         6.2500E+00
             22                  2               3579         7.4000E+00
             22                  3              14397         8.6500E+00
             22                  4              30910         1.0000E+01
             22                  5              44771         1.1450E+01
             22                  6              45834         1.3000E+01
             22                  7              30669         1.4650E+01
             22                  8              12545         1.6400E+01
             22                  9               3386         1.8250E+01
             22                 10                799         2.0200E+01
             22                 11                 73         2.2250E+01
             22                 12                 13         2.4400E+01
             23                  0                 51         5.4500E+00
             23                  1                602         6.5000E+00
             23                  2               2943         7.6500E+00
             23                  3              12262         8.9000E+00
             23                  4              29424         1.0250E+01
             23                  5              43530         1.1700E+01
             23                  6              45193         1.3250E+01
             23                  7              29555         1.4900E+01
             23                  8              11478         1.6650E+01
             23                  9               3090         1.8500E+01
             23                 10                543         2.0450E+01
             23                 11                122         2.2500E+01
             23                 12                 36         2.4650E+01
             23                 13                  1         2.6900E+01
             24                  0                 32         5.8000E+00
             24                  1                374         6.8500E+00
             24                  2               1897         8.0000E+00
             24                  3               8222         9.2500E+00
             24                  4              21999         1.0600E+01
             24                  5              34168         1.2050E+01
             24                  6              35534         1.3600E+01
             24                  7              23440         1.5250E+01
             24                  8               9291         1.7000E+01
             24                  9               2555         1.8850E+01
             24                 10                492         2.0800E+01
             24                 11                133         2.2850E+01
             24                 12                 15         2.5000E+01
             24                 13                 20         2.7250E+01
             24                 14                  6         2.9600E+01
             25                  0                 13         6.2500E+00
             25                  1                164         7.3000E+00
             25                  2                920         8.4500E+00
             25                  3               4490         9.7000E+00
             25                  4              13746         1.1050E+01
             25                  5              22302         1.2500E+01
             25                  6              22455         1.4050E+01
             25                  7              15321         1.5700E+01
             25                  8               6767         1.7450E+01
             25                  9               2045         1.9300E+01
             25                 10                336         2.1250E+01
             25                 11                 82         2.3300E+01
             25                 12                 10         2.5450E+01
             25                 13                 16         2.7700E+01
             26                  0                  3         6.8000E+00
             26                  1                 44         7.8500E+00
             26                  2                354         9.0000E+00
             26                  3               2659         1.0250E+01
             26                  4               7078         1.1600E+01
             26                  5              11469         1.3050E+01
             26                  6              11578         1.4600E+01
             26                  7               8450         1.6250E+01
             26                  8               4295         1.8000E+01
             26                  9               1189         1.9850E+01
             26                 10                285         2.1800E+01
             26                 11                 67         2.3850E+01
             26                 12                 12         2.6000E+01
             26                 13                 10         2.8250E+01
             27                  0                  4         7.4500E+00
             27                  1                  1         8.5000E+00
             27                  2                182         9.6500E+00
             27                  3               1107         1.0900E+01
             27                  4               3113         1.2250E+01
             27                  5               4881         1.3700E+01
             27                  6               5270         1.5250E+01
             27                  7               3840         1.6900E+01
             27                  8               1832         1.8650E+01
             27                  9                579         2.0500E+01
             27                 10                 92         2.2450E+01
             27                 11                 29         2.4500E+01
             27                 12                  2         2.6650E+01
             28                  1                  1         9.2500E+00
             28                  2                 61         1.0400E+01
             28                  3                447         1.1650E+01
             28                  4               1009         1.3000E+01
             28                  5               1666         1.4450E+01
             28                  6               1816         1.6000E+01
             28                  7               1538         1.7650E+01
             28                  8                677         1.9400E+01
             28                  9                152         2.1250E+01
             28                 10                 40         2.3200E+01
             28                 11                  3         2.5250E+01
             29                  2                  8         1.1250E+01
             29                  3                106         1.2500E+01
             29                  4                233         1.3850E+01
             29                  5                510         1.5300E+01
             29                  6                574         1.6850E+01
             29                  7                418         1.8500E+01
             29                  8                126         2.0250E+01
             29                  9                 23         2.2100E+01
             30                  3                 39         1.3450E+01
             30                  4                 69         1.4800E+01
             30                  5                108         1.6250E+01
             30                  6                111         1.7800E+01
             30                  7                 68         1.9450E+01
             30                  8                 25         2.1200E+01
             30                  9                  3         2.3050E+01
             31                  4                  1         1.5850E+01
             31                  5                  6         1.7300E+01
             31                  6                  6         1.8850E+01
             31                  7                  1         2.0500E+01
