  #Crystal Size      Water Content              Count               Bias
             24                  7                  1         6.2500E+00
             24                  8                  4         6.5000E+00
             24                  9                  4         6.8500E+00
             24                 10                  1         7.3000E+00
             24                 11                  2         7.8500E+00
             24                 12                  3         8.5000E+00
             24                 13                  3         9.2500E+00
             25                  7                  4         5.2000E+00
             25                  8                 20         5.4500E+00
             25                  9                 19         5.8000E+00
             25                 10                 37         6.2500E+00
             25                 11                 24         6.8000E+00
             25                 12                 30         7.4500E+00
             25                 13                  8         8.2000E+00
             25                 14                  2         9.0500E+00
             26                  6                  5         4.1000E+00
             26                  7                 23         4.2500E+00
             26                  8                107         4.5000E+00
             26                  9                224         4.8500E+00
             26                 10                226         5.3000E+00
             26                 11                245         5.8500E+00
             26                 12                125         6.5000E+00
             26                 13                 71         7.2500E+00
             26                 14                 11         8.1000E+00
             27                  4                  1         3.2500E+00
             27                  5                  4         3.2000E+00
             27                  6                 30         3.2500E+00
             27                  7                130         3.4000E+00
             27                  8                494         3.6500E+00
             27                  9                903         4.0000E+00
             27                 10               1053         4.4500E+00
             27                 11                973         5.0000E+00
             27                 12                586         5.6500E+00
             27                 13                274         6.4000E+00
             27                 14                 64         7.2500E+00
             27                 15                  7         8.2000E+00
             27                 16                  1         9.2500E+00
             28                  4                  3         2.5000E+00
             28                  5                 26         2.4500E+00
             28                  6                142         2.5000E+00
             28                  7                664         2.6500E+00
             28                  8               1974         2.9000E+00
             28                  9               3538         3.2500E+00
             28                 10               4217         3.7000E+00
             28                 11               3591         4.2500E+00
             28                 12               1917         4.9000E+00
             28                 13                863         5.6500E+00
             28                 14                307         6.5000E+00
             28                 15                 45         7.4500E+00
             28                 16                  6         8.5000E+00
             28                 17                  1         9.6500E+00
             29                  3                  1         2.0000E+00
             29                  4                  7         1.8500E+00
             29                  5                111         1.8000E+00
             29                  6                545         1.8500E+00
             29                  7               2406         2.0000E+00
             29                  8               6324         2.2500E+00
             29                  9              10491         2.6000E+00
             29                 10              12347         3.0500E+00
             29                 11              10347         3.6000E+00
             29                 12               6136         4.2500E+00
             29                 13               2525         5.0000E+00
             29                 14                916         5.8500E+00
             29                 15                203         6.8000E+00
             29                 16                 62         7.8500E+00
             29                 17                 19         9.0000E+00
             30                  4                 27         1.3000E+00
             30                  5                312         1.2500E+00
             30                  6               1621         1.3000E+00
             30                  7               6162         1.4500E+00
             30                  8              15332         1.7000E+00
             30                  9              24607         2.0500E+00
             30                 10              27731         2.5000E+00
             30                 11              22241         3.0500E+00
             30                 12              12056         3.7000E+00
             30                 13               5054         4.4500E+00
             30                 14               1538         5.3000E+00
             30                 15                365         6.2500E+00
             30                 16                118         7.3000E+00
             30                 17                 38         8.4500E+00
             30                 18                  5         9.7000E+00
             31                  3                  2         1.0000E+00
             31                  4                 43         8.5000E-01
             31                  5                501         8.0000E-01
             31                  6               3211         8.5000E-01
             31                  7              12346         1.0000E+00
             31                  8              27963         1.2500E+00
             31                  9              41535         1.6000E+00
             31                 10              43994         2.0500E+00
             31                 11              33194         2.6000E+00
             31                 12              17999         3.2500E+00
             31                 13               7090         4.0000E+00
             31                 14               2300         4.8500E+00
             31                 15                567         5.8000E+00
             31                 16                152         6.8500E+00
             31                 17                 60         8.0000E+00
             31                 18                 10         9.2500E+00
             32                  3                 16         6.5000E-01
             32                  4                116         5.0000E-01
             32                  5                933         4.5000E-01
             32                  6               5244         5.0000E-01
             32                  7              17740         6.5000E-01
             32                  8              37863         9.0000E-01
             32                  9              52768         1.2500E+00
             32                 10              50205         1.7000E+00
             32                 11              34291         2.2500E+00
             32                 12              17833         2.9000E+00
             32                 13               7153         3.6500E+00
             32                 14               2028         4.5000E+00
             32                 15                429         5.4500E+00
             32                 16                 68         6.5000E+00
             32                 17                 17         7.6500E+00
             32                 18                 11         8.9000E+00
             33                  3                 23         4.0000E-01
             33                  4                235         2.5000E-01
             33                  5               1507         2.0000E-01
             33                  6               7048         2.5000E-01
             33                  7              20736         4.0000E-01
             33                  8              39314         6.5000E-01
             33                  9              49011         1.0000E+00
             33                 10              41803         1.4500E+00
             33                 11              24784         2.0000E+00
             33                 12              11626         2.6500E+00
             33                 13               4353         3.4000E+00
             33                 14               1305         4.2500E+00
             33                 15                250         5.2000E+00
             33                 16                 34         6.2500E+00
             33                 17                 15         7.4000E+00
             34                  3                  7         2.5000E-01
             34                  4                229         1.0000E-01
             34                  5               1524         5.0000E-02
             34                  6               6322         1.0000E-01
             34                  7              17018         2.5000E-01
             34                  8              28307         5.0000E-01
             34                  9              30548         8.5000E-01
             34                 10              23191         1.3000E+00
             34                 11              11967         1.8500E+00
             34                 12               4790         2.5000E+00
             34                 13               1599         3.2500E+00
             34                 14                439         4.1000E+00
             34                 15                 68         5.0500E+00
             34                 16                  3         6.1000E+00
             35                  3                  5         2.0000E-01
             35                  4                127         5.0000E-02
             35                  5               1036         0.0000E+00
             35                  6               3822         5.0000E-02
             35                  7               8813         2.0000E-01
             35                  8              12618         4.5000E-01
             35                  9              11802         8.0000E-01
             35                 10               7774         1.2500E+00
             35                 11               3713         1.8000E+00
             35                 12               1309         2.4500E+00
             35                 13                314         3.2000E+00
             35                 14                 35         4.0500E+00
             36                  3                  1         2.5000E-01
             36                  4                 20         1.0000E-01
             36                  5                229         5.0000E-02
             36                  6               1092         1.0000E-01
             36                  7               2266         2.5000E-01
             36                  8               2561         5.0000E-01
             36                  9               1921         8.5000E-01
             36                 10               1224         1.3000E+00
             36                 11                624         1.8500E+00
             36                 12                243         2.5000E+00
             36                 13                 43         3.2500E+00
             36                 14                 10         4.1000E+00
