  #Crystal Size      Water Content              Count               Bias
             14                 10                  3         3.0500E+00
             15                  9                  1         2.0500E+00
             15                 10                  4         2.5000E+00
             15                 11                  1         3.0500E+00
             15                 13                  1         4.4500E+00
             15                 14                  2         5.3000E+00
             15                 17                  1         8.4500E+00
             16                  8                  1         1.2500E+00
             16                  9                  3         1.6000E+00
             16                 10                 12         2.0500E+00
             16                 11                 18         2.6000E+00
             16                 12                  2         3.2500E+00
             16                 13                  7         4.0000E+00
             16                 14                 10         4.8500E+00
             17                  5                  1         4.5000E-01
             17                  6                  2         5.0000E-01
             17                  7                  1         6.5000E-01
             17                  8                 11         9.0000E-01
             17                  9                 39         1.2500E+00
             17                 10                 63         1.7000E+00
             17                 11                 99         2.2500E+00
             17                 12                 55         2.9000E+00
             17                 13                 43         3.6500E+00
             17                 14                 16         4.5000E+00
             17                 15                  1         5.4500E+00
             17                 16                  4         6.5000E+00
             17                 17                  4         7.6500E+00
             17                 18                  1         8.9000E+00
             18                  5                  1         2.0000E-01
             18                  6                  3         2.5000E-01
             18                  7                  5         4.0000E-01
             18                  8                 56         6.5000E-01
             18                  9                195         1.0000E+00
             18                 10                318         1.4500E+00
             18                 11                399         2.0000E+00
             18                 12                309         2.6500E+00
             18                 13                118         3.4000E+00
             18                 14                 67         4.2500E+00
             18                 15                  8         5.2000E+00
             18                 16                  3         6.2500E+00
             18                 17                  4         7.4000E+00
             19                  5                 29         5.0000E-02
             19                  6                 33         1.0000E-01
             19                  7                 64         2.5000E-01
             19                  8                245         5.0000E-01
             19                  9                686         8.5000E-01
             19                 10               1044         1.3000E+00
             19                 11               1183         1.8500E+00
             19                 12                821         2.5000E+00
             19                 13                516         3.2500E+00
             19                 14                160         4.1000E+00
             19                 15                 45         5.0500E+00
             19                 16                 14         6.1000E+00
             19                 17                  5         7.2500E+00
             20                  5                 37         0.0000E+00
             20                  6                118         5.0000E-02
             20                  7                318         2.0000E-01
             20                  8                778         4.5000E-01
             20                  9               1630         8.0000E-01
             20                 10               2768         1.2500E+00
             20                 11               3111         1.8000E+00
             20                 12               2413         2.4500E+00
             20                 13               1263         3.2000E+00
             20                 14                487         4.0500E+00
             20                 15                237         5.0000E+00
             20                 16                 64         6.0500E+00
             20                 17                 18         7.2000E+00
             20                 18                  8         8.4500E+00
             21                  4                  3         1.0000E-01
             21                  5                 63         5.0000E-02
             21                  6                266         1.0000E-01
             21                  7                863         2.5000E-01
             21                  8               1870         5.0000E-01
             21                  9               4048         8.5000E-01
             21                 10               6086         1.3000E+00
             21                 11               7122         1.8500E+00
             21                 12               5358         2.5000E+00
             21                 13               3100         3.2500E+00
             21                 14               1365         4.1000E+00
             21                 15                667         5.0500E+00
             21                 16                200         6.1000E+00
             21                 17                 63         7.2500E+00
             21                 18                 18         8.5000E+00
             21                 19                  1         9.8500E+00
             21                 20                  1         1.1300E+01
             22                  4                  6         2.5000E-01
             22                  5                131         2.0000E-01
             22                  6                543         2.5000E-01
             22                  7               1892         4.0000E-01
             22                  8               4518         6.5000E-01
             22                  9               8862         1.0000E+00
             22                 10              12894         1.4500E+00
             22                 11              14125         2.0000E+00
             22                 12              10117         2.6500E+00
             22                 13               6129         3.4000E+00
             22                 14               3086         4.2500E+00
             22                 15               1145         5.2000E+00
             22                 16                416         6.2500E+00
             22                 17                 93         7.4000E+00
             22                 18                 27         8.6500E+00
             22                 19                  7         1.0000E+01
             22                 20                 13         1.1450E+01
             23                  3                  1         6.5000E-01
             23                  4                 14         5.0000E-01
             23                  5                171         4.5000E-01
             23                  6                873         5.0000E-01
             23                  7               3129         6.5000E-01
             23                  8               8403         9.0000E-01
             23                  9              16317         1.2500E+00
             23                 10              22278         1.7000E+00
             23                 11              22118         2.2500E+00
             23                 12              16327         2.9000E+00
             23                 13               9852         3.6500E+00
             23                 14               5415         4.5000E+00
             23                 15               2115         5.4500E+00
             23                 16                722         6.5000E+00
             23                 17                248         7.6500E+00
             23                 18                 55         8.9000E+00
             23                 19                 10         1.0250E+01
             23                 20                  5         1.1700E+01
             24                  4                 13         8.5000E-01
             24                  5                223         8.0000E-01
             24                  6               1358         8.5000E-01
             24                  7               4799         1.0000E+00
             24                  8              13025         1.2500E+00
             24                  9              24385         1.6000E+00
             24                 10              32446         2.0500E+00
             24                 11              29981         2.6000E+00
             24                 12              21852         3.2500E+00
             24                 13              13913         4.0000E+00
             24                 14               7540         4.8500E+00
             24                 15               3349         5.8000E+00
             24                 16                971         6.8500E+00
             24                 17                291         8.0000E+00
             24                 18                 94         9.2500E+00
             24                 19                 12         1.0600E+01
             24                 21                  5         1.3600E+01
             25                  4                 11         1.3000E+00
             25                  5                153         1.2500E+00
             25                  6               1476         1.3000E+00
             25                  7               6454         1.4500E+00
             25                  8              16158         1.7000E+00
             25                  9              28457         2.0500E+00
             25                 10              37053         2.5000E+00
             25                 11              33778         3.0500E+00
             25                 12              23843         3.7000E+00
             25                 13              15028         4.4500E+00
             25                 14               7769         5.3000E+00
             25                 15               3297         6.2500E+00
             25                 16               1147         7.3000E+00
             25                 17                314         8.4500E+00
             25                 18                 75         9.7000E+00
             25                 19                 57         1.1050E+01
             25                 20                 20         1.2500E+01
             25                 21                  7         1.4050E+01
             26                  4                 23         1.8500E+00
             26                  5                192         1.8000E+00
             26                  6               1573         1.8500E+00
             26                  7               6583         2.0000E+00
             26                  8              16126         2.2500E+00
             26                  9              28823         2.6000E+00
             26                 10              35547         3.0500E+00
             26                 11              32146         3.6000E+00
             26                 12              21771         4.2500E+00
             26                 13              13082         5.0000E+00
             26                 14               6608         5.8500E+00
             26                 15               2757         6.8000E+00
             26                 16                971         7.8500E+00
             26                 17                325         9.0000E+00
             26                 18                145         1.0250E+01
             26                 19                 70         1.1600E+01
             26                 20                 29         1.3050E+01
             26                 21                 15         1.4600E+01
             27                  4                 36         2.5000E+00
             27                  5                238         2.4500E+00
             27                  6               1463         2.5000E+00
             27                  7               5845         2.6500E+00
             27                  8              14016         2.9000E+00
             27                  9              23580         3.2500E+00
             27                 10              27872         3.7000E+00
             27                 11              24106         4.2500E+00
             27                 12              15860         4.9000E+00
             27                 13               8998         5.6500E+00
             27                 14               4283         6.5000E+00
             27                 15               1789         7.4500E+00
             27                 16                641         8.5000E+00
             27                 17                277         9.6500E+00
             27                 18                 58         1.0900E+01
             27                 19                 48         1.2250E+01
             27                 20                  7         1.3700E+01
             27                 21                 18         1.5250E+01
             27                 22                  1         1.6900E+01
             28                  4                 21         3.2500E+00
             28                  5                156         3.2000E+00
             28                  6               1092         3.2500E+00
             28                  7               4317         3.4000E+00
             28                  8              10526         3.6500E+00
             28                  9              16113         4.0000E+00
             28                 10              18183         4.4500E+00
             28                 11              14884         5.0000E+00
             28                 12               9005         5.6500E+00
             28                 13               4549         6.4000E+00
             28                 14               1947         7.2500E+00
             28                 15                727         8.2000E+00
             28                 16                294         9.2500E+00
             28                 17                128         1.0400E+01
             28                 18                 28         1.1650E+01
             28                 19                  1         1.3000E+01
             28                 20                  1         1.4450E+01
             29                  4                 20         4.1000E+00
             29                  5                119         4.0500E+00
             29                  6                617         4.1000E+00
             29                  7               2764         4.2500E+00
             29                  8               6401         4.5000E+00
             29                  9               9706         4.8500E+00
             29                 10               9418         5.3000E+00
             29                 11               7224         5.8500E+00
             29                 12               4041         6.5000E+00
             29                 13               1793         7.2500E+00
             29                 14                742         8.1000E+00
             29                 15                306         9.0500E+00
             29                 16                 76         1.0100E+01
             29                 17                 15         1.1250E+01
             29                 18                  2         1.2500E+01
             30                  4                  9         5.0500E+00
             30                  5                 45         5.0000E+00
             30                  6                322         5.0500E+00
             30                  7               1435         5.2000E+00
             30                  8               3118         5.4500E+00
             30                  9               4317         5.8000E+00
             30                 10               4072         6.2500E+00
             30                 11               2760         6.8000E+00
             30                 12               1498         7.4500E+00
             30                 13                631         8.2000E+00
             30                 14                226         9.0500E+00
             30                 15                 96         1.0000E+01
             30                 16                 12         1.1050E+01
             31                  4                  4         6.1000E+00
             31                  5                 18         6.0500E+00
             31                  6                153         6.1000E+00
             31                  7                497         6.2500E+00
             31                  8                997         6.5000E+00
             31                  9               1487         6.8500E+00
             31                 10               1485         7.3000E+00
             31                 11                725         7.8500E+00
             31                 12                405         8.5000E+00
             31                 13                180         9.2500E+00
             31                 14                 78         1.0100E+01
             31                 15                 38         1.1050E+01
             31                 16                  5         1.2100E+01
             32                  5                 13         7.2000E+00
             32                  6                 68         7.2500E+00
             32                  7                125         7.4000E+00
             32                  8                308         7.6500E+00
             32                  9                345         8.0000E+00
             32                 10                308         8.4500E+00
             32                 11                202         9.0000E+00
             32                 12                105         9.6500E+00
             32                 13                 49         1.0400E+01
             32                 14                 21         1.1250E+01
             32                 15                  8         1.2200E+01
             33                  5                  8         8.4500E+00
             33                  6                 22         8.5000E+00
             33                  7                 31         8.6500E+00
             33                  8                 22         8.9000E+00
             33                  9                 21         9.2500E+00
             33                 10                 36         9.7000E+00
             33                 11                 20         1.0250E+01
             33                 12                  6         1.0900E+01
             33                 13                  8         1.1650E+01
             34                  5                  4         9.8000E+00
             34                  6                  9         9.8500E+00
             34                  7                  9         1.0000E+01
             34                 10                  5         1.1050E+01
             34                 11                  4         1.1600E+01
