  #Crystal Size      Water Content              Count               Bias
             21                  9                  3         4.1000E+00
             21                 12                  1         4.2500E+00
             21                 13                  3         4.5000E+00
             21                 15                  1         5.3000E+00
             22                  6                  3         4.0000E+00
             22                  9                  6         3.2500E+00
             22                 10                  3         3.2000E+00
             22                 11                  3         3.2500E+00
             22                 12                  7         3.4000E+00
             22                 13                  9         3.6500E+00
             22                 14                  3         4.0000E+00
             22                 15                  3         4.4500E+00
             22                 16                  3         5.0000E+00
             23                  8                 19         2.6500E+00
             23                  9                 20         2.5000E+00
             23                 10                 31         2.4500E+00
             23                 11                 50         2.5000E+00
             23                 12                 54         2.6500E+00
             23                 13                 60         2.9000E+00
             23                 14                 42         3.2500E+00
             23                 15                 30         3.7000E+00
             23                 16                 13         4.2500E+00
             23                 17                  5         4.9000E+00
             23                 18                  4         5.6500E+00
             23                 19                  2         6.5000E+00
             24                  5                  1         3.0500E+00
             24                  6                  3         2.6000E+00
             24                  7                  9         2.2500E+00
             24                  8                 43         2.0000E+00
             24                  9                 83         1.8500E+00
             24                 10                136         1.8000E+00
             24                 11                230         1.8500E+00
             24                 12                245         2.0000E+00
             24                 13                261         2.2500E+00
             24                 14                235         2.6000E+00
             24                 15                150         3.0500E+00
             24                 16                 65         3.6000E+00
             24                 17                 28         4.2500E+00
             24                 18                  8         5.0000E+00
             24                 19                  4         5.8500E+00
             25                  6                 12         2.0500E+00
             25                  7                 27         1.7000E+00
             25                  8                148         1.4500E+00
             25                  9                391         1.3000E+00
             25                 10                682         1.2500E+00
             25                 11                968         1.3000E+00
             25                 12               1061         1.4500E+00
             25                 13                938         1.7000E+00
             25                 14                784         2.0500E+00
             25                 15                525         2.5000E+00
             25                 16                301         3.0500E+00
             25                 17                165         3.7000E+00
             25                 18                 89         4.4500E+00
             25                 19                 14         5.3000E+00
             25                 20                  1         6.2500E+00
             26                  5                  1         2.0500E+00
             26                  6                 11         1.6000E+00
             26                  7                 99         1.2500E+00
             26                  8                513         1.0000E+00
             26                  9               1209         8.5000E-01
             26                 10               2452         8.0000E-01
             26                 11               3217         8.5000E-01
             26                 12               3663         1.0000E+00
             26                 13               3338         1.2500E+00
             26                 14               2500         1.6000E+00
             26                 15               1542         2.0500E+00
             26                 16                784         2.6000E+00
             26                 17                390         3.2500E+00
             26                 18                225         4.0000E+00
             26                 19                 67         4.8500E+00
             26                 20                  8         5.8000E+00
             26                 21                  5         6.8500E+00
             27                  5                  1         1.7000E+00
             27                  6                 26         1.2500E+00
             27                  7                232         9.0000E-01
             27                  8               1289         6.5000E-01
             27                  9               3500         5.0000E-01
             27                 10               6270         4.5000E-01
             27                 11               8944         5.0000E-01
             27                 12              10030         6.5000E-01
             27                 13               8291         9.0000E-01
             27                 14               5820         1.2500E+00
             27                 15               3727         1.7000E+00
             27                 16               2144         2.2500E+00
             27                 17               1116         2.9000E+00
             27                 18                552         3.6500E+00
             27                 19                163         4.5000E+00
             27                 20                 61         5.4500E+00
             27                 21                 10         6.5000E+00
             27                 22                  1         7.6500E+00
             28                  4                  1         2.0000E+00
             28                  5                  8         1.4500E+00
             28                  6                 46         1.0000E+00
             28                  7                514         6.5000E-01
             28                  8               2627         4.0000E-01
             28                  9               6797         2.5000E-01
             28                 10              13176         2.0000E-01
             28                 11              19331         2.5000E-01
             28                 12              20828         4.0000E-01
             28                 13              16752         6.5000E-01
             28                 14              11023         1.0000E+00
             28                 15               7025         1.4500E+00
             28                 16               3992         2.0000E+00
             28                 17               1977         2.6500E+00
             28                 18                945         3.4000E+00
             28                 19                351         4.2500E+00
             28                 20                104         5.2000E+00
             28                 21                 25         6.2500E+00
             29                  4                  2         1.8500E+00
             29                  5                 13         1.3000E+00
             29                  6                 83         8.5000E-01
             29                  7                879         5.0000E-01
             29                  8               4233         2.5000E-01
             29                  9              11323         1.0000E-01
             29                 10              21786         5.0000E-02
             29                 11              31161         1.0000E-01
             29                 12              32522         2.5000E-01
             29                 13              25787         5.0000E-01
             29                 14              16576         8.5000E-01
             29                 15              10258         1.3000E+00
             29                 16               6177         1.8500E+00
             29                 17               3007         2.5000E+00
             29                 18               1307         3.2500E+00
             29                 19                482         4.1000E+00
             29                 20                146         5.0500E+00
             29                 21                 31         6.1000E+00
             29                 22                  6         7.2500E+00
             30                  4                  6         1.8000E+00
             30                  5                 35         1.2500E+00
             30                  6                183         8.0000E-01
             30                  7               1312         4.5000E-01
             30                  8               5712         2.0000E-01
             30                  9              15805         5.0000E-02
             30                 10              29483         0.0000E+00
             30                 11              40236         5.0000E-02
             30                 12              39600         2.0000E-01
             30                 13              30079         4.5000E-01
             30                 14              19479         8.0000E-01
             30                 15              11776         1.2500E+00
             30                 16               6486         1.8000E+00
             30                 17               3502         2.4500E+00
             30                 18               1415         3.2000E+00
             30                 19                459         4.0500E+00
             30                 20                164         5.0000E+00
             30                 21                 45         6.0500E+00
             30                 22                  9         7.2000E+00
             30                 23                  3         8.4500E+00
             31                  4                 15         1.8500E+00
             31                  5                 92         1.3000E+00
             31                  6                327         8.5000E-01
             31                  7               1859         5.0000E-01
             31                  8               6678         2.5000E-01
             31                  9              17758         1.0000E-01
             31                 10              31702         5.0000E-02
             31                 11              40034         1.0000E-01
             31                 12              36707         2.5000E-01
             31                 13              26161         5.0000E-01
             31                 14              16241         8.5000E-01
             31                 15               9749         1.3000E+00
             31                 16               5465         1.8500E+00
             31                 17               2792         2.5000E+00
             31                 18               1149         3.2500E+00
             31                 19                424         4.1000E+00
             31                 20                142         5.0500E+00
             31                 21                 26         6.1000E+00
             31                 22                  1         7.2500E+00
             32                  4                 22         2.0000E+00
             32                  5                110         1.4500E+00
             32                  6                516         1.0000E+00
             32                  7               2195         6.5000E-01
             32                  8               6881         4.0000E-01
             32                  9              15332         2.5000E-01
             32                 10              24754         2.0000E-01
             32                 11              28379         2.5000E-01
             32                 12              24604         4.0000E-01
             32                 13              16607         6.5000E-01
             32                 14               9459         1.0000E+00
             32                 15               5326         1.4500E+00
             32                 16               2842         2.0000E+00
             32                 17               1549         2.6500E+00
             32                 18                680         3.4000E+00
             32                 19                188         4.2500E+00
             32                 20                 67         5.2000E+00
             32                 21                  8         6.2500E+00
             33                  4                 24         2.2500E+00
             33                  5                 96         1.7000E+00
             33                  6                475         1.2500E+00
             33                  7               1784         9.0000E-01
             33                  8               5113         6.5000E-01
             33                  9               9788         5.0000E-01
             33                 10              14068         4.5000E-01
             33                 11              14940         5.0000E-01
             33                 12              11795         6.5000E-01
             33                 13               7139         9.0000E-01
             33                 14               3388         1.2500E+00
             33                 15               1904         1.7000E+00
             33                 16                989         2.2500E+00
             33                 17                598         2.9000E+00
             33                 18                233         3.6500E+00
             33                 19                 62         4.5000E+00
             33                 20                 21         5.4500E+00
             33                 21                  5         6.5000E+00
             34                  4                 14         2.6000E+00
             34                  5                 86         2.0500E+00
             34                  6                305         1.6000E+00
             34                  7                998         1.2500E+00
             34                  8               2416         1.0000E+00
             34                  9               4566         8.5000E-01
             34                 10               5654         8.0000E-01
             34                 11               5557         8.5000E-01
             34                 12               3930         1.0000E+00
             34                 13               1962         1.2500E+00
             34                 14                726         1.6000E+00
             34                 15                262         2.0500E+00
             34                 16                185         2.6000E+00
             34                 17                129         3.2500E+00
             34                 18                 38         4.0000E+00
             34                 19                  8         4.8500E+00
             35                  4                 11         3.0500E+00
             35                  5                 42         2.5000E+00
             35                  6                155         2.0500E+00
             35                  7                387         1.7000E+00
             35                  8                720         1.4500E+00
             35                  9               1166         1.3000E+00
             35                 10               1193         1.2500E+00
             35                 11               1073         1.3000E+00
             35                 12                711         1.4500E+00
             35                 13                358         1.7000E+00
             35                 14                119         2.0500E+00
             35                 15                 22         2.5000E+00
             35                 16                 26         3.0500E+00
             35                 17                  6         3.7000E+00
             35                 18                  1         4.4500E+00
             36                  5                 11         3.0500E+00
             36                  6                 33         2.6000E+00
             36                  7                 74         2.2500E+00
             36                  8                 80         2.0000E+00
             36                  9                106         1.8500E+00
             36                 10                114         1.8000E+00
             36                 11                107         1.8500E+00
             36                 12                 49         2.0000E+00
             36                 13                 45         2.2500E+00
             36                 14                 16         2.6000E+00
