  #Crystal Size      Water Content              Count               Bias
              1                 11                  2         2.6000E+00
              1                 12                 12         3.2500E+00
              1                 13                 25         4.0000E+00
              1                 14                 66         4.8500E+00
              1                 15                 65         5.8000E+00
              1                 16                 86         6.8500E+00
              1                 17                 44         8.0000E+00
              1                 18                 11         9.2500E+00
              1                 19                  6         1.0600E+01
              1                 20                  1         1.2050E+01
              2                 11                 14         2.2500E+00
              2                 12                105         2.9000E+00
              2                 13                233         3.6500E+00
              2                 14                417         4.5000E+00
              2                 15                426         5.4500E+00
              2                 16                246         6.5000E+00
              2                 17                182         7.6500E+00
              2                 18                 74         8.9000E+00
              2                 19                 81         1.0250E+01
              2                 20                 40         1.1700E+01
              2                 21                 12         1.3250E+01
              3                 10                 12         1.4500E+00
              3                 11                146         2.0000E+00
              3                 12                465         2.6500E+00
              3                 13               1041         3.4000E+00
              3                 14               1644         4.2500E+00
              3                 15               1648         5.2000E+00
              3                 16               1176         6.2500E+00
              3                 17               1059         7.4000E+00
              3                 18                780         8.6500E+00
              3                 19                476         1.0000E+01
              3                 20                246         1.1450E+01
              3                 21                 68         1.3000E+01
              3                 22                 15         1.4650E+01
              3                 23                  2         1.6400E+01
              4                  9                  2         8.5000E-01
              4                 10                 50         1.3000E+00
              4                 11                436         1.8500E+00
              4                 12               1349         2.5000E+00
              4                 13               2681         3.2500E+00
              4                 14               4044         4.1000E+00
              4                 15               4096         5.0500E+00
              4                 16               3902         6.1000E+00
              4                 17               3515         7.2500E+00
              4                 18               2732         8.5000E+00
              4                 19               1579         9.8500E+00
              4                 20               1022         1.1300E+01
              4                 21                353         1.2850E+01
              4                 22                 63         1.4500E+01
              4                 23                  9         1.6250E+01
              4                 24                  1         1.8100E+01
              5                  7                  2         2.0000E-01
              5                  8                  6         4.5000E-01
              5                  9                 37         8.0000E-01
              5                 10                248         1.2500E+00
              5                 11               1095         1.8000E+00
              5                 12               2669         2.4500E+00
              5                 13               5205         3.2000E+00
              5                 14               8261         4.0500E+00
              5                 15               8581         5.0000E+00
              5                 16               8183         6.0500E+00
              5                 17               7785         7.2000E+00
              5                 18               5865         8.4500E+00
              5                 19               3589         9.8000E+00
              5                 20               1781         1.1250E+01
              5                 21                633         1.2800E+01
              5                 22                177         1.4450E+01
              5                 23                 17         1.6200E+01
              5                 24                 15         1.8050E+01
              6                  7                  2         2.5000E-01
              6                  8                 16         5.0000E-01
              6                  9                 28         8.5000E-01
              6                 10                213         1.3000E+00
              6                 11               1095         1.8500E+00
              6                 12               3285         2.5000E+00
              6                 13               6286         3.2500E+00
              6                 14               9601         4.1000E+00
              6                 15              11286         5.0500E+00
              6                 16              11990         6.1000E+00
              6                 17              12523         7.2500E+00
              6                 18              10500         8.5000E+00
              6                 19               6273         9.8500E+00
              6                 20               3219         1.1300E+01
              6                 21               1133         1.2850E+01
              6                 22                373         1.4500E+01
              6                 23                113         1.6250E+01
              6                 24                 21         1.8100E+01
              7                  7                  4         4.0000E-01
              7                  8                 11         6.5000E-01
              7                  9                 91         1.0000E+00
              7                 10                252         1.4500E+00
              7                 11               1170         2.0000E+00
              7                 12               3258         2.6500E+00
              7                 13               6267         3.4000E+00
              7                 14               9213         4.2500E+00
              7                 15              11585         5.2000E+00
              7                 16              13330         6.2500E+00
              7                 17              14252         7.4000E+00
              7                 18              13204         8.6500E+00
              7                 19               7658         1.0000E+01
              7                 20               3726         1.1450E+01
              7                 21               1515         1.3000E+01
              7                 22                472         1.4650E+01
              7                 23                173         1.6400E+01
              7                 24                 34         1.8250E+01
              7                 25                  5         2.0200E+01
              8                  7                  1         6.5000E-01
              8                  8                 42         9.0000E-01
              8                  9                 57         1.2500E+00
              8                 10                219         1.7000E+00
              8                 11                777         2.2500E+00
              8                 12               2182         2.9000E+00
              8                 13               4528         3.6500E+00
              8                 14               6532         4.5000E+00
              8                 15               9172         5.4500E+00
              8                 16              11930         6.5000E+00
              8                 17              13216         7.6500E+00
              8                 18              11671         8.9000E+00
              8                 19               6656         1.0250E+01
              8                 20               3145         1.1700E+01
              8                 21               1227         1.3250E+01
              8                 22                363         1.4900E+01
              8                 23                 94         1.6650E+01
              8                 24                 12         1.8500E+01
              9                  7                  6         1.0000E+00
              9                  8                 28         1.2500E+00
              9                  9                 41         1.6000E+00
              9                 10                 80         2.0500E+00
              9                 11                467         2.6000E+00
              9                 12               1303         3.2500E+00
              9                 13               2738         4.0000E+00
              9                 14               4474         4.8500E+00
              9                 15               6355         5.8000E+00
              9                 16               8292         6.8500E+00
              9                 17              10026         8.0000E+00
              9                 18               8360         9.2500E+00
              9                 19               4872         1.0600E+01
              9                 20               2335         1.2050E+01
              9                 21                801         1.3600E+01
              9                 22                264         1.5250E+01
              9                 23                 43         1.7000E+01
              9                 24                 22         1.8850E+01
              9                 25                  2         2.0800E+01
             10                  8                  8         1.7000E+00
             10                  9                 11         2.0500E+00
             10                 10                108         2.5000E+00
             10                 11                557         3.0500E+00
             10                 12               1659         3.7000E+00
             10                 13               3193         4.4500E+00
             10                 14               5124         5.3000E+00
             10                 15               6804         6.2500E+00
             10                 16               8175         7.3000E+00
             10                 17               8387         8.4500E+00
             10                 18               6718         9.7000E+00
             10                 19               3644         1.1050E+01
             10                 20               1777         1.2500E+01
             10                 21                551         1.4050E+01
             10                 22                124         1.5700E+01
             10                 23                 39         1.7450E+01
             10                 24                  6         1.9300E+01
             10                 25                  1         2.1250E+01
             11                  8                  2         2.2500E+00
             11                  9                 78         2.6000E+00
             11                 10                420         3.0500E+00
             11                 11               1545         3.6000E+00
             11                 12               4260         4.2500E+00
             11                 13               7727         5.0000E+00
             11                 14              11271         5.8500E+00
             11                 15              12294         6.8000E+00
             11                 16              13004         7.8500E+00
             11                 17              12322         9.0000E+00
             11                 18               8880         1.0250E+01
             11                 19               5260         1.1600E+01
             11                 20               2536         1.3050E+01
             11                 21                729         1.4600E+01
             11                 22                152         1.6250E+01
             11                 23                 45         1.8000E+01
             11                 24                  4         1.9850E+01
             12                  8                 11         2.9000E+00
             12                  9                215         3.2500E+00
             12                 10                782         3.7000E+00
             12                 11               2933         4.2500E+00
             12                 12               7840         4.9000E+00
             12                 13              14542         5.6500E+00
             12                 14              20100         6.5000E+00
             12                 15              20390         7.4500E+00
             12                 16              20245         8.5000E+00
             12                 17              16693         9.6500E+00
             12                 18              11274         1.0900E+01
             12                 19               6566         1.2250E+01
             12                 20               3027         1.3700E+01
             12                 21               1059         1.5250E+01
             12                 22                243         1.6900E+01
             12                 23                 57         1.8650E+01
             13                  8                 19         3.6500E+00
             13                  9                335         4.0000E+00
             13                 10               1251         4.4500E+00
             13                 11               4243         5.0000E+00
             13                 12               9633         5.6500E+00
             13                 13              17232         6.4000E+00
             13                 14              24297         7.2500E+00
             13                 15              26645         8.2000E+00
             13                 16              23107         9.2500E+00
             13                 17              17866         1.0400E+01
             13                 18              11528         1.1650E+01
             13                 19               6243         1.3000E+01
             13                 20               2795         1.4450E+01
             13                 21                996         1.6000E+01
             13                 22                262         1.7650E+01
             13                 23                 94         1.9400E+01
             13                 24                 11         2.1250E+01
             14                  8                 18         4.5000E+00
             14                  9                164         4.8500E+00
             14                 10               1238         5.3000E+00
             14                 11               3642         5.8500E+00
             14                 12               7712         6.5000E+00
             14                 13              13883         7.2500E+00
             14                 14              20214         8.1000E+00
             14                 15              22567         9.0500E+00
             14                 16              18559         1.0100E+01
             14                 17              13473         1.1250E+01
             14                 18               7254         1.2500E+01
             14                 19               3631         1.3850E+01
             14                 20               1744         1.5300E+01
             14                 21                738         1.6850E+01
             14                 22                175         1.8500E+01
             14                 23                 32         2.0250E+01
             14                 24                  5         2.2100E+01
             15                  8                 10         5.4500E+00
             15                  9                 67         5.8000E+00
             15                 10                483         6.2500E+00
             15                 11               1849         6.8000E+00
             15                 12               4585         7.4500E+00
             15                 13               8140         8.2000E+00
             15                 14              12245         9.0500E+00
             15                 15              13926         1.0000E+01
             15                 16              11256         1.1050E+01
             15                 17               7126         1.2200E+01
             15                 18               4013         1.3450E+01
             15                 19               1926         1.4800E+01
             15                 20                897         1.6250E+01
             15                 21                280         1.7800E+01
             15                 22                 72         1.9450E+01
             15                 23                  9         2.1200E+01
             15                 24                  2         2.3050E+01
             16                  8                  4         6.5000E+00
             16                  9                 22         6.8500E+00
             16                 10                193         7.3000E+00
             16                 11                813         7.8500E+00
             16                 12               1736         8.5000E+00
             16                 13               3499         9.2500E+00
             16                 14               5404         1.0100E+01
             16                 15               6129         1.1050E+01
             16                 16               5294         1.2100E+01
             16                 17               2980         1.3250E+01
             16                 18               1611         1.4500E+01
             16                 19                793         1.5850E+01
             16                 20                312         1.7300E+01
             16                 21                119         1.8850E+01
             16                 22                 16         2.0500E+01
             17                  9                  2         8.0000E+00
             17                 10                 31         8.4500E+00
             17                 11                209         9.0000E+00
             17                 12                507         9.6500E+00
             17                 13               1196         1.0400E+01
             17                 14               1783         1.1250E+01
             17                 15               1945         1.2200E+01
             17                 16               1732         1.3250E+01
             17                 17                995         1.4400E+01
             17                 18                472         1.5650E+01
             17                 19                177         1.7000E+01
             17                 20                131         1.8450E+01
             17                 21                 39         2.0000E+01
             17                 22                  2         2.1650E+01
             18                 10                 13         9.7000E+00
             18                 11                 51         1.0250E+01
             18                 12                118         1.0900E+01
             18                 13                260         1.1650E+01
             18                 14                417         1.2500E+01
             18                 15                525         1.3450E+01
             18                 16                455         1.4500E+01
             18                 17                230         1.5650E+01
             18                 18                108         1.6900E+01
             18                 19                 31         1.8250E+01
             18                 20                 25         1.9700E+01
             18                 22                  1         2.2900E+01
             19                 11                  4         1.1600E+01
             19                 12                 16         1.2250E+01
             19                 13                 61         1.3000E+01
             19                 14                 63         1.3850E+01
             19                 15                 58         1.4800E+01
             19                 16                 62         1.5850E+01
             19                 17                 34         1.7000E+01
             19                 18                  8         1.8250E+01
             19                 19                  1         1.9600E+01
             19                 20                  1         2.1050E+01
             20                 13                  2         1.4450E+01
             20                 14                  1         1.5300E+01
             20                 15                  2         1.6250E+01
             20                 16                  4         1.7300E+01
