  #Crystal Size      Water Content              Count               Bias
             12                  3                  3         1.6650E+01
             12                  4                  6         1.8500E+01
             12                  5                  2         2.0450E+01
             13                  1                  1         1.3000E+01
             13                  2                  3         1.4650E+01
             13                  3                 25         1.6400E+01
             13                  4                 49         1.8250E+01
             13                  5                  9         2.0200E+01
             13                  6                  8         2.2250E+01
             13                  7                  2         2.4400E+01
             14                  0                 11         1.1300E+01
             14                  1                 26         1.2850E+01
             14                  2                 65         1.4500E+01
             14                  3                178         1.6250E+01
             14                  4                223         1.8100E+01
             14                  5                 57         2.0050E+01
             14                  6                 63         2.2100E+01
             14                  7                 34         2.4250E+01
             14                  8                  3         2.6500E+01
             14                 10                  3         3.1300E+01
             15                  0                 43         1.1250E+01
             15                  1                197         1.2800E+01
             15                  2                564         1.4450E+01
             15                  3                964         1.6200E+01
             15                  4                808         1.8050E+01
             15                  5                540         2.0000E+01
             15                  6                248         2.2050E+01
             15                  7                 73         2.4200E+01
             15                  8                 23         2.6450E+01
             15                  9                 13         2.8800E+01
             15                 10                 15         3.1250E+01
             15                 11                  3         3.3800E+01
             16                  0                276         1.1300E+01
             16                  1                926         1.2850E+01
             16                  2               2348         1.4500E+01
             16                  3               3695         1.6250E+01
             16                  4               3555         1.8100E+01
             16                  5               2528         2.0050E+01
             16                  6               1099         2.2100E+01
             16                  7                292         2.4250E+01
             16                  8                114         2.6500E+01
             16                  9                 30         2.8850E+01
             16                 10                 19         3.1300E+01
             16                 11                  8         3.3850E+01
             16                 12                  8         3.6500E+01
             17                  0                728         1.1450E+01
             17                  1               2904         1.3000E+01
             17                  2               7146         1.4650E+01
             17                  3              10751         1.6400E+01
             17                  4              10958         1.8250E+01
             17                  5               6792         2.0200E+01
             17                  6               3052         2.2250E+01
             17                  7               1232         2.4400E+01
             17                  8                301         2.6650E+01
             17                  9                 38         2.9000E+01
             17                 10                 22         3.1450E+01
             17                 11                  1         3.4000E+01
             17                 12                  9         3.6650E+01
             18                  0               1460         1.1700E+01
             18                  1               5696         1.3250E+01
             18                  2              15348         1.4900E+01
             18                  3              23393         1.6650E+01
             18                  4              23313         1.8500E+01
             18                  5              15194         2.0450E+01
             18                  6               6480         2.2500E+01
             18                  7               2179         2.4650E+01
             18                  8                444         2.6900E+01
             18                  9                 68         2.9250E+01
             18                 10                 19         3.1700E+01
             18                 11                 12         3.4250E+01
             19                  0               2114         1.2050E+01
             19                  1               8797         1.3600E+01
             19                  2              22282         1.5250E+01
             19                  3              35027         1.7000E+01
             19                  4              35940         1.8850E+01
             19                  5              24128         2.0800E+01
             19                  6              11399         2.2850E+01
             19                  7               3450         2.5000E+01
             19                  8                772         2.7250E+01
             19                  9                172         2.9600E+01
             19                 10                 10         3.2050E+01
             20                  0               2432         1.2500E+01
             20                  1              10225         1.4050E+01
             20                  2              26417         1.5700E+01
             20                  3              43174         1.7450E+01
             20                  4              45990         1.9300E+01
             20                  5              31342         2.1250E+01
             20                  6              14282         2.3300E+01
             20                  7               4170         2.5450E+01
             20                  8                966         2.7700E+01
             20                  9                207         3.0050E+01
             20                 10                 16         3.2500E+01
             21                  0               2521         1.3050E+01
             21                  1              10086         1.4600E+01
             21                  2              27130         1.6250E+01
             21                  3              46662         1.8000E+01
             21                  4              49514         1.9850E+01
             21                  5              32139         2.1800E+01
             21                  6              14462         2.3850E+01
             21                  7               4394         2.6000E+01
             21                  8               1288         2.8250E+01
             21                  9                259         3.0600E+01
             21                 10                 34         3.3050E+01
             22                  0               1802         1.3700E+01
             22                  1               8017         1.5250E+01
             22                  2              23916         1.6900E+01
             22                  3              40593         1.8650E+01
             22                  4              40517         2.0500E+01
             22                  5              25697         2.2450E+01
             22                  6              11438         2.4500E+01
             22                  7               3521         2.6650E+01
             22                  8                802         2.8900E+01
             22                  9                198         3.1250E+01
             22                 10                 32         3.3700E+01
             22                 11                  2         3.6250E+01
             23                  0               1111         1.4450E+01
             23                  1               5458         1.6000E+01
             23                  2              16009         1.7650E+01
             23                  3              26534         1.9400E+01
             23                  4              25282         2.1250E+01
             23                  5              15769         2.3200E+01
             23                  6               6435         2.5250E+01
             23                  7               1988         2.7400E+01
             23                  8                607         2.9650E+01
             23                  9                120         3.2000E+01
             23                 10                 23         3.4450E+01
             23                 11                  4         3.7000E+01
             24                  0                596         1.5300E+01
             24                  1               2867         1.6850E+01
             24                  2               8197         1.8500E+01
             24                  3              13160         2.0250E+01
             24                  4              12581         2.2100E+01
             24                  5               7815         2.4050E+01
             24                  6               3127         2.6100E+01
             24                  7                891         2.8250E+01
             24                  8                277         3.0500E+01
             24                  9                129         3.2850E+01
             24                 10                 20         3.5300E+01
             25                  0                219         1.6250E+01
             25                  1               1193         1.7800E+01
             25                  2               2975         1.9450E+01
             25                  3               5328         2.1200E+01
             25                  4               4564         2.3050E+01
             25                  5               3002         2.5000E+01
             25                  6               1120         2.7050E+01
             25                  7                316         2.9200E+01
             25                  8                 41         3.1450E+01
             25                  9                 33         3.3800E+01
             25                 10                  5         3.6250E+01
             26                  0                 42         1.7300E+01
             26                  1                358         1.8850E+01
             26                  2                911         2.0500E+01
             26                  3               1484         2.2250E+01
             26                  4               1494         2.4100E+01
             26                  5                901         2.6050E+01
             26                  6                327         2.8100E+01
             26                  7                 57         3.0250E+01
             26                  8                  4         3.2500E+01
             26                  9                 11         3.4850E+01
             26                 10                  1         3.7300E+01
             27                  0                  3         1.8450E+01
             27                  1                109         2.0000E+01
             27                  2                192         2.1650E+01
             27                  3                366         2.3400E+01
             27                  4                345         2.5250E+01
             27                  5                217         2.7200E+01
             27                  6                 69         2.9250E+01
             27                  7                 16         3.1400E+01
             27                  8                  1         3.3650E+01
             28                  1                  9         2.1250E+01
             28                  2                 41         2.2900E+01
             28                  3                 72         2.4650E+01
             28                  4                 50         2.6500E+01
             28                  5                 42         2.8450E+01
             28                  6                 18         3.0500E+01
             28                  7                  5         3.2650E+01
             29                  2                  7         2.4250E+01
             29                  3                  1         2.6000E+01
             29                  4                  3         2.7850E+01
             29                  5                  8         2.9800E+01
             29                  6                  3         3.1850E+01
             30                  4                  1         2.9300E+01
