  #Crystal Size      Water Content              Count               Bias
              0                -12                107         2.0000E-01
              0                -11               1174         5.0000E-02
              0                -10               7140         0.0000E+00
              0                 -9              26448         5.0000E-02
              0                 -8              62687         2.0000E-01
              0                 -7             110375         4.5000E-01
              0                 -6             157109         8.0000E-01
              0                 -5             176605         1.2500E+00
              0                 -4             157966         1.8000E+00
              0                 -3             112916         2.4500E+00
              0                 -2              61386         3.2000E+00
              0                 -1              26141         4.0500E+00
              0                  0              18541         5.0000E+00
              0                  1               3603         6.0500E+00
              0                  2                760         7.2000E+00
              0                  3                105         8.4500E+00
              0                  4                  2         9.8000E+00
              1                -12                  3         2.5000E-01
              1                -11                 85         1.0000E-01
              1                -10                351         5.0000E-02
              1                 -9               1313         1.0000E-01
              1                 -8               2791         2.5000E-01
              1                 -7               5499         5.0000E-01
              1                 -6               8622         8.5000E-01
              1                 -5              10432         1.3000E+00
              1                 -4              10907         1.8500E+00
              1                 -3               8768         2.5000E+00
              1                 -2               6353         3.2500E+00
              1                 -1               4216         4.1000E+00
              1                  0               3505         5.0500E+00
              1                  1                582         6.1000E+00
              1                  2                109         7.2500E+00
              1                  3                 15         8.5000E+00
              2                 -8                114         4.0000E-01
              2                 -7                446         6.5000E-01
              2                 -6               1166         1.0000E+00
              2                 -5               2032         1.4500E+00
              2                 -4               2175         2.0000E+00
              2                 -3               1781         2.6500E+00
              2                 -2               1208         3.4000E+00
              2                 -1                853         4.2500E+00
              2                  0                597         5.2000E+00
              2                  1                 74         6.2500E+00
              2                  2                  7         7.4000E+00
              3                 -9                  3         5.0000E-01
              3                 -8                 21         6.5000E-01
              3                 -7                 91         9.0000E-01
              3                 -6                241         1.2500E+00
              3                 -5                383         1.7000E+00
              3                 -4                473         2.2500E+00
              3                 -3                416         2.9000E+00
              3                 -2                307         3.6500E+00
              3                 -1                200         4.5000E+00
              3                  0                215         5.4500E+00
              3                  1                 21         6.5000E+00
              3                  2                  4         7.6500E+00
              4                 -7                 11         1.2500E+00
              4                 -6                 47         1.6000E+00
              4                 -5                149         2.0500E+00
              4                 -4                112         2.6000E+00
              4                 -3                102         3.2500E+00
              4                 -2                 62         4.0000E+00
              4                 -1                 26         4.8500E+00
              4                  0                  6         5.8000E+00
              5                 -6                  9         2.0500E+00
              5                 -5                 19         2.5000E+00
              5                 -4                  8         3.0500E+00
              5                 -3                  3         3.7000E+00
              5                 -2                  1         4.4500E+00
              5                 -1                  1         5.3000E+00
