  #Crystal Size      Water Content              Count               Bias
              0                -15                  1         1.2500E+00
              0                -14                127         1.3000E+00
              0                -13               1054         1.4500E+00
              0                -12               4019         1.7000E+00
              0                -11              13451         2.0500E+00
              0                -10              36169         2.5000E+00
              0                 -9              69497         3.0500E+00
              0                 -8             101139         3.7000E+00
              0                 -7             121749         4.4500E+00
              0                 -6             122231         5.3000E+00
              0                 -5             100456         6.2500E+00
              0                 -4              67313         7.3000E+00
              0                 -3              35698         8.4500E+00
              0                 -2              17392         9.7000E+00
              0                 -1               9237         1.1050E+01
              0                  0              19513         1.2500E+01
              0                  1               6795         1.4050E+01
              0                  2               2216         1.5700E+01
              0                  3                538         1.7450E+01
              0                  4                113         1.9300E+01
              0                  5                 31         2.1250E+01
              1                -14                 56         8.5000E-01
              1                -13                 91         1.0000E+00
              1                -12                331         1.2500E+00
              1                -11                808         1.6000E+00
              1                -10               2592         2.0500E+00
              1                 -9               4988         2.6000E+00
              1                 -8               6972         3.2500E+00
              1                 -7              10240         4.0000E+00
              1                 -6              13878         4.8500E+00
              1                 -5              14936         5.8000E+00
              1                 -4              11937         6.8500E+00
              1                 -3               9354         8.0000E+00
              1                 -2               7604         9.2500E+00
              1                 -1               7637         1.0600E+01
              1                  0              31591         1.2050E+01
              1                  1              13381         1.3600E+01
              1                  2               5074         1.5250E+01
              1                  3               1563         1.7000E+01
              1                  4                282         1.8850E+01
              1                  5                 36         2.0800E+01
              1                  6                  1         2.2850E+01
              2                -11                  2         1.2500E+00
              2                -10                 23         1.7000E+00
              2                 -9                 30         2.2500E+00
              2                 -8                151         2.9000E+00
              2                 -7                693         3.6500E+00
              2                 -6               1307         4.5000E+00
              2                 -5               1770         5.4500E+00
              2                 -4               2227         6.5000E+00
              2                 -3               2344         7.6500E+00
              2                 -2               3322         8.9000E+00
              2                 -1               4038         1.0250E+01
              2                  0              17681         1.1700E+01
              2                  1               8476         1.3250E+01
              2                  2               3847         1.4900E+01
              2                  3               1026         1.6650E+01
              2                  4                430         1.8500E+01
              2                  5                 52         2.0450E+01
              2                  6                  1         2.2500E+01
              3                -12                  4         6.5000E-01
              3                -11                  1         1.0000E+00
              3                -10                 11         1.4500E+00
              3                 -9                 11         2.0000E+00
              3                 -8                 77         2.6500E+00
              3                 -7                185         3.4000E+00
              3                 -6                495         4.2500E+00
              3                 -5               1199         5.2000E+00
              3                 -4               1796         6.2500E+00
              3                 -3               1507         7.4000E+00
              3                 -2               2241         8.6500E+00
              3                 -1               3472         1.0000E+01
              3                  0              17914         1.1450E+01
              3                  1               8980         1.3000E+01
              3                  2               3300         1.4650E+01
              3                  3                914         1.6400E+01
              3                  4                212         1.8250E+01
              3                  5                 31         2.0200E+01
              3                  6                  5         2.2250E+01
              4                -11                  3         8.5000E-01
              4                -10                  3         1.3000E+00
              4                 -9                 18         1.8500E+00
              4                 -8                  8         2.5000E+00
              4                 -7                159         3.2500E+00
              4                 -6                294         4.1000E+00
              4                 -5                471         5.0500E+00
              4                 -4                398         6.1000E+00
              4                 -3                615         7.2500E+00
              4                 -2               1338         8.5000E+00
              4                 -1               2073         9.8500E+00
              4                  0              10446         1.1300E+01
              4                  1               5066         1.2850E+01
              4                  2               2129         1.4500E+01
              4                  3                572         1.6250E+01
              4                  4                101         1.8100E+01
              4                  5                 10         2.0050E+01
              4                  6                  4         2.2100E+01
              5                 -9                  3         1.8000E+00
              5                 -7                 59         3.2000E+00
              5                 -6                 54         4.0500E+00
              5                 -5                110         5.0000E+00
              5                 -4                176         6.0500E+00
              5                 -3                182         7.2000E+00
              5                 -2                343         8.4500E+00
              5                 -1                958         9.8000E+00
              5                  0               6530         1.1250E+01
              5                  1               3280         1.2800E+01
              5                  2               1486         1.4450E+01
              5                  3                399         1.6200E+01
              5                  4                 36         1.8050E+01
              5                  6                  6         2.2050E+01
              6                 -6                  1         4.1000E+00
              6                 -5                 54         5.0500E+00
              6                 -4                 71         6.1000E+00
              6                 -3                  3         7.2500E+00
              6                 -2                  8         8.5000E+00
              6                 -1                 47         9.8500E+00
              6                  0                362         1.1300E+01
              6                  1                183         1.2850E+01
              6                  2                 60         1.4500E+01
              7                 -1                  3         1.0000E+01
              7                  0                 12         1.1450E+01
