  #Crystal Size      Water Content              Count               Bias
              0                 -6                  4         1.8000E+00
              0                 -5                 65         1.2500E+00
              0                 -4                308         8.0000E-01
              0                 -3               1532         4.5000E-01
              0                 -2               5219         2.0000E-01
              0                 -1              12422         5.0000E-02
              0                  0              45520         0.0000E+00
              0                  1              35420         5.0000E-02
              0                  2              44312         2.0000E-01
              0                  3              55617         4.5000E-01
              0                  4              69135         8.0000E-01
              0                  5              84667         1.2500E+00
              0                  6              95683         1.8000E+00
              0                  7              90513         2.4500E+00
              0                  8              68840         3.2000E+00
              0                  9              42423         4.0500E+00
              0                 10              20140         5.0000E+00
              0                 11               7111         6.0500E+00
              0                 12               2444         7.2000E+00
              0                 13                519         8.4500E+00
              0                 14                 95         9.8000E+00
              0                 15                  8         1.1250E+01
              0                 16                  2         1.2800E+01
              1                 -3                  8         5.0000E-01
              1                 -2                 54         2.5000E-01
              1                 -1                 54         1.0000E-01
              1                  0                302         5.0000E-02
              1                  1                763         1.0000E-01
              1                  2               2774         2.5000E-01
              1                  3               9200         5.0000E-01
              1                  4              20182         8.5000E-01
              1                  5              33855         1.3000E+00
              1                  6              44221         1.8500E+00
              1                  7              41489         2.5000E+00
              1                  8              33989         3.2500E+00
              1                  9              23770         4.1000E+00
              1                 10              14364         5.0500E+00
              1                 11               7112         6.1000E+00
              1                 12               2075         7.2500E+00
              1                 13                507         8.5000E+00
              1                 14                 72         9.8500E+00
              1                 15                  5         1.1300E+01
              2                  0                 35         2.0000E-01
              2                  1                245         2.5000E-01
              2                  2               1102         4.0000E-01
              2                  3               3216         6.5000E-01
              2                  4               6185         1.0000E+00
              2                  5               8990         1.4500E+00
              2                  6              10012         2.0000E+00
              2                  7               9656         2.6500E+00
              2                  8               7114         3.4000E+00
              2                  9               4739         4.2500E+00
              2                 10               3050         5.2000E+00
              2                 11               1369         6.2500E+00
              2                 12                675         7.4000E+00
              2                 13                184         8.6500E+00
              2                 14                 33         1.0000E+01
              2                 15                  4         1.1450E+01
              3                  0                  1         4.5000E-01
              3                  1                 54         5.0000E-01
              3                  2                332         6.5000E-01
              3                  3               1158         9.0000E-01
              3                  4               2062         1.2500E+00
              3                  5               3447         1.7000E+00
              3                  6               4134         2.2500E+00
              3                  7               3896         2.9000E+00
              3                  8               2887         3.6500E+00
              3                  9               2025         4.5000E+00
              3                 10                883         5.4500E+00
              3                 11                500         6.5000E+00
              3                 12                 84         7.6500E+00
              3                 13                 24         8.9000E+00
              3                 14                  1         1.0250E+01
              4                  1                 13         8.5000E-01
              4                  2                 98         1.0000E+00
              4                  3                413         1.2500E+00
              4                  4                601         1.6000E+00
              4                  5                887         2.0500E+00
              4                  6                994         2.6000E+00
              4                  7                855         3.2500E+00
              4                  8                381         4.0000E+00
              4                  9                192         4.8500E+00
              4                 10                211         5.8000E+00
              4                 11                171         6.8500E+00
              4                 12                 61         8.0000E+00
              4                 13                 14         9.2500E+00
              5                  2                  4         1.4500E+00
              5                  3                 23         1.7000E+00
              5                  4                 19         2.0500E+00
              5                  5                 34         2.5000E+00
              5                  6                 26         3.0500E+00
              5                  7                 34         3.7000E+00
              5                  8                 29         4.4500E+00
              5                  9                  9         5.3000E+00
              6                  5                  6         3.0500E+00
              6                  6                 13         3.6000E+00
              6                  7                 20         4.2500E+00
