  #Crystal Size      Water Content              Count               Bias
              0                 -9                106         8.0000E-01
              0                 -8                849         4.5000E-01
              0                 -7               4114         2.0000E-01
              0                 -6              14025         5.0000E-02
              0                 -5              33179         0.0000E+00
              0                 -4              61768         5.0000E-02
              0                 -3              95268         2.0000E-01
              0                 -2             119712         4.5000E-01
              0                 -1             123574         8.0000E-01
              0                  0             237898         1.2500E+00
              0                  1              99956         1.8000E+00
              0                  2              64839         2.4500E+00
              0                  3              36415         3.2000E+00
              0                  4              20066         4.0500E+00
              0                  5               9371         5.0000E+00
              0                  6               3882         6.0500E+00
              0                  7               1330         7.2000E+00
              0                  8                391         8.4500E+00
              0                  9                 80         9.8000E+00
              0                 10                 28         1.1250E+01
              0                 11                  4         1.2800E+01
              1                 -9                  2         8.5000E-01
              1                 -8                 24         5.0000E-01
              1                 -7                102         2.5000E-01
              1                 -6                642         1.0000E-01
              1                 -5               1536         5.0000E-02
              1                 -4               3747         1.0000E-01
              1                 -3               6218         2.5000E-01
              1                 -2               7823         5.0000E-01
              1                 -1               8518         8.5000E-01
              1                  0              18714         1.3000E+00
              1                  1               8398         1.8500E+00
              1                  2               5624         2.5000E+00
              1                  3               3166         3.2500E+00
              1                  4               1629         4.1000E+00
              1                  5                573         5.0500E+00
              1                  6                106         6.1000E+00
              1                  7                 21         7.2500E+00
              1                  8                 20         8.5000E+00
              2                 -6                 10         2.5000E-01
              2                 -5                108         2.0000E-01
              2                 -4                238         2.5000E-01
              2                 -3                322         4.0000E-01
              2                 -2                439         6.5000E-01
              2                 -1                542         1.0000E+00
              2                  0               1375         1.4500E+00
              2                  1                532         2.0000E+00
              2                  2                354         2.6500E+00
              2                  3                187         3.4000E+00
              2                  4                 96         4.2500E+00
              2                  5                 26         5.2000E+00
              2                  6                 11         6.2500E+00
              3                 -6                  7         5.0000E-01
              3                 -5                 15         4.5000E-01
              3                 -4                 38         5.0000E-01
              3                 -3                 78         6.5000E-01
              3                 -2                196         9.0000E-01
              3                 -1                288         1.2500E+00
              3                  0                696         1.7000E+00
              3                  1                179         2.2500E+00
              3                  2                121         2.9000E+00
              3                  3                 95         3.6500E+00
              3                  4                 28         4.5000E+00
              3                  5                 48         5.4500E+00
              3                  6                  9         6.5000E+00
              4                 -2                 20         1.2500E+00
              4                 -1                 40         1.6000E+00
              4                  0                 59         2.0500E+00
              4                  1                 53         2.6000E+00
              4                  2                 28         3.2500E+00
              4                  3                 23         4.0000E+00
              4                  4                  8         4.8500E+00
              5                  0                  2         2.5000E+00
              5                  1                  5         3.0500E+00
              5                  2                  4         3.7000E+00
              5                  3                  2         4.4500E+00
