  #Crystal Size      Water Content              Count               Bias
             40                  4                  1         9.0500E+00
             40                  5                  1         1.0000E+01
             41                  1                  2         5.8500E+00
             41                  2                  6         6.5000E+00
             41                  3                  6         7.2500E+00
             41                  4                  7         8.1000E+00
             41                  5                 11         9.0500E+00
             41                  6                  9         1.0100E+01
             41                  7                  2         1.1250E+01
             41                  8                  1         1.2500E+01
             42                  0                  7         4.4500E+00
             42                  1                 22         5.0000E+00
             42                  2                 51         5.6500E+00
             42                  3                 75         6.4000E+00
             42                  4                 72         7.2500E+00
             42                  5                116         8.2000E+00
             42                  6                 79         9.2500E+00
             42                  7                 67         1.0400E+01
             42                  8                 17         1.1650E+01
             42                  9                  8         1.3000E+01
             43                  0                 36         3.7000E+00
             43                  1                106         4.2500E+00
             43                  2                244         4.9000E+00
             43                  3                399         5.6500E+00
             43                  4                493         6.5000E+00
             43                  5                629         7.4500E+00
             43                  6                625         8.5000E+00
             43                  7                406         9.6500E+00
             43                  8                245         1.0900E+01
             43                  9                 70         1.2250E+01
             43                 10                 11         1.3700E+01
             44                 -1                  7         2.6000E+00
             44                  0                296         3.0500E+00
             44                  1                492         3.6000E+00
             44                  2                915         4.2500E+00
             44                  3               1646         5.0000E+00
             44                  4               2344         5.8500E+00
             44                  5               2669         6.8000E+00
             44                  6               2573         7.8500E+00
             44                  7               1678         9.0000E+00
             44                  8                981         1.0250E+01
             44                  9                328         1.1600E+01
             44                 10                 66         1.3050E+01
             44                 11                 21         1.4600E+01
             44                 12                  1         1.6250E+01
             45                 -2                  1         1.7000E+00
             45                 -1                 47         2.0500E+00
             45                  0               1175         2.5000E+00
             45                  1               2014         3.0500E+00
             45                  2               3222         3.7000E+00
             45                  3               5087         4.4500E+00
             45                  4               7386         5.3000E+00
             45                  5               8011         6.2500E+00
             45                  6               6977         7.3000E+00
             45                  7               4287         8.4500E+00
             45                  8               2578         9.7000E+00
             45                  9                983         1.1050E+01
             45                 10                278         1.2500E+01
             45                 11                 47         1.4050E+01
             45                 12                 11         1.5700E+01
             46                 -3                  8         1.0000E+00
             46                 -2                 24         1.2500E+00
             46                 -1                134         1.6000E+00
             46                  0               3504         2.0500E+00
             46                  1               5599         2.6000E+00
             46                  2               9201         3.2500E+00
             46                  3              13304         4.0000E+00
             46                  4              17434         4.8500E+00
             46                  5              17938         5.8000E+00
             46                  6              14585         6.8500E+00
             46                  7               9293         8.0000E+00
             46                  8               5041         9.2500E+00
             46                  9               2197         1.0600E+01
             46                 10                571         1.2050E+01
             46                 11                113         1.3600E+01
             46                 12                 12         1.5250E+01
             47                 -4                  3         5.0000E-01
             47                 -3                 28         6.5000E-01
             47                 -2                 92         9.0000E-01
             47                 -1                517         1.2500E+00
             47                  0               8574         1.7000E+00
             47                  1              12176         2.2500E+00
             47                  2              18720         2.9000E+00
             47                  3              24668         3.6500E+00
             47                  4              30565         4.5000E+00
             47                  5              31153         5.4500E+00
             47                  6              24889         6.5000E+00
             47                  7              14843         7.6500E+00
             47                  8               8064         8.9000E+00
             47                  9               3330         1.0250E+01
             47                 10               1059         1.1700E+01
             47                 11                234         1.3250E+01
             47                 12                 60         1.4900E+01
             47                 13                  1         1.6650E+01
             48                 -3                 15         4.0000E-01
             48                 -2                153         6.5000E-01
             48                 -1                845         1.0000E+00
             48                  0              13942         1.4500E+00
             48                  1              18681         2.0000E+00
             48                  2              28326         2.6500E+00
             48                  3              34609         3.4000E+00
             48                  4              39241         4.2500E+00
             48                  5              37870         5.2000E+00
             48                  6              29389         6.2500E+00
             48                  7              18035         7.4000E+00
             48                  8               9438         8.6500E+00
             48                  9               3809         1.0000E+01
             48                 10               1062         1.1450E+01
             48                 11                234         1.3000E+01
             48                 12                 45         1.4650E+01
             48                 13                  2         1.6400E+01
             49                 -3                 10         2.5000E-01
             49                 -2                160         5.0000E-01
             49                 -1               1060         8.5000E-01
             49                  0              14551         1.3000E+00
             49                  1              20426         1.8500E+00
             49                  2              28593         2.5000E+00
             49                  3              33907         3.2500E+00
             49                  4              36849         4.1000E+00
             49                  5              33935         5.0500E+00
             49                  6              24824         6.1000E+00
             49                  7              15371         7.2500E+00
             49                  8               8010         8.5000E+00
             49                  9               3188         9.8500E+00
             49                 10                774         1.1300E+01
             49                 11                217         1.2850E+01
             49                 12                 88         1.4500E+01
             49                 13                 15         1.6250E+01
             50                 -3                  5         2.0000E-01
             50                 -2                112         4.5000E-01
             50                 -1                841         8.0000E-01
             50                  0              10978         1.2500E+00
             50                  1              14585         1.8000E+00
             50                  2              19631         2.4500E+00
             50                  3              21782         3.2000E+00
             50                  4              22231         4.0500E+00
             50                  5              20547         5.0000E+00
             50                  6              15323         6.0500E+00
             50                  7               8534         7.2000E+00
             50                  8               4345         8.4500E+00
             50                  9               1657         9.8000E+00
             50                 10                588         1.1250E+01
             50                 11                219         1.2800E+01
             50                 12                115         1.4450E+01
             50                 13                  6         1.6200E+01
             51                 -3                  3         2.5000E-01
             51                 -2                 96         5.0000E-01
             51                 -1                337         8.5000E-01
             51                  0               4152         1.3000E+00
             51                  1               5989         1.8500E+00
             51                  2               7768         2.5000E+00
             51                  3               8240         3.2500E+00
             51                  4               8341         4.1000E+00
             51                  5               7109         5.0500E+00
             51                  6               5361         6.1000E+00
             51                  7               3039         7.2500E+00
             51                  8               1473         8.5000E+00
             51                  9                609         9.8500E+00
             51                 10                203         1.1300E+01
             51                 11                 82         1.2850E+01
             51                 12                 85         1.4500E+01
             51                 13                  4         1.6250E+01
             52                 -2                  2         6.5000E-01
             52                 -1                 41         1.0000E+00
             52                  0                699         1.4500E+00
             52                  1               1055         2.0000E+00
             52                  2               1277         2.6500E+00
             52                  3               1757         3.4000E+00
             52                  4               1683         4.2500E+00
             52                  5               1477         5.2000E+00
             52                  6                956         6.2500E+00
             52                  7                378         7.4000E+00
             52                  8                184         8.6500E+00
             52                  9                 85         1.0000E+01
             52                 10                 49         1.1450E+01
             52                 11                 36         1.3000E+01
             52                 12                 21         1.4650E+01
             53                  0                 29         1.7000E+00
             53                  1                 43         2.2500E+00
             53                  2                 46         2.9000E+00
             53                  3                 47         3.6500E+00
             53                  4                 55         4.5000E+00
             53                  5                 80         5.4500E+00
             53                  6                 40         6.5000E+00
             53                  7                 14         7.6500E+00
             53                  8                  3         8.9000E+00
