  #Crystal Size      Water Content              Count               Bias
             41                  5                  3         2.1050E+01
             41                  6                  2         2.2600E+01
             41                  7                  1         2.4250E+01
             41                  9                  2         2.7850E+01
             42                  3                  7         1.6900E+01
             42                  4                  4         1.8250E+01
             42                  5                 10         1.9700E+01
             42                  6                 12         2.1250E+01
             42                  7                 12         2.2900E+01
             42                  8                 15         2.4650E+01
             42                 10                  1         2.8450E+01
             43                  2                  5         1.4400E+01
             43                  3                 38         1.5650E+01
             43                  4                105         1.7000E+01
             43                  5                169         1.8450E+01
             43                  6                186         2.0000E+01
             43                  7                129         2.1650E+01
             43                  8                 55         2.3400E+01
             43                  9                  9         2.5250E+01
             43                 10                  4         2.7200E+01
             44                  1                  8         1.2100E+01
             44                  2                 53         1.3250E+01
             44                  3                356         1.4500E+01
             44                  4                626         1.5850E+01
             44                  5               1005         1.7300E+01
             44                  6                942         1.8850E+01
             44                  7                538         2.0500E+01
             44                  8                234         2.2250E+01
             44                  9                114         2.4100E+01
             44                 10                 10         2.6050E+01
             44                 11                  1         2.8100E+01
             45                  1                 31         1.1050E+01
             45                  2                258         1.2200E+01
             45                  3               1219         1.3450E+01
             45                  4               2834         1.4800E+01
             45                  5               4463         1.6250E+01
             45                  6               4461         1.7800E+01
             45                  7               2659         1.9450E+01
             45                  8               1003         2.1200E+01
             45                  9                304         2.3050E+01
             45                 10                 61         2.5000E+01
             45                 11                 15         2.7050E+01
             46                  0                 29         9.0500E+00
             46                  1                222         1.0100E+01
             46                  2               1223         1.1250E+01
             46                  3               4141         1.2500E+01
             46                  4               9518         1.3850E+01
             46                  5              13450         1.5300E+01
             46                  6              12931         1.6850E+01
             46                  7               8010         1.8500E+01
             46                  8               3345         2.0250E+01
             46                  9               1290         2.2100E+01
             46                 10                311         2.4050E+01
             46                 11                 41         2.6100E+01
             46                 12                 16         2.8250E+01
             47                  0                 60         8.2000E+00
             47                  1                572         9.2500E+00
             47                  2               3257         1.0400E+01
             47                  3              10500         1.1650E+01
             47                  4              21834         1.3000E+01
             47                  5              30834         1.4450E+01
             47                  6              27094         1.6000E+01
             47                  7              16767         1.7650E+01
             47                  8               7474         1.9400E+01
             47                  9               2872         2.1250E+01
             47                 10                746         2.3200E+01
             47                 11                148         2.5250E+01
             47                 12                 38         2.7400E+01
             47                 13                  1         2.9650E+01
             48                  0                145         7.4500E+00
             48                  1               1533         8.5000E+00
             48                  2               6753         9.6500E+00
             48                  3              19799         1.0900E+01
             48                  4              38610         1.2250E+01
             48                  5              47522         1.3700E+01
             48                  6              41501         1.5250E+01
             48                  7              24782         1.6900E+01
             48                  8              11502         1.8650E+01
             48                  9               4392         2.0500E+01
             48                 10               1209         2.2450E+01
             48                 11                350         2.4500E+01
             48                 12                 93         2.6650E+01
             48                 13                  1         2.8900E+01
             49                  0                309         6.8000E+00
             49                  1               2657         7.8500E+00
             49                  2              10119         9.0000E+00
             49                  3              26268         1.0250E+01
             49                  4              46702         1.1600E+01
             49                  5              54917         1.3050E+01
             49                  6              43918         1.4600E+01
             49                  7              26218         1.6250E+01
             49                  8              11457         1.8000E+01
             49                  9               3756         1.9850E+01
             49                 10               1143         2.1800E+01
             49                 11                221         2.3850E+01
             49                 12                 47         2.6000E+01
             50                  0                538         6.2500E+00
             50                  1               3043         7.3000E+00
             50                  2              11890         8.4500E+00
             50                  3              26524         9.7000E+00
             50                  4              41923         1.1050E+01
             50                  5              45526         1.2500E+01
             50                  6              34719         1.4050E+01
             50                  7              18824         1.5700E+01
             50                  8               7672         1.7450E+01
             50                  9               2667         1.9300E+01
             50                 10                501         2.1250E+01
             50                 11                213         2.3300E+01
             50                 12                 59         2.5450E+01
             50                 13                 12         2.7700E+01
             51                  0                408         5.8000E+00
             51                  1               2844         6.8500E+00
             51                  2               9655         8.0000E+00
             51                  3              17896         9.2500E+00
             51                  4              26183         1.0600E+01
             51                  5              26653         1.2050E+01
             51                  6              20038         1.3600E+01
             51                  7              10693         1.5250E+01
             51                  8               3885         1.7000E+01
             51                  9                978         1.8850E+01
             51                 10                158         2.0800E+01
             51                 11                 77         2.2850E+01
             51                 12                 28         2.5000E+01
             51                 13                  2         2.7250E+01
             52                  0                365         5.4500E+00
             52                  1               1559         6.5000E+00
             52                  2               4771         7.6500E+00
             52                  3               8623         8.9000E+00
             52                  4              11106         1.0250E+01
             52                  5              10021         1.1700E+01
             52                  6               6824         1.3250E+01
             52                  7               3382         1.4900E+01
             52                  8               1269         1.6650E+01
             52                  9                194         1.8500E+01
             52                 10                 34         2.0450E+01
             52                 11                 18         2.2500E+01
             52                 12                  6         2.4650E+01
             53                  0                108         5.2000E+00
             53                  1                571         6.2500E+00
             53                  2               1303         7.4000E+00
             53                  3               2446         8.6500E+00
             53                  4               2695         1.0000E+01
             53                  5               2353         1.1450E+01
             53                  6               1488         1.3000E+01
             53                  7                707         1.4650E+01
             53                  8                210         1.6400E+01
             53                  9                 30         1.8250E+01
             53                 10                  2         2.0200E+01
             54                  0                 23         5.0500E+00
             54                  1                 69         6.1000E+00
             54                  2                254         7.2500E+00
             54                  3                399         8.5000E+00
             54                  4                448         9.8500E+00
             54                  5                258         1.1300E+01
             54                  6                124         1.2850E+01
             54                  7                 72         1.4500E+01
             54                  8                 34         1.6250E+01
             54                  9                  9         1.8100E+01
             54                 10                  4         2.0050E+01
