  #Crystal Size      Water Content              Count               Bias
             28                 14                  2         1.8250E+01
             28                 15                  1         2.0200E+01
             28                 17                  3         2.4400E+01
             29                 13                 12         1.6250E+01
             29                 14                  6         1.8100E+01
             29                 15                  6         2.0050E+01
             29                 16                 15         2.2100E+01
             29                 17                 10         2.4250E+01
             29                 18                  8         2.6500E+01
             30                 12                 20         1.4450E+01
             30                 13                 43         1.6200E+01
             30                 14                 98         1.8050E+01
             30                 15                 91         2.0000E+01
             30                 16                 63         2.2050E+01
             30                 17                 51         2.4200E+01
             30                 18                 48         2.6450E+01
             30                 19                  5         2.8800E+01
             30                 20                  4         3.1250E+01
             31                  9                  4         9.8500E+00
             31                 10                  4         1.1300E+01
             31                 11                 41         1.2850E+01
             31                 12                129         1.4500E+01
             31                 13                289         1.6250E+01
             31                 14                572         1.8100E+01
             31                 15                635         2.0050E+01
             31                 16                495         2.2100E+01
             31                 17                379         2.4250E+01
             31                 18                216         2.6500E+01
             31                 19                 50         2.8850E+01
             31                 20                 13         3.1300E+01
             31                 21                 10         3.3850E+01
             32                  9                  2         1.0000E+01
             32                 10                 12         1.1450E+01
             32                 11                138         1.3000E+01
             32                 12                485         1.4650E+01
             32                 13               1153         1.6400E+01
             32                 14               2109         1.8250E+01
             32                 15               2912         2.0200E+01
             32                 16               2138         2.2250E+01
             32                 17               1609         2.4400E+01
             32                 18                667         2.6650E+01
             32                 19                222         2.9000E+01
             32                 20                101         3.1450E+01
             32                 21                 36         3.4000E+01
             33                  9                 11         1.0250E+01
             33                 10                 48         1.1700E+01
             33                 11                421         1.3250E+01
             33                 12               1438         1.4900E+01
             33                 13               3717         1.6650E+01
             33                 14               7632         1.8500E+01
             33                 15               9491         2.0450E+01
             33                 16               8178         2.2500E+01
             33                 17               4564         2.4650E+01
             33                 18               1935         2.6900E+01
             33                 19                631         2.9250E+01
             33                 20                185         3.1700E+01
             33                 21                 26         3.4250E+01
             34                  9                 12         1.0600E+01
             34                 10                 70         1.2050E+01
             34                 11                889         1.3600E+01
             34                 12               3354         1.5250E+01
             34                 13               9099         1.7000E+01
             34                 14              18477         1.8850E+01
             34                 15              23607         2.0800E+01
             34                 16              20287         2.2850E+01
             34                 17              11235         2.5000E+01
             34                 18               4693         2.7250E+01
             34                 19               1540         2.9600E+01
             34                 20                254         3.2050E+01
             34                 21                 17         3.4600E+01
             35                  9                 11         1.1050E+01
             35                 10                216         1.2500E+01
             35                 11               1379         1.4050E+01
             35                 12               5080         1.5700E+01
             35                 13              16423         1.7450E+01
             35                 14              33575         1.9300E+01
             35                 15              43533         2.1250E+01
             35                 16              36741         2.3300E+01
             35                 17              20601         2.5450E+01
             35                 18               8168         2.7700E+01
             35                 19               2140         3.0050E+01
             35                 20                321         3.2500E+01
             35                 21                 14         3.5050E+01
             36                  9                  2         1.1600E+01
             36                 10                163         1.3050E+01
             36                 11               1834         1.4600E+01
             36                 12               6345         1.6250E+01
             36                 13              20811         1.8000E+01
             36                 14              43166         1.9850E+01
             36                 15              56754         2.1800E+01
             36                 16              49912         2.3850E+01
             36                 17              26649         2.6000E+01
             36                 18              10973         2.8250E+01
             36                 19               2907         3.0600E+01
             36                 20                625         3.3050E+01
             36                 21                  9         3.5600E+01
             37                 10                188         1.3700E+01
             37                 11               1218         1.5250E+01
             37                 12               5512         1.6900E+01
             37                 13              19002         1.8650E+01
             37                 14              42189         2.0500E+01
             37                 15              53427         2.2450E+01
             37                 16              47124         2.4500E+01
             37                 17              26606         2.6650E+01
             37                 18              10256         2.8900E+01
             37                 19               2972         3.1250E+01
             37                 20                421         3.3700E+01
             37                 21                 37         3.6250E+01
             38                 10                 62         1.4450E+01
             38                 11                704         1.6000E+01
             38                 12               3503         1.7650E+01
             38                 13              12993         1.9400E+01
             38                 14              29941         2.1250E+01
             38                 15              38082         2.3200E+01
             38                 16              32757         2.5250E+01
             38                 17              19148         2.7400E+01
             38                 18               7427         2.9650E+01
             38                 19               1997         3.2000E+01
             38                 20                274         3.4450E+01
             38                 21                 14         3.7000E+01
             39                 10                 22         1.5300E+01
             39                 11                238         1.6850E+01
             39                 12               1462         1.8500E+01
             39                 13               6262         2.0250E+01
             39                 14              13628         2.2100E+01
             39                 15              18921         2.4050E+01
             39                 16              17986         2.6100E+01
             39                 17              10705         2.8250E+01
             39                 18               4356         3.0500E+01
             39                 19                977         3.2850E+01
             39                 20                164         3.5300E+01
             39                 21                 18         3.7850E+01
             40                 11                 58         1.7800E+01
             40                 12                456         1.9450E+01
             40                 13               1925         2.1200E+01
             40                 14               4267         2.3050E+01
             40                 15               6410         2.5000E+01
             40                 16               6973         2.7050E+01
             40                 17               4326         2.9200E+01
             40                 18               1729         3.1450E+01
             40                 19                388         3.3800E+01
             40                 20                 48         3.6250E+01
             41                 11                  8         1.8850E+01
             41                 12                 70         2.0500E+01
             41                 13                345         2.2250E+01
             41                 14                890         2.4100E+01
             41                 15               1495         2.6050E+01
             41                 16               1818         2.8100E+01
             41                 17               1223         3.0250E+01
             41                 18                504         3.2500E+01
             41                 19                152         3.4850E+01
             41                 20                 10         3.7300E+01
             42                 10                  1         1.8450E+01
             42                 12                  1         2.1650E+01
             42                 13                 57         2.3400E+01
             42                 14                186         2.5250E+01
             42                 15                297         2.7200E+01
             42                 16                297         2.9250E+01
             42                 17                216         3.1400E+01
             42                 18                 56         3.3650E+01
             42                 19                 57         3.6000E+01
             42                 20                  5         3.8450E+01
             43                 13                  4         2.4650E+01
             43                 14                 15         2.6500E+01
             43                 15                 17         2.8450E+01
             43                 16                 14         3.0500E+01
             43                 17                 10         3.2650E+01
             43                 19                  7         3.7250E+01
             44                 15                  1         2.9800E+01
             44                 17                  1         3.4000E+01
