  #Crystal Size      Water Content              Count               Bias
             29                  6                  1         1.4600E+01
             29                  9                  1         1.9850E+01
             30                  5                  2         1.2500E+01
             30                  7                  3         1.5700E+01
             30                  8                  4         1.7450E+01
             30                  9                  4         1.9300E+01
             30                 10                  2         2.1250E+01
             30                 11                 14         2.3300E+01
             30                 12                  3         2.5450E+01
             31                  5                  6         1.2050E+01
             31                  6                 15         1.3600E+01
             31                  7                 35         1.5250E+01
             31                  8                 16         1.7000E+01
             31                  9                 32         1.8850E+01
             31                 10                 31         2.0800E+01
             31                 11                 13         2.2850E+01
             31                 12                 29         2.5000E+01
             31                 13                  6         2.7250E+01
             31                 14                  3         2.9600E+01
             32                  4                 14         1.0250E+01
             32                  5                 44         1.1700E+01
             32                  6                 76         1.3250E+01
             32                  7                128         1.4900E+01
             32                  8                194         1.6650E+01
             32                  9                211         1.8500E+01
             32                 10                140         2.0450E+01
             32                 11                 70         2.2500E+01
             32                 12                 53         2.4650E+01
             32                 13                 29         2.6900E+01
             32                 14                 10         2.9250E+01
             32                 16                  1         3.4250E+01
             33                  4                 15         1.0000E+01
             33                  5                150         1.1450E+01
             33                  6                452         1.3000E+01
             33                  7                857         1.4650E+01
             33                  8                904         1.6400E+01
             33                  9                882         1.8250E+01
             33                 10                666         2.0200E+01
             33                 11                323         2.2250E+01
             33                 12                216         2.4400E+01
             33                 13                109         2.6650E+01
             33                 14                 50         2.9000E+01
             33                 15                 19         3.1450E+01
             34                  4                 33         9.8500E+00
             34                  5                435         1.1300E+01
             34                  6               1632         1.2850E+01
             34                  7               2832         1.4500E+01
             34                  8               3403         1.6250E+01
             34                  9               2981         1.8100E+01
             34                 10               2241         2.0050E+01
             34                 11               1351         2.2100E+01
             34                 12                907         2.4250E+01
             34                 13                445         2.6500E+01
             34                 14                157         2.8850E+01
             34                 15                 48         3.1300E+01
             34                 16                  3         3.3850E+01
             35                  4                 90         9.8000E+00
             35                  5               1117         1.1250E+01
             35                  6               4037         1.2800E+01
             35                  7               7754         1.4450E+01
             35                  8               9262         1.6200E+01
             35                  9               7553         1.8050E+01
             35                 10               5864         2.0000E+01
             35                 11               4071         2.2050E+01
             35                 12               2575         2.4200E+01
             35                 13               1409         2.6450E+01
             35                 14                550         2.8800E+01
             35                 15                243         3.1250E+01
             35                 16                 12         3.3800E+01
             35                 17                  1         3.6450E+01
             36                  3                  5         8.5000E+00
             36                  4                295         9.8500E+00
             36                  5               2557         1.1300E+01
             36                  6               8222         1.2850E+01
             36                  7              15993         1.4500E+01
             36                  8              19171         1.6250E+01
             36                  9              16980         1.8100E+01
             36                 10              12478         2.0050E+01
             36                 11               8450         2.2100E+01
             36                 12               6010         2.4250E+01
             36                 13               3530         2.6500E+01
             36                 14               1719         2.8850E+01
             36                 15                820         3.1300E+01
             36                 16                107         3.3850E+01
             36                 17                 11         3.6500E+01
             37                  3                 10         8.6500E+00
             37                  4                451         1.0000E+01
             37                  5               3666         1.1450E+01
             37                  6              12662         1.3000E+01
             37                  7              24639         1.4650E+01
             37                  8              30997         1.6400E+01
             37                  9              28880         1.8250E+01
             37                 10              20658         2.0200E+01
             37                 11              13837         2.2250E+01
             37                 12              10168         2.4400E+01
             37                 13               6972         2.6650E+01
             37                 14               3993         2.9000E+01
             37                 15               1724         3.1450E+01
             37                 16                287         3.4000E+01
             37                 17                 70         3.6650E+01
             38                  3                 13         8.9000E+00
             38                  4                519         1.0250E+01
             38                  5               4277         1.1700E+01
             38                  6              14166         1.3250E+01
             38                  7              30040         1.4900E+01
             38                  8              38039         1.6650E+01
             38                  9              35903         1.8500E+01
             38                 10              26087         2.0450E+01
             38                 11              18015         2.2500E+01
             38                 12              14792         2.4650E+01
             38                 13              11579         2.6900E+01
             38                 14               7422         2.9250E+01
             38                 15               3777         3.1700E+01
             38                 16                887         3.4250E+01
             38                 17                 94         3.6900E+01
             38                 18                  6         3.9650E+01
             39                  3                 25         9.2500E+00
             39                  4                365         1.0600E+01
             39                  5               3773         1.2050E+01
             39                  6              13158         1.3600E+01
             39                  7              27790         1.5250E+01
             39                  8              35997         1.7000E+01
             39                  9              34490         1.8850E+01
             39                 10              24462         2.0800E+01
             39                 11              17518         2.2850E+01
             39                 12              14957         2.5000E+01
             39                 13              13311         2.7250E+01
             39                 14               9068         2.9600E+01
             39                 15               4872         3.2050E+01
             39                 16               1400         3.4600E+01
             39                 17                121         3.7250E+01
             39                 18                  6         4.0000E+01
             40                  3                  8         9.7000E+00
             40                  4                277         1.1050E+01
             40                  5               2349         1.2500E+01
             40                  6               8963         1.4050E+01
             40                  7              19593         1.5700E+01
             40                  8              25970         1.7450E+01
             40                  9              24624         1.9300E+01
             40                 10              17144         2.1250E+01
             40                 11              11966         2.3300E+01
             40                 12              11594         2.5450E+01
             40                 13              11377         2.7700E+01
             40                 14               7839         3.0050E+01
             40                 15               4514         3.2500E+01
             40                 16               1107         3.5050E+01
             40                 17                195         3.7700E+01
             40                 18                  8         4.0450E+01
             41                  3                  4         1.0250E+01
             41                  4                102         1.1600E+01
             41                  5               1232         1.3050E+01
             41                  6               4638         1.4600E+01
             41                  7              11085         1.6250E+01
             41                  8              14282         1.8000E+01
             41                  9              12763         1.9850E+01
             41                 10               9183         2.1800E+01
             41                 11               6292         2.3850E+01
             41                 12               6649         2.6000E+01
             41                 13               7239         2.8250E+01
             41                 14               4615         3.0600E+01
             41                 15               2673         3.3050E+01
             41                 16                830         3.5600E+01
             41                 17                106         3.8250E+01
             41                 18                  5         4.1000E+01
             42                  3                  2         1.0900E+01
             42                  4                 52         1.2250E+01
             42                  5                379         1.3700E+01
             42                  6               1756         1.5250E+01
             42                  7               4443         1.6900E+01
             42                  8               5827         1.8650E+01
             42                  9               4571         2.0500E+01
             42                 10               3226         2.2450E+01
             42                 11               2258         2.4500E+01
             42                 12               2762         2.6650E+01
             42                 13               3058         2.8900E+01
             42                 14               1977         3.1250E+01
             42                 15                758         3.3700E+01
             42                 16                278         3.6250E+01
             42                 17                 59         3.8900E+01
             42                 18                  2         4.1650E+01
             43                  4                 27         1.3000E+01
             43                  5                119         1.4450E+01
             43                  6                471         1.6000E+01
             43                  7               1196         1.7650E+01
             43                  8               1744         1.9400E+01
             43                  9               1497         2.1250E+01
             43                 10                866         2.3200E+01
             43                 11                549         2.5250E+01
             43                 12                927         2.7400E+01
             43                 13                784         2.9650E+01
             43                 14                406         3.2000E+01
             43                 15                167         3.4450E+01
             43                 16                 24         3.7000E+01
             43                 17                  1         3.9650E+01
             43                 18                  1         4.2400E+01
             44                  4                  2         1.3850E+01
             44                  5                 40         1.5300E+01
             44                  6                 59         1.6850E+01
             44                  7                132         1.8500E+01
             44                  8                299         2.0250E+01
             44                  9                247         2.2100E+01
             44                 10                138         2.4050E+01
             44                 11                 79         2.6100E+01
             44                 12                153         2.8250E+01
             44                 13                134         3.0500E+01
             44                 14                 54         3.2850E+01
             44                 15                 21         3.5300E+01
             44                 16                  1         3.7850E+01
             45                  5                  4         1.6250E+01
             45                  6                  7         1.7800E+01
             45                  7                 14         1.9450E+01
             45                  8                 21         2.1200E+01
             45                  9                 27         2.3050E+01
             45                 10                 11         2.5000E+01
             45                 11                  2         2.7050E+01
             45                 12                  7         2.9200E+01
             45                 13                  2         3.1450E+01
             45                 14                  2         3.3800E+01
             45                 15                  1         3.6250E+01
