  #Crystal Size      Water Content              Count               Bias
             39                 17                  2         1.5250E+01
             40                 16                  7         1.3050E+01
             40                 17                  1         1.3700E+01
             40                 18                  2         1.4450E+01
             40                 19                  2         1.5300E+01
             41                 13                  2         1.0250E+01
             41                 15                  7         1.1050E+01
             41                 16                 14         1.1600E+01
             41                 17                  8         1.2250E+01
             41                 18                  3         1.3000E+01
             41                 19                  7         1.3850E+01
             41                 20                  1         1.4800E+01
             42                 13                  8         8.9000E+00
             42                 14                 33         9.2500E+00
             42                 15                 78         9.7000E+00
             42                 16                105         1.0250E+01
             42                 17                 97         1.0900E+01
             42                 18                 82         1.1650E+01
             42                 19                 70         1.2500E+01
             42                 20                 21         1.3450E+01
             42                 21                  1         1.4500E+01
             43                 11                  2         7.2500E+00
             43                 12                 12         7.4000E+00
             43                 13                 75         7.6500E+00
             43                 14                265         8.0000E+00
             43                 15                470         8.4500E+00
             43                 16                473         9.0000E+00
             43                 17                511         9.6500E+00
             43                 18                345         1.0400E+01
             43                 19                235         1.1250E+01
             43                 20                 75         1.2200E+01
             43                 21                  7         1.3250E+01
             44                 10                  6         6.0500E+00
             44                 11                 19         6.1000E+00
             44                 12                 27         6.2500E+00
             44                 13                203         6.5000E+00
             44                 14                902         6.8500E+00
             44                 15               1959         7.3000E+00
             44                 16               2588         7.8500E+00
             44                 17               2610         8.5000E+00
             44                 18               1782         9.2500E+00
             44                 19                871         1.0100E+01
             44                 20                250         1.1050E+01
             44                 21                 34         1.2100E+01
             44                 22                 13         1.3250E+01
             45                 10                  4         5.0000E+00
             45                 11                 51         5.0500E+00
             45                 12                164         5.2000E+00
             45                 13                778         5.4500E+00
             45                 14               2912         5.8000E+00
             45                 15               6778         6.2500E+00
             45                 16               9619         6.8000E+00
             45                 17               9586         7.4500E+00
             45                 18               6190         8.2000E+00
             45                 19               3287         9.0500E+00
             45                 20               1025         1.0000E+01
             45                 21                248         1.1050E+01
             45                 22                 54         1.2200E+01
             45                 23                  2         1.3450E+01
             46                 10                 10         4.0500E+00
             46                 11                 87         4.1000E+00
             46                 12                438         4.2500E+00
             46                 13               2453         4.5000E+00
             46                 14               7789         4.8500E+00
             46                 15              17735         5.3000E+00
             46                 16              25516         5.8500E+00
             46                 17              24421         6.5000E+00
             46                 18              17328         7.2500E+00
             46                 19               8732         8.1000E+00
             46                 20               2951         9.0500E+00
             46                 21                676         1.0100E+01
             46                 22                109         1.1250E+01
             46                 23                 12         1.2500E+01
             47                  9                  3         3.2500E+00
             47                 10                 34         3.2000E+00
             47                 11                153         3.2500E+00
             47                 12               1047         3.4000E+00
             47                 13               4733         3.6500E+00
             47                 14              15163         4.0000E+00
             47                 15              32574         4.4500E+00
             47                 16              47491         5.0000E+00
             47                 17              46435         5.6500E+00
             47                 18              32342         6.4000E+00
             47                 19              16302         7.2500E+00
             47                 20               5532         8.2000E+00
             47                 21               1466         9.2500E+00
             47                 22                207         1.0400E+01
             47                 23                 19         1.1650E+01
             48                  9                 15         2.5000E+00
             48                 10                 47         2.4500E+00
             48                 11                262         2.5000E+00
             48                 12               1498         2.6500E+00
             48                 13               6630         2.9000E+00
             48                 14              20255         3.2500E+00
             48                 15              41901         3.7000E+00
             48                 16              61191         4.2500E+00
             48                 17              59504         4.9000E+00
             48                 18              41673         5.6500E+00
             48                 19              20977         6.5000E+00
             48                 20               7849         7.4500E+00
             48                 21               2284         8.5000E+00
             48                 22                379         9.6500E+00
             48                 23                 28         1.0900E+01
             48                 24                  4         1.2250E+01
             49                  8                  2         2.0000E+00
             49                  9                 17         1.8500E+00
             49                 10                 47         1.8000E+00
             49                 11                309         1.8500E+00
             49                 12               1428         2.0000E+00
             49                 13               6108         2.2500E+00
             49                 14              17528         2.6000E+00
             49                 15              34654         3.0500E+00
             49                 16              49655         3.6000E+00
             49                 17              50324         4.2500E+00
             49                 18              36316         5.0000E+00
             49                 19              18873         5.8500E+00
             49                 20               7449         6.8000E+00
             49                 21               2135         7.8500E+00
             49                 22                518         9.0000E+00
             49                 23                 95         1.0250E+01
             49                 24                  2         1.1600E+01
             50                  8                  1         1.4500E+00
             50                  9                 36         1.3000E+00
             50                 10                 67         1.2500E+00
             50                 11                241         1.3000E+00
             50                 12                971         1.4500E+00
             50                 13               3133         1.7000E+00
             50                 14               8542         2.0500E+00
             50                 15              16522         2.5000E+00
             50                 16              23328         3.0500E+00
             50                 17              24168         3.7000E+00
             50                 18              18002         4.4500E+00
             50                 19              10123         5.3000E+00
             50                 20               4252         6.2500E+00
             50                 21               1196         7.3000E+00
             50                 22                280         8.4500E+00
             50                 23                 62         9.7000E+00
             50                 24                  6         1.1050E+01
             51                  9                  4         8.5000E-01
             51                 10                 26         8.0000E-01
             51                 11                117         8.5000E-01
             51                 12                255         1.0000E+00
             51                 13                812         1.2500E+00
             51                 14               2205         1.6000E+00
             51                 15               4405         2.0500E+00
             51                 16               5659         2.6000E+00
             51                 17               6278         3.2500E+00
             51                 18               4701         4.0000E+00
             51                 19               2304         4.8500E+00
             51                 20                958         5.8000E+00
             51                 21                302         6.8500E+00
             51                 22                108         8.0000E+00
             51                 23                 39         9.2500E+00
             52                 10                  4         4.5000E-01
             52                 11                 19         5.0000E-01
             52                 12                 41         6.5000E-01
             52                 13                125         9.0000E-01
             52                 14                278         1.2500E+00
             52                 15                710         1.7000E+00
             52                 16                816         2.2500E+00
             52                 17                929         2.9000E+00
             52                 18                668         3.6500E+00
             52                 19                330         4.5000E+00
             52                 20                 83         5.4500E+00
             52                 21                 10         6.5000E+00
             52                 22                  3         7.6500E+00
             52                 23                  1         8.9000E+00
             53                 13                  4         6.5000E-01
             53                 14                 21         1.0000E+00
             53                 15                 19         1.4500E+00
             53                 16                 42         2.0000E+00
             53                 17                 50         2.6500E+00
             53                 18                 37         3.4000E+00
             53                 19                  2         4.2500E+00
             53                 20                  5         5.2000E+00
             53                 21                  2         6.2500E+00
