  #Crystal Size      Water Content              Count               Bias
             41                  0                  9         9.0500E+00
             41                  1                  3         1.0100E+01
             41                  2                  4         1.1250E+01
             41                  3                  6         1.2500E+01
             41                  4                  1         1.3850E+01
             42                 -2                  4         6.4000E+00
             42                 -1                 10         7.2500E+00
             42                  0                 63         8.2000E+00
             42                  1                 70         9.2500E+00
             42                  2                 46         1.0400E+01
             42                  3                 17         1.1650E+01
             42                  4                  5         1.3000E+01
             43                 -2                 10         5.6500E+00
             43                 -1                 17         6.5000E+00
             43                  0                359         7.4500E+00
             43                  1                280         8.5000E+00
             43                  2                161         9.6500E+00
             43                  3                 60         1.0900E+01
             43                  4                 23         1.2250E+01
             43                  5                  7         1.3700E+01
             43                  6                  1         1.5250E+01
             44                 -3                  3         4.2500E+00
             44                 -2                 22         5.0000E+00
             44                 -1                135         5.8500E+00
             44                  0               1405         6.8000E+00
             44                  1               1063         7.8500E+00
             44                  2                684         9.0000E+00
             44                  3                346         1.0250E+01
             44                  4                138         1.1600E+01
             44                  5                 41         1.3050E+01
             44                  6                  1         1.4600E+01
             45                 -3                 29         3.7000E+00
             45                 -2                282         4.4500E+00
             45                 -1                604         5.3000E+00
             45                  0               5149         6.2500E+00
             45                  1               3698         7.3000E+00
             45                  2               2440         8.4500E+00
             45                  3               1261         9.7000E+00
             45                  4                553         1.1050E+01
             45                  5                159         1.2500E+01
             45                  6                 34         1.4050E+01
             45                  7                  5         1.5700E+01
             46                 -5                  1         2.0500E+00
             46                 -4                 11         2.6000E+00
             46                 -3                184         3.2500E+00
             46                 -2                906         4.0000E+00
             46                 -1               2106         4.8500E+00
             46                  0              15903         5.8000E+00
             46                  1              10463         6.8500E+00
             46                  2               6706         8.0000E+00
             46                  3               3403         9.2500E+00
             46                  4               1526         1.0600E+01
             46                  5                449         1.2050E+01
             46                  6                 78         1.3600E+01
             46                  7                  6         1.5250E+01
             47                 -5                  1         1.7000E+00
             47                 -4                 81         2.2500E+00
             47                 -3                510         2.9000E+00
             47                 -2               2316         3.6500E+00
             47                 -1               5627         4.5000E+00
             47                  0              37297         5.4500E+00
             47                  1              23202         6.5000E+00
             47                  2              14055         7.6500E+00
             47                  3               6654         8.9000E+00
             47                  4               2813         1.0250E+01
             47                  5                913         1.1700E+01
             47                  6                200         1.3250E+01
             47                  7                 34         1.4900E+01
             47                  8                  3         1.6650E+01
             48                 -5                  4         1.4500E+00
             48                 -4                150         2.0000E+00
             48                 -3               1237         2.6500E+00
             48                 -2               5225         3.4000E+00
             48                 -1              12186         4.2500E+00
             48                  0              66681         5.2000E+00
             48                  1              38839         6.2500E+00
             48                  2              22746         7.4000E+00
             48                  3              10296         8.6500E+00
             48                  4               4151         1.0000E+01
             48                  5               1396         1.1450E+01
             48                  6                399         1.3000E+01
             48                  7                 49         1.4650E+01
             48                  8                  6         1.6400E+01
             48                  9                  2         1.8250E+01
             49                 -5                 27         1.3000E+00
             49                 -4                359         1.8500E+00
             49                 -3               2506         2.5000E+00
             49                 -2               9387         3.2500E+00
             49                 -1              19943         4.1000E+00
             49                  0              90797         5.0500E+00
             49                  1              48499         6.1000E+00
             49                  2              27175         7.2500E+00
             49                  3              12219         8.5000E+00
             49                  4               4376         9.8500E+00
             49                  5               1543         1.1300E+01
             49                  6                294         1.2850E+01
             49                  7                 56         1.4500E+01
             49                  8                  8         1.6250E+01
             49                  9                  3         1.8100E+01
             50                 -5                 76         1.2500E+00
             50                 -4                616         1.8000E+00
             50                 -3               3518         2.4500E+00
             50                 -2              12112         3.2000E+00
             50                 -1              23363         4.0500E+00
             50                  0              92598         5.0000E+00
             50                  1              43993         6.0500E+00
             50                  2              23414         7.2000E+00
             50                  3              10393         8.4500E+00
             50                  4               3693         9.8000E+00
             50                  5               1203         1.1250E+01
             50                  6                299         1.2800E+01
             50                  7                 30         1.4450E+01
             50                  8                 11         1.6200E+01
             51                 -5                 61         1.3000E+00
             51                 -4                694         1.8500E+00
             51                 -3               3503         2.5000E+00
             51                 -2              10448         3.2500E+00
             51                 -1              19282         4.1000E+00
             51                  0              66749         5.0500E+00
             51                  1              29304         6.1000E+00
             51                  2              13847         7.2500E+00
             51                  3               5892         8.5000E+00
             51                  4               2131         9.8500E+00
             51                  5                578         1.1300E+01
             51                  6                134         1.2850E+01
             51                  7                 29         1.4500E+01
             51                  8                 21         1.6250E+01
             52                 -5                 42         1.4500E+00
             52                 -4                429         2.0000E+00
             52                 -3               2053         2.6500E+00
             52                 -2               5903         3.4000E+00
             52                 -1               9765         4.2500E+00
             52                  0              32542         5.2000E+00
             52                  1              12938         6.2500E+00
             52                  2               6030         7.4000E+00
             52                  3               2274         8.6500E+00
             52                  4                724         1.0000E+01
             52                  5                205         1.1450E+01
             52                  6                 30         1.3000E+01
             52                  7                 11         1.4650E+01
             52                  8                  6         1.6400E+01
             53                 -5                 16         1.7000E+00
             53                 -4                156         2.2500E+00
             53                 -3                705         2.9000E+00
             53                 -2               2180         3.6500E+00
             53                 -1               2998         4.5000E+00
             53                  0               9202         5.4500E+00
             53                  1               3268         6.5000E+00
             53                  2               1631         7.6500E+00
             53                  3                588         8.9000E+00
             53                  4                207         1.0250E+01
             53                  5                 32         1.1700E+01
             53                  6                  9         1.3250E+01
             54                 -5                  1         2.0500E+00
             54                 -4                 31         2.6000E+00
             54                 -3                 81         3.2500E+00
             54                 -2                266         4.0000E+00
             54                 -1                430         4.8500E+00
             54                  0               1408         5.8000E+00
             54                  1                372         6.8500E+00
             54                  2                196         8.0000E+00
             54                  3                 47         9.2500E+00
             54                  4                 12         1.0600E+01
             54                  5                  5         1.2050E+01
