  #Crystal Size      Water Content              Count               Bias
             32                 20                  3         8.2000E+00
             32                 21                  1         9.2500E+00
             33                 17                  1         4.9000E+00
             33                 19                  9         6.5000E+00
             33                 20                 19         7.4500E+00
             33                 21                  7         8.5000E+00
             33                 22                  2         9.6500E+00
             33                 23                  1         1.0900E+01
             34                 17                  4         4.2500E+00
             34                 18                 38         5.0000E+00
             34                 19                 66         5.8500E+00
             34                 20                 74         6.8000E+00
             34                 21                 49         7.8500E+00
             34                 22                 41         9.0000E+00
             34                 23                  3         1.0250E+01
             35                 17                 27         3.7000E+00
             35                 18                222         4.4500E+00
             35                 19                404         5.3000E+00
             35                 20                454         6.2500E+00
             35                 21                284         7.3000E+00
             35                 22                120         8.4500E+00
             35                 23                 39         9.7000E+00
             35                 24                  7         1.1050E+01
             36                 15                  3         2.0500E+00
             36                 16                  4         2.6000E+00
             36                 17                166         3.2500E+00
             36                 18                753         4.0000E+00
             36                 19               1448         4.8500E+00
             36                 20               1621         5.8000E+00
             36                 21               1191         6.8500E+00
             36                 22                611         8.0000E+00
             36                 23                229         9.2500E+00
             36                 24                 30         1.0600E+01
             36                 25                  3         1.2050E+01
             37                 14                  1         1.2500E+00
             37                 15                  6         1.7000E+00
             37                 16                 52         2.2500E+00
             37                 17                569         2.9000E+00
             37                 18               2536         3.6500E+00
             37                 19               4483         4.5000E+00
             37                 20               5051         5.4500E+00
             37                 21               4001         6.5000E+00
             37                 22               1985         7.6500E+00
             37                 23                671         8.9000E+00
             37                 24                159         1.0250E+01
             37                 25                 27         1.1700E+01
             37                 26                  8         1.3250E+01
             38                 14                  6         1.0000E+00
             38                 15                 45         1.4500E+00
             38                 16                306         2.0000E+00
             38                 17               1776         2.6500E+00
             38                 18               5833         3.4000E+00
             38                 19              10475         4.2500E+00
             38                 20              12769         5.2000E+00
             38                 21              10525         6.2500E+00
             38                 22               5255         7.4000E+00
             38                 23               1895         8.6500E+00
             38                 24                487         1.0000E+01
             38                 25                157         1.1450E+01
             38                 26                 29         1.3000E+01
             38                 27                 10         1.4650E+01
             39                 14                 16         8.5000E-01
             39                 15                132         1.3000E+00
             39                 16                781         1.8500E+00
             39                 17               3714         2.5000E+00
             39                 18              11475         3.2500E+00
             39                 19              20970         4.1000E+00
             39                 20              25458         5.0500E+00
             39                 21              21351         6.1000E+00
             39                 22              11836         7.2500E+00
             39                 23               4409         8.5000E+00
             39                 24               1340         9.8500E+00
             39                 25                456         1.1300E+01
             39                 26                100         1.2850E+01
             39                 27                 27         1.4500E+01
             40                 14                 50         8.0000E-01
             40                 15                238         1.2500E+00
             40                 16               1279         1.8000E+00
             40                 17               5530         2.4500E+00
             40                 18              16368         3.2000E+00
             40                 19              30898         4.0500E+00
             40                 20              39753         5.0000E+00
             40                 21              34413         6.0500E+00
             40                 22              19363         7.2000E+00
             40                 23               7473         8.4500E+00
             40                 24               2529         9.8000E+00
             40                 25                918         1.1250E+01
             40                 26                180         1.2800E+01
             40                 27                 30         1.4450E+01
             41                 13                  1         5.0000E-01
             41                 14                 78         8.5000E-01
             41                 15                305         1.3000E+00
             41                 16               1637         1.8500E+00
             41                 17               7274         2.5000E+00
             41                 18              19635         3.2500E+00
             41                 19              36155         4.1000E+00
             41                 20              48398         5.0500E+00
             41                 21              42833         6.1000E+00
             41                 22              24655         7.2500E+00
             41                 23              10147         8.5000E+00
             41                 24               3352         9.8500E+00
             41                 25               1147         1.1300E+01
             41                 26                310         1.2850E+01
             41                 27                 86         1.4500E+01
             41                 28                 10         1.6250E+01
             42                 13                  4         6.5000E-01
             42                 14                168         1.0000E+00
             42                 15                425         1.4500E+00
             42                 16               1695         2.0000E+00
             42                 17               7062         2.6500E+00
             42                 18              18249         3.4000E+00
             42                 19              32949         4.2500E+00
             42                 20              44471         5.2000E+00
             42                 21              41908         6.2500E+00
             42                 22              25215         7.4000E+00
             42                 23              11429         8.6500E+00
             42                 24               3854         1.0000E+01
             42                 25               1115         1.1450E+01
             42                 26                223         1.3000E+01
             42                 27                 71         1.4650E+01
             42                 28                  5         1.6400E+01
             43                 13                 10         9.0000E-01
             43                 14                167         1.2500E+00
             43                 15                453         1.7000E+00
             43                 16               1343         2.2500E+00
             43                 17               5256         2.9000E+00
             43                 18              13569         3.6500E+00
             43                 19              23466         4.5000E+00
             43                 20              33021         5.4500E+00
             43                 21              31446         6.5000E+00
             43                 22              20405         7.6500E+00
             43                 23               9605         8.9000E+00
             43                 24               3058         1.0250E+01
             43                 25                810         1.1700E+01
             43                 26                113         1.3250E+01
             43                 27                 32         1.4900E+01
             43                 28                  1         1.6650E+01
             44                 13                 18         1.2500E+00
             44                 14                119         1.6000E+00
             44                 15                191         2.0500E+00
             44                 16                778         2.6000E+00
             44                 17               3100         3.2500E+00
             44                 18               7669         4.0000E+00
             44                 19              13200         4.8500E+00
             44                 20              19225         5.8000E+00
             44                 21              19578         6.8500E+00
             44                 22              12611         8.0000E+00
             44                 23               5847         9.2500E+00
             44                 24               1708         1.0600E+01
             44                 25                494         1.2050E+01
             44                 26                 43         1.3600E+01
             44                 27                  3         1.5250E+01
             45                 13                 22         1.7000E+00
             45                 14                 50         2.0500E+00
             45                 15                120         2.5000E+00
             45                 16                299         3.0500E+00
             45                 17               1468         3.7000E+00
             45                 18               3367         4.4500E+00
             45                 19               5730         5.3000E+00
             45                 20               8379         6.2500E+00
             45                 21               8397         7.3000E+00
             45                 22               5530         8.4500E+00
             45                 23               2514         9.7000E+00
             45                 24                837         1.1050E+01
             45                 25                231         1.2500E+01
             45                 26                  5         1.4050E+01
             46                 14                  9         2.6000E+00
             46                 15                 31         3.0500E+00
             46                 16                108         3.6000E+00
             46                 17                549         4.2500E+00
             46                 18               1079         5.0000E+00
             46                 19               1940         5.8500E+00
             46                 20               2251         6.8000E+00
             46                 21               2346         7.8500E+00
             46                 22               1577         9.0000E+00
             46                 23                646         1.0250E+01
             46                 24                238         1.1600E+01
             46                 25                 95         1.3050E+01
             46                 26                  2         1.4600E+01
             47                 16                 12         4.2500E+00
             47                 17                 75         4.9000E+00
             47                 18                179         5.6500E+00
             47                 19                325         6.5000E+00
             47                 20                377         7.4500E+00
             47                 21                451         8.5000E+00
             47                 22                223         9.6500E+00
             47                 23                 72         1.0900E+01
             47                 24                 60         1.2250E+01
             47                 25                  5         1.3700E+01
             48                 17                  5         5.6500E+00
             48                 18                  5         6.4000E+00
             48                 19                  6         7.2500E+00
             48                 20                 15         8.2000E+00
             48                 21                 11         9.2500E+00
             48                 22                  4         1.0400E+01
             48                 23                  5         1.1650E+01
             48                 24                  7         1.3000E+01
