  #Crystal Size      Water Content              Count               Bias
             29                 17                  1         9.0000E+00
             29                 21                  2         1.4600E+01
             29                 22                  1         1.6250E+01
             30                 16                  1         7.3000E+00
             30                 17                 16         8.4500E+00
             30                 18                 17         9.7000E+00
             30                 19                 16         1.1050E+01
             30                 20                 12         1.2500E+01
             30                 21                 22         1.4050E+01
             30                 22                 16         1.5700E+01
             30                 23                  9         1.7450E+01
             30                 24                  1         1.9300E+01
             30                 25                  2         2.1250E+01
             31                 15                  5         5.8000E+00
             31                 16                 15         6.8500E+00
             31                 17                 56         8.0000E+00
             31                 18                136         9.2500E+00
             31                 19                129         1.0600E+01
             31                 20                127         1.2050E+01
             31                 21                107         1.3600E+01
             31                 22                 56         1.5250E+01
             31                 23                 41         1.7000E+01
             31                 24                  9         1.8850E+01
             31                 25                  2         2.0800E+01
             32                 14                  1         4.5000E+00
             32                 15                 22         5.4500E+00
             32                 16                 70         6.5000E+00
             32                 17                288         7.6500E+00
             32                 18                706         8.9000E+00
             32                 19                905         1.0250E+01
             32                 20                781         1.1700E+01
             32                 21                452         1.3250E+01
             32                 22                240         1.4900E+01
             32                 23                144         1.6650E+01
             32                 24                 53         1.8500E+01
             32                 25                  3         2.0450E+01
             33                 13                  1         3.4000E+00
             33                 14                  1         4.2500E+00
             33                 15                 28         5.2000E+00
             33                 16                364         6.2500E+00
             33                 17               1353         7.4000E+00
             33                 18               3062         8.6500E+00
             33                 19               4029         1.0000E+01
             33                 20               3107         1.1450E+01
             33                 21               1997         1.3000E+01
             33                 22                817         1.4650E+01
             33                 23                291         1.6400E+01
             33                 24                 97         1.8250E+01
             33                 25                 30         2.0200E+01
             33                 26                  3         2.2250E+01
             34                 13                  3         3.2500E+00
             34                 14                 20         4.1000E+00
             34                 15                181         5.0500E+00
             34                 16               1372         6.1000E+00
             34                 17               4513         7.2500E+00
             34                 18               9408         8.5000E+00
             34                 19              12391         9.8500E+00
             34                 20               9748         1.1300E+01
             34                 21               5520         1.2850E+01
             34                 22               2431         1.4500E+01
             34                 23                870         1.6250E+01
             34                 24                310         1.8100E+01
             34                 25                 31         2.0050E+01
             34                 26                  4         2.2100E+01
             35                 13                 15         3.2000E+00
             35                 14                 75         4.0500E+00
             35                 15                513         5.0000E+00
             35                 16               3243         6.0500E+00
             35                 17              11270         7.2000E+00
             35                 18              21765         8.4500E+00
             35                 19              27424         9.8000E+00
             35                 20              22366         1.1250E+01
             35                 21              11575         1.2800E+01
             35                 22               5037         1.4450E+01
             35                 23               1816         1.6200E+01
             35                 24                412         1.8050E+01
             35                 25                 65         2.0000E+01
             35                 26                  4         2.2050E+01
             36                 13                 29         3.2500E+00
             36                 14                153         4.1000E+00
             36                 15               1063         5.0500E+00
             36                 16               6531         6.1000E+00
             36                 17              19541         7.2500E+00
             36                 18              37270         8.5000E+00
             36                 19              47442         9.8500E+00
             36                 20              38889         1.1300E+01
             36                 21              19452         1.2850E+01
             36                 22               7822         1.4500E+01
             36                 23               2483         1.6250E+01
             36                 24                554         1.8100E+01
             36                 25                101         2.0050E+01
             37                 13                 12         3.4000E+00
             37                 14                323         4.2500E+00
             37                 15               2042         5.2000E+00
             37                 16               8577         6.2500E+00
             37                 17              25081         7.4000E+00
             37                 18              47923         8.6500E+00
             37                 19              59991         1.0000E+01
             37                 20              47997         1.1450E+01
             37                 21              23655         1.3000E+01
             37                 22               8904         1.4650E+01
             37                 23               2596         1.6400E+01
             37                 24                475         1.8250E+01
             37                 25                 39         2.0200E+01
             38                 13                 82         3.6500E+00
             38                 14                330         4.5000E+00
             38                 15               2245         5.4500E+00
             38                 16               8467         6.5000E+00
             38                 17              23878         7.6500E+00
             38                 18              43618         8.9000E+00
             38                 19              52275         1.0250E+01
             38                 20              41631         1.1700E+01
             38                 21              20207         1.3250E+01
             38                 22               7124         1.4900E+01
             38                 23               1709         1.6650E+01
             38                 24                302         1.8500E+01
             38                 25                 30         2.0450E+01
             39                 12                  7         3.2500E+00
             39                 13                 67         4.0000E+00
             39                 14                407         4.8500E+00
             39                 15               1869         5.8000E+00
             39                 16               5981         6.8500E+00
             39                 17              15437         8.0000E+00
             39                 18              28295         9.2500E+00
             39                 19              33911         1.0600E+01
             39                 20              25654         1.2050E+01
             39                 21              12121         1.3600E+01
             39                 22               3727         1.5250E+01
             39                 23               1109         1.7000E+01
             39                 24                228         1.8850E+01
             39                 25                 19         2.0800E+01
             40                 12                  8         3.7000E+00
             40                 13                 34         4.4500E+00
             40                 14                187         5.3000E+00
             40                 15                880         6.2500E+00
             40                 16               3120         7.3000E+00
             40                 17               7652         8.4500E+00
             40                 18              13827         9.7000E+00
             40                 19              16391         1.1050E+01
             40                 20              11767         1.2500E+01
             40                 21               5878         1.4050E+01
             40                 22               1808         1.5700E+01
             40                 23                457         1.7450E+01
             40                 24                109         1.9300E+01
             40                 25                  5         2.1250E+01
             41                 13                  6         5.0000E+00
             41                 14                 75         5.8500E+00
             41                 15                305         6.8000E+00
             41                 16                971         7.8500E+00
             41                 17               2617         9.0000E+00
             41                 18               4737         1.0250E+01
             41                 19               5239         1.1600E+01
             41                 20               3903         1.3050E+01
             41                 21               2075         1.4600E+01
             41                 22                786         1.6250E+01
             41                 23                184         1.8000E+01
             41                 24                 36         1.9850E+01
             41                 25                  1         2.1800E+01
             42                 13                  1         5.6500E+00
             42                 14                 11         6.5000E+00
             42                 15                 75         7.4500E+00
             42                 16                259         8.5000E+00
             42                 17                464         9.6500E+00
             42                 18                892         1.0900E+01
             42                 19               1102         1.2250E+01
             42                 20                869         1.3700E+01
             42                 21                615         1.5250E+01
             42                 22                309         1.6900E+01
             42                 23                 69         1.8650E+01
             42                 24                 16         2.0500E+01
             43                 15                  6         8.2000E+00
             43                 16                 18         9.2500E+00
             43                 17                 66         1.0400E+01
             43                 18                118         1.1650E+01
             43                 19                 93         1.3000E+01
             43                 20                 51         1.4450E+01
             43                 21                 84         1.6000E+01
             43                 22                 82         1.7650E+01
             43                 23                 13         1.9400E+01
             43                 24                  1         2.1250E+01
             44                 15                  1         9.0500E+00
             44                 16                  1         1.0100E+01
             44                 17                 11         1.1250E+01
             44                 18                  8         1.2500E+01
             44                 19                  1         1.3850E+01
             44                 20                  2         1.5300E+01
             45                 19                  3         1.4800E+01
