  #Crystal Size      Water Content              Count               Bias
             25                 20                  1         6.2500E+00
             25                 21                  2         6.8000E+00
             25                 22                  2         7.4500E+00
             25                 23                  2         8.2000E+00
             26                 21                 19         5.8500E+00
             26                 22                 16         6.5000E+00
             26                 23                 14         7.2500E+00
             26                 24                 14         8.1000E+00
             26                 25                 19         9.0500E+00
             26                 26                  2         1.0100E+01
             26                 27                  2         1.1250E+01
             26                 28                  1         1.2500E+01
             26                 29                  1         1.3850E+01
             26                 31                  1         1.6850E+01
             27                 18                  6         3.6500E+00
             27                 19                  4         4.0000E+00
             27                 20                  7         4.4500E+00
             27                 21                 78         5.0000E+00
             27                 22                135         5.6500E+00
             27                 23                106         6.4000E+00
             27                 24                 87         7.2500E+00
             27                 25                 86         8.2000E+00
             27                 26                 71         9.2500E+00
             27                 27                 25         1.0400E+01
             27                 28                 15         1.1650E+01
             27                 29                 10         1.3000E+01
             27                 30                  4         1.4450E+01
             27                 31                  2         1.6000E+01
             28                 17                  1         2.6500E+00
             28                 18                 12         2.9000E+00
             28                 19                 24         3.2500E+00
             28                 20                 73         3.7000E+00
             28                 21                205         4.2500E+00
             28                 22                343         4.9000E+00
             28                 23                450         5.6500E+00
             28                 24                505         6.5000E+00
             28                 25                358         7.4500E+00
             28                 26                296         8.5000E+00
             28                 27                175         9.6500E+00
             28                 28                111         1.0900E+01
             28                 29                 56         1.2250E+01
             28                 30                 16         1.3700E+01
             28                 31                  6         1.5250E+01
             28                 32                  1         1.6900E+01
             29                 18                 22         2.2500E+00
             29                 19                 55         2.6000E+00
             29                 20                160         3.0500E+00
             29                 21                491         3.6000E+00
             29                 22                930         4.2500E+00
             29                 23               1297         5.0000E+00
             29                 24               1758         5.8500E+00
             29                 25               1684         6.8000E+00
             29                 26               1299         7.8500E+00
             29                 27                888         9.0000E+00
             29                 28                524         1.0250E+01
             29                 29                213         1.1600E+01
             29                 30                 69         1.3050E+01
             29                 31                 21         1.4600E+01
             29                 32                  5         1.6250E+01
             30                 17                  3         1.4500E+00
             30                 18                 16         1.7000E+00
             30                 19                 60         2.0500E+00
             30                 20                284         2.5000E+00
             30                 21               1100         3.0500E+00
             30                 22               2201         3.7000E+00
             30                 23               3318         4.4500E+00
             30                 24               4741         5.3000E+00
             30                 25               5135         6.2500E+00
             30                 26               4433         7.3000E+00
             30                 27               2934         8.4500E+00
             30                 28               1571         9.7000E+00
             30                 29                722         1.1050E+01
             30                 30                270         1.2500E+01
             30                 31                104         1.4050E+01
             30                 32                 39         1.5700E+01
             30                 33                  6         1.7450E+01
             31                 18                 21         1.2500E+00
             31                 19                100         1.6000E+00
             31                 20                560         2.0500E+00
             31                 21               2007         2.6000E+00
             31                 22               4356         3.2500E+00
             31                 23               7573         4.0000E+00
             31                 24              10158         4.8500E+00
             31                 25              11327         5.8000E+00
             31                 26              10676         6.8500E+00
             31                 27               7228         8.0000E+00
             31                 28               4400         9.2500E+00
             31                 29               2100         1.0600E+01
             31                 30                840         1.2050E+01
             31                 31                260         1.3600E+01
             31                 32                106         1.5250E+01
             31                 33                 37         1.7000E+01
             31                 34                  2         1.8850E+01
             32                 18                 10         9.0000E-01
             32                 19                151         1.2500E+00
             32                 20                831         1.7000E+00
             32                 21               2792         2.2500E+00
             32                 22               6313         2.9000E+00
             32                 23              12433         3.6500E+00
             32                 24              18048         4.5000E+00
             32                 25              21127         5.4500E+00
             32                 26              21006         6.5000E+00
             32                 27              15760         7.6500E+00
             32                 28               9765         8.9000E+00
             32                 29               5098         1.0250E+01
             32                 30               2015         1.1700E+01
             32                 31                736         1.3250E+01
             32                 32                239         1.4900E+01
             32                 33                112         1.6650E+01
             32                 34                 25         1.8500E+01
             32                 35                  2         2.0450E+01
             33                 18                  8         6.5000E-01
             33                 19                196         1.0000E+00
             33                 20                858         1.4500E+00
             33                 21               2785         2.0000E+00
             33                 22               7345         2.6500E+00
             33                 23              15779         3.4000E+00
             33                 24              25747         4.2500E+00
             33                 25              32071         5.2000E+00
             33                 26              32741         6.2500E+00
             33                 27              26673         7.4000E+00
             33                 28              18186         8.6500E+00
             33                 29               9675         1.0000E+01
             33                 30               4018         1.1450E+01
             33                 31               1372         1.3000E+01
             33                 32                401         1.4650E+01
             33                 33                144         1.6400E+01
             33                 34                102         1.8250E+01
             33                 35                 23         2.0200E+01
             34                 18                 15         5.0000E-01
             34                 19                 72         8.5000E-01
             34                 20                531         1.3000E+00
             34                 21               2422         1.8500E+00
             34                 22               7002         2.5000E+00
             34                 23              15798         3.2500E+00
             34                 24              29620         4.1000E+00
             34                 25              38659         5.0500E+00
             34                 26              40199         6.1000E+00
             34                 27              34285         7.2500E+00
             34                 28              24221         8.5000E+00
             34                 29              12803         9.8500E+00
             34                 30               5230         1.1300E+01
             34                 31               1932         1.2850E+01
             34                 32                643         1.4500E+01
             34                 33                273         1.6250E+01
             34                 34                 93         1.8100E+01
             34                 35                  5         2.0050E+01
             35                 18                  8         4.5000E-01
             35                 19                 38         8.0000E-01
             35                 20                364         1.2500E+00
             35                 21               1516         1.8000E+00
             35                 22               5298         2.4500E+00
             35                 23              13338         3.2000E+00
             35                 24              25245         4.0500E+00
             35                 25              35033         5.0000E+00
             35                 26              37264         6.0500E+00
             35                 27              32285         7.2000E+00
             35                 28              22362         8.4500E+00
             35                 29              13264         9.8000E+00
             35                 30               5918         1.1250E+01
             35                 31               2041         1.2800E+01
             35                 32                656         1.4450E+01
             35                 33                251         1.6200E+01
             35                 34                104         1.8050E+01
             35                 35                  7         2.0000E+01
             36                 18                  1         5.0000E-01
             36                 19                 10         8.5000E-01
             36                 20                137         1.3000E+00
             36                 21                889         1.8500E+00
             36                 22               3122         2.5000E+00
             36                 23               7809         3.2500E+00
             36                 24              15743         4.1000E+00
             36                 25              21782         5.0500E+00
             36                 26              23415         6.1000E+00
             36                 27              20924         7.2500E+00
             36                 28              14682         8.5000E+00
             36                 29               9303         9.8500E+00
             36                 30               4365         1.1300E+01
             36                 31               1662         1.2850E+01
             36                 32                563         1.4500E+01
             36                 33                191         1.6250E+01
             36                 34                 81         1.8100E+01
             36                 35                 23         2.0050E+01
             37                 20                 36         1.4500E+00
             37                 21                308         2.0000E+00
             37                 22               1187         2.6500E+00
             37                 23               3066         3.4000E+00
             37                 24               6524         4.2500E+00
             37                 25               9350         5.2000E+00
             37                 26              10258         6.2500E+00
             37                 27               9215         7.4000E+00
             37                 28               6673         8.6500E+00
             37                 29               4217         1.0000E+01
             37                 30               2290         1.1450E+01
             37                 31                848         1.3000E+01
             37                 32                273         1.4650E+01
             37                 33                113         1.6400E+01
             37                 34                 68         1.8250E+01
             37                 35                  6         2.0200E+01
             38                 20                  2         1.7000E+00
             38                 21                 35         2.2500E+00
             38                 22                250         2.9000E+00
             38                 23                876         3.6500E+00
             38                 24               1711         4.5000E+00
             38                 25               2394         5.4500E+00
             38                 26               2443         6.5000E+00
             38                 27               2388         7.6500E+00
             38                 28               1797         8.9000E+00
             38                 29               1153         1.0250E+01
             38                 30                582         1.1700E+01
             38                 31                212         1.3250E+01
             38                 32                 50         1.4900E+01
             38                 33                  7         1.6650E+01
             38                 34                 19         1.8500E+01
             38                 35                  1         2.0450E+01
             39                 21                 18         2.6000E+00
             39                 22                 14         3.2500E+00
             39                 23                167         4.0000E+00
             39                 24                361         4.8500E+00
             39                 25                340         5.8000E+00
             39                 26                338         6.8500E+00
             39                 27                225         8.0000E+00
             39                 28                156         9.2500E+00
             39                 29                105         1.0600E+01
             39                 30                 77         1.2050E+01
             39                 31                 14         1.3600E+01
             39                 32                  2         1.5250E+01
             39                 34                  1         1.8850E+01
             40                 21                  4         3.0500E+00
             40                 22                  1         3.7000E+00
             40                 23                 28         4.4500E+00
             40                 24                 78         5.3000E+00
             40                 25                 84         6.2500E+00
             40                 26                 25         7.3000E+00
             40                 27                 22         8.4500E+00
             40                 28                  6         9.7000E+00
             40                 31                  1         1.4050E+01
             41                 23                  2         5.0000E+00
             41                 24                 13         5.8500E+00
             41                 25                 11         6.8000E+00
             41                 26                  3         7.8500E+00
