  #Crystal Size      Water Content              Count               Bias
             36                 11                  1         1.0100E+01
             37                  4                  1         4.0000E+00
             37                  6                  1         5.0000E+00
             37                  7                  2         5.6500E+00
             37                  8                  5         6.4000E+00
             37                  9                  3         7.2500E+00
             37                 10                  5         8.2000E+00
             38                  3                  3         2.9000E+00
             38                  4                  7         3.2500E+00
             38                  5                  6         3.7000E+00
             38                  6                  4         4.2500E+00
             38                  7                  9         4.9000E+00
             38                  8                 18         5.6500E+00
             38                  9                 19         6.5000E+00
             38                 10                 20         7.4500E+00
             38                 11                  3         8.5000E+00
             38                 12                  1         9.6500E+00
             39                  2                 19         2.0000E+00
             39                  3                 17         2.2500E+00
             39                  4                 61         2.6000E+00
             39                  5                 54         3.0500E+00
             39                  6                 88         3.6000E+00
             39                  7                125         4.2500E+00
             39                  8                120         5.0000E+00
             39                  9                 82         5.8500E+00
             39                 10                 83         6.8000E+00
             39                 11                 29         7.8500E+00
             39                 12                 16         9.0000E+00
             40                  1                 11         1.3000E+00
             40                  2                 37         1.4500E+00
             40                  3                147         1.7000E+00
             40                  4                242         2.0500E+00
             40                  5                386         2.5000E+00
             40                  6                501         3.0500E+00
             40                  7                652         3.7000E+00
             40                  8                680         4.4500E+00
             40                  9                472         5.3000E+00
             40                 10                302         6.2500E+00
             40                 11                157         7.3000E+00
             40                 12                 59         8.4500E+00
             40                 13                 16         9.7000E+00
             40                 14                  3         1.1050E+01
             41                  0                  1         8.0000E-01
             41                  1                 35         8.5000E-01
             41                  2                248         1.0000E+00
             41                  3                641         1.2500E+00
             41                  4               1136         1.6000E+00
             41                  5               1656         2.0500E+00
             41                  6               2290         2.6000E+00
             41                  7               2600         3.2500E+00
             41                  8               2421         4.0000E+00
             41                  9               1981         4.8500E+00
             41                 10               1270         5.8000E+00
             41                 11                790         6.8500E+00
             41                 12                416         8.0000E+00
             41                 13                110         9.2500E+00
             41                 14                 36         1.0600E+01
             41                 15                  6         1.2050E+01
             42                  0                  3         4.5000E-01
             42                  1                120         5.0000E-01
             42                  2                608         6.5000E-01
             42                  3               1916         9.0000E-01
             42                  4               3573         1.2500E+00
             42                  5               5608         1.7000E+00
             42                  6               7363         2.2500E+00
             42                  7               8053         2.9000E+00
             42                  8               7508         3.6500E+00
             42                  9               5979         4.5000E+00
             42                 10               4300         5.4500E+00
             42                 11               2578         6.5000E+00
             42                 12               1313         7.6500E+00
             42                 13                446         8.9000E+00
             42                 14                128         1.0250E+01
             42                 15                 18         1.1700E+01
             42                 16                  1         1.3250E+01
             42                 17                  1         1.4900E+01
             43                  0                 16         2.0000E-01
             43                  1                355         2.5000E-01
             43                  2               1448         4.0000E-01
             43                  3               4242         6.5000E-01
             43                  4               8034         1.0000E+00
             43                  5              12889         1.4500E+00
             43                  6              17163         2.0000E+00
             43                  7              18764         2.6500E+00
             43                  8              17574         3.4000E+00
             43                  9              13586         4.2500E+00
             43                 10               9877         5.2000E+00
             43                 11               6134         6.2500E+00
             43                 12               3362         7.4000E+00
             43                 13               1229         8.6500E+00
             43                 14                283         1.0000E+01
             43                 15                 56         1.1450E+01
             43                 16                 25         1.3000E+01
             43                 17                 10         1.4650E+01
             43                 18                  2         1.6400E+01
             44                  0                 22         5.0000E-02
             44                  1                539         1.0000E-01
             44                  2               2380         2.5000E-01
             44                  3               7107         5.0000E-01
             44                  4              13834         8.5000E-01
             44                  5              21572         1.3000E+00
             44                  6              29909         1.8500E+00
             44                  7              33008         2.5000E+00
             44                  8              29941         3.2500E+00
             44                  9              23304         4.1000E+00
             44                 10              16977         5.0500E+00
             44                 11              10795         6.1000E+00
             44                 12               6304         7.2500E+00
             44                 13               2551         8.5000E+00
             44                 14                780         9.8500E+00
             44                 15                123         1.1300E+01
             44                 16                 51         1.2850E+01
             44                 17                 27         1.4500E+01
             44                 18                 11         1.6250E+01
             44                 19                  8         1.8100E+01
             45                  0                 19         0.0000E+00
             45                  1                515         5.0000E-02
             45                  2               2762         2.0000E-01
             45                  3               8171         4.5000E-01
             45                  4              16802         8.0000E-01
             45                  5              27054         1.2500E+00
             45                  6              35804         1.8000E+00
             45                  7              40860         2.4500E+00
             45                  8              37614         3.2000E+00
             45                  9              29271         4.0500E+00
             45                 10              21376         5.0000E+00
             45                 11              13497         6.0500E+00
             45                 12               7563         7.2000E+00
             45                 13               3299         8.4500E+00
             45                 14               1123         9.8000E+00
             45                 15                314         1.1250E+01
             45                 16                 87         1.2800E+01
             45                 17                 48         1.4450E+01
             45                 18                 26         1.6200E+01
             45                 19                 11         1.8050E+01
             45                 20                  3         2.0000E+01
             46                  0                 27         5.0000E-02
             46                  1                383         1.0000E-01
             46                  2               2167         2.5000E-01
             46                  3               6710         5.0000E-01
             46                  4              14166         8.5000E-01
             46                  5              23362         1.3000E+00
             46                  6              30652         1.8500E+00
             46                  7              34413         2.5000E+00
             46                  8              32154         3.2500E+00
             46                  9              24709         4.1000E+00
             46                 10              18113         5.0500E+00
             46                 11              11111         6.1000E+00
             46                 12               6233         7.2500E+00
             46                 13               3074         8.5000E+00
             46                 14               1080         9.8500E+00
             46                 15                273         1.1300E+01
             46                 16                 68         1.2850E+01
             46                 17                 48         1.4500E+01
             46                 18                 54         1.6250E+01
             46                 19                  4         1.8100E+01
             46                 20                  2         2.0050E+01
             47                  0                  7         2.0000E-01
             47                  1                226         2.5000E-01
             47                  2               1046         4.0000E-01
             47                  3               3483         6.5000E-01
             47                  4               7721         1.0000E+00
             47                  5              12626         1.4500E+00
             47                  6              17441         2.0000E+00
             47                  7              19266         2.6500E+00
             47                  8              18113         3.4000E+00
             47                  9              14725         4.2500E+00
             47                 10              10125         5.2000E+00
             47                 11               5945         6.2500E+00
             47                 12               3301         7.4000E+00
             47                 13               1606         8.6500E+00
             47                 14                560         1.0000E+01
             47                 15                132         1.1450E+01
             47                 16                 72         1.3000E+01
             47                 17                 35         1.4650E+01
             47                 18                  6         1.6400E+01
             48                  0                  7         4.5000E-01
             48                  1                 77         5.0000E-01
             48                  2                295         6.5000E-01
             48                  3                872         9.0000E-01
             48                  4               2118         1.2500E+00
             48                  5               3867         1.7000E+00
             48                  6               5813         2.2500E+00
             48                  7               6538         2.9000E+00
             48                  8               6240         3.6500E+00
             48                  9               4657         4.5000E+00
             48                 10               3059         5.4500E+00
             48                 11               1629         6.5000E+00
             48                 12                779         7.6500E+00
             48                 13                356         8.9000E+00
             48                 14                218         1.0250E+01
             48                 15                110         1.1700E+01
             48                 16                 41         1.3250E+01
             48                 17                  7         1.4900E+01
             49                  0                  2         8.0000E-01
             49                  1                  6         8.5000E-01
             49                  2                  9         1.0000E+00
             49                  3                118         1.2500E+00
             49                  4                308         1.6000E+00
             49                  5                717         2.0500E+00
             49                  6               1315         2.6000E+00
             49                  7               1496         3.2500E+00
             49                  8               1425         4.0000E+00
             49                  9                726         4.8500E+00
             49                 10                367         5.8000E+00
             49                 11                186         6.8500E+00
             49                 12                 80         8.0000E+00
             49                 13                 23         9.2500E+00
             49                 14                  4         1.0600E+01
             50                  2                  2         1.4500E+00
             50                  3                 36         1.7000E+00
             50                  4                 31         2.0500E+00
             50                  5                125         2.5000E+00
             50                  6                242         3.0500E+00
             50                  7                326         3.7000E+00
             50                  8                192         4.4500E+00
             50                  9                 75         5.3000E+00
             50                 10                 48         6.2500E+00
             50                 11                 28         7.3000E+00
             50                 12                 29         8.4500E+00
             50                 13                  7         9.7000E+00
             50                 14                  1         1.1050E+01
             51                  5                  2         3.0500E+00
             51                  6                  3         3.6000E+00
             51                  7                  5         4.2500E+00
             51                  8                 10         5.0000E+00
             51                  9                  3         5.8500E+00
