  #Crystal Size      Water Content              Count               Bias
             38                 24                  1         1.8500E+01
             39                 20                  8         1.4050E+01
             39                 21                  8         1.4600E+01
             39                 22                  8         1.5250E+01
             39                 23                  5         1.6000E+01
             39                 24                  3         1.6850E+01
             39                 25                 14         1.7800E+01
             40                 17                  1         1.1450E+01
             40                 18                  4         1.1700E+01
             40                 19                 18         1.2050E+01
             40                 20                 75         1.2500E+01
             40                 21                 96         1.3050E+01
             40                 22                131         1.3700E+01
             40                 23                 87         1.4450E+01
             40                 24                 85         1.5300E+01
             40                 25                 59         1.6250E+01
             40                 26                 19         1.7300E+01
             40                 27                 11         1.8450E+01
             41                 16                  2         9.8500E+00
             41                 17                  6         1.0000E+01
             41                 18                 41         1.0250E+01
             41                 19                165         1.0600E+01
             41                 20                360         1.1050E+01
             41                 21                771         1.1600E+01
             41                 22                926         1.2250E+01
             41                 23                791         1.3000E+01
             41                 24                548         1.3850E+01
             41                 25                331         1.4800E+01
             41                 26                130         1.5850E+01
             41                 27                 46         1.7000E+01
             41                 28                  2         1.8250E+01
             42                 16                 19         8.5000E+00
             42                 17                 97         8.6500E+00
             42                 18                323         8.9000E+00
             42                 19               1121         9.2500E+00
             42                 20               2020         9.7000E+00
             42                 21               3308         1.0250E+01
             42                 22               4097         1.0900E+01
             42                 23               3976         1.1650E+01
             42                 24               2460         1.2500E+01
             42                 25               1357         1.3450E+01
             42                 26                416         1.4500E+01
             42                 27                 96         1.5650E+01
             42                 28                 19         1.6900E+01
             42                 29                  2         1.8250E+01
             43                 15                  2         7.2000E+00
             43                 16                 79         7.2500E+00
             43                 17                505         7.4000E+00
             43                 18               1636         7.6500E+00
             43                 19               4122         8.0000E+00
             43                 20               7621         8.4500E+00
             43                 21              11811         9.0000E+00
             43                 22              14341         9.6500E+00
             43                 23              13480         1.0400E+01
             43                 24               8889         1.1250E+01
             43                 25               4480         1.2200E+01
             43                 26               1343         1.3250E+01
             43                 27                418         1.4400E+01
             43                 28                117         1.5650E+01
             43                 29                  1         1.7000E+01
             44                 14                  2         6.1000E+00
             44                 15                 17         6.0500E+00
             44                 16                254         6.1000E+00
             44                 17               1162         6.2500E+00
             44                 18               4689         6.5000E+00
             44                 19              10576         6.8500E+00
             44                 20              20346         7.3000E+00
             44                 21              30597         7.8500E+00
             44                 22              34340         8.5000E+00
             44                 23              30760         9.2500E+00
             44                 24              20531         1.0100E+01
             44                 25               9971         1.1050E+01
             44                 26               3409         1.2100E+01
             44                 27               1009         1.3250E+01
             44                 28                210         1.4500E+01
             44                 29                 35         1.5850E+01
             45                 14                  1         5.0500E+00
             45                 15                 48         5.0000E+00
             45                 16                401         5.0500E+00
             45                 17               1975         5.2000E+00
             45                 18               7208         5.4500E+00
             45                 19              18008         5.8000E+00
             45                 20              34565         6.2500E+00
             45                 21              51433         6.8000E+00
             45                 22              56170         7.4500E+00
             45                 23              46623         8.2000E+00
             45                 24              30861         9.0500E+00
             45                 25              14706         1.0000E+01
             45                 26               4934         1.1050E+01
             45                 27               1392         1.2200E+01
             45                 28                232         1.3450E+01
             45                 29                 32         1.4800E+01
             46                 15                 32         4.0500E+00
             46                 16                489         4.1000E+00
             46                 17               2087         4.2500E+00
             46                 18               7229         4.5000E+00
             46                 19              18869         4.8500E+00
             46                 20              35792         5.3000E+00
             46                 21              51496         5.8500E+00
             46                 22              58135         6.5000E+00
             46                 23              45971         7.2500E+00
             46                 24              26975         8.1000E+00
             46                 25              13083         9.0500E+00
             46                 26               4491         1.0100E+01
             46                 27               1374         1.1250E+01
             46                 28                246         1.2500E+01
             46                 29                 27         1.3850E+01
             47                 15                  7         3.2000E+00
             47                 16                204         3.2500E+00
             47                 17               1043         3.4000E+00
             47                 18               3509         3.6500E+00
             47                 19               9714         4.0000E+00
             47                 20              19592         4.4500E+00
             47                 21              28503         5.0000E+00
             47                 22              32820         5.6500E+00
             47                 23              25430         6.4000E+00
             47                 24              14914         7.2500E+00
             47                 25               6369         8.2000E+00
             47                 26               2354         9.2500E+00
             47                 27                546         1.0400E+01
             47                 28                 88         1.1650E+01
             47                 29                  2         1.3000E+01
             48                 15                  7         2.4500E+00
             48                 16                 69         2.5000E+00
             48                 17                303         2.6500E+00
             48                 18               1399         2.9000E+00
             48                 19               3767         3.2500E+00
             48                 20               6462         3.7000E+00
             48                 21               9370         4.2500E+00
             48                 22              10678         4.9000E+00
             48                 23               8452         5.6500E+00
             48                 24               4542         6.5000E+00
             48                 25               1614         7.4500E+00
             48                 26                564         8.5000E+00
             48                 27                160         9.6500E+00
             48                 28                  7         1.0900E+01
             49                 16                 19         1.8500E+00
             49                 17                104         2.0000E+00
             49                 18                347         2.2500E+00
             49                 19               1197         2.6000E+00
             49                 20               1492         3.0500E+00
             49                 21               2082         3.6000E+00
             49                 22               2218         4.2500E+00
             49                 23               1731         5.0000E+00
             49                 24                795         5.8500E+00
             49                 25                335         6.8000E+00
             49                 26                116         7.8500E+00
             49                 27                 14         9.0000E+00
             49                 28                  5         1.0250E+01
             50                 16                  1         1.3000E+00
             50                 17                 28         1.4500E+00
             50                 18                 90         1.7000E+00
             50                 19                173         2.0500E+00
             50                 20                222         2.5000E+00
             50                 21                282         3.0500E+00
             50                 22                237         3.7000E+00
             50                 23                148         4.4500E+00
             50                 24                 78         5.3000E+00
             50                 25                 19         6.2500E+00
             50                 26                  7         7.3000E+00
             51                 18                  1         1.2500E+00
             51                 19                 10         1.6000E+00
             51                 20                 33         2.0500E+00
             51                 21                 20         2.6000E+00
             51                 22                  5         3.2500E+00
             51                 26                  1         6.8500E+00
