  #Crystal Size      Water Content              Count               Bias
             37                  3                  3         1.1650E+01
             37                  4                  4         1.3000E+01
             37                  5                  7         1.4450E+01
             37                  6                 16         1.6000E+01
             37                  7                 29         1.7650E+01
             37                  8                  5         1.9400E+01
             37                  9                  2         2.1250E+01
             38                  2                  4         9.6500E+00
             38                  3                 18         1.0900E+01
             38                  4                 30         1.2250E+01
             38                  5                107         1.3700E+01
             38                  6                107         1.5250E+01
             38                  7                157         1.6900E+01
             38                  8                 93         1.8650E+01
             38                  9                 18         2.0500E+01
             38                 10                  9         2.2450E+01
             38                 11                  1         2.4500E+01
             39                  2                  5         9.0000E+00
             39                  3                 55         1.0250E+01
             39                  4                201         1.1600E+01
             39                  5                634         1.3050E+01
             39                  6                832         1.4600E+01
             39                  7                778         1.6250E+01
             39                  8                457         1.8000E+01
             39                  9                184         1.9850E+01
             39                 10                 31         2.1800E+01
             39                 11                 18         2.3850E+01
             39                 12                  3         2.6000E+01
             40                  2                  6         8.4500E+00
             40                  3                180         9.7000E+00
             40                  4                853         1.1050E+01
             40                  5               2395         1.2500E+01
             40                  6               3343         1.4050E+01
             40                  7               3066         1.5700E+01
             40                  8               1723         1.7450E+01
             40                  9                789         1.9300E+01
             40                 10                265         2.1250E+01
             40                 11                120         2.3300E+01
             40                 12                 12         2.5450E+01
             41                  1                  6         6.8500E+00
             41                  2                 70         8.0000E+00
             41                  3                520         9.2500E+00
             41                  4               2573         1.0600E+01
             41                  5               7043         1.2050E+01
             41                  6              10108         1.3600E+01
             41                  7               9504         1.5250E+01
             41                  8               5937         1.7000E+01
             41                  9               2941         1.8850E+01
             41                 10               1087         2.0800E+01
             41                 11                274         2.2850E+01
             41                 12                 73         2.5000E+01
             41                 13                 16         2.7250E+01
             42                  1                  4         6.5000E+00
             42                  2                 98         7.6500E+00
             42                  3               1505         8.9000E+00
             42                  4               7262         1.0250E+01
             42                  5              17703         1.1700E+01
             42                  6              26733         1.3250E+01
             42                  7              24179         1.4900E+01
             42                  8              15413         1.6650E+01
             42                  9               7010         1.8500E+01
             42                 10               2392         2.0450E+01
             42                 11               1006         2.2500E+01
             42                 12                348         2.4650E+01
             42                 13                 56         2.6900E+01
             42                 14                 25         2.9250E+01
             43                  1                  9         6.2500E+00
             43                  2                315         7.4000E+00
             43                  3               2668         8.6500E+00
             43                  4              12811         1.0000E+01
             43                  5              32680         1.1450E+01
             43                  6              48084         1.3000E+01
             43                  7              45035         1.4650E+01
             43                  8              28242         1.6400E+01
             43                  9              13199         1.8250E+01
             43                 10               5386         2.0200E+01
             43                 11               2131         2.2250E+01
             43                 12                805         2.4400E+01
             43                 13                158         2.6650E+01
             43                 14                 31         2.9000E+01
             44                  1                  5         6.1000E+00
             44                  2                342         7.2500E+00
             44                  3               3422         8.5000E+00
             44                  4              16284         9.8500E+00
             44                  5              40107         1.1300E+01
             44                  6              61609         1.2850E+01
             44                  7              58092         1.4500E+01
             44                  8              37997         1.6250E+01
             44                  9              17802         1.8100E+01
             44                 10               8280         2.0050E+01
             44                 11               3326         2.2100E+01
             44                 12               1214         2.4250E+01
             44                 13                166         2.6500E+01
             44                 14                 49         2.8850E+01
             45                  1                  2         6.0500E+00
             45                  2                229         7.2000E+00
             45                  3               2722         8.4500E+00
             45                  4              12869         9.8000E+00
             45                  5              34565         1.1250E+01
             45                  6              52872         1.2800E+01
             45                  7              52698         1.4450E+01
             45                  8              35123         1.6200E+01
             45                  9              16471         1.8050E+01
             45                 10               8220         2.0000E+01
             45                 11               3520         2.2050E+01
             45                 12               1115         2.4200E+01
             45                 13                256         2.6450E+01
             45                 14                 16         2.8800E+01
             45                 15                  2         3.1250E+01
             46                  2                120         7.2500E+00
             46                  3               1309         8.5000E+00
             46                  4               6753         9.8500E+00
             46                  5              17734         1.1300E+01
             46                  6              29413         1.2850E+01
             46                  7              31783         1.4500E+01
             46                  8              20554         1.6250E+01
             46                  9              10194         1.8100E+01
             46                 10               5395         2.0050E+01
             46                 11               2156         2.2100E+01
             46                 12                661         2.4250E+01
             46                 13                166         2.6500E+01
             46                 14                 19         2.8850E+01
             47                  2                 12         7.4000E+00
             47                  3                383         8.6500E+00
             47                  4               2060         1.0000E+01
             47                  5               5760         1.1450E+01
             47                  6              10228         1.3000E+01
             47                  7              11839         1.4650E+01
             47                  8               7686         1.6400E+01
             47                  9               3940         1.8250E+01
             47                 10               1641         2.0200E+01
             47                 11                579         2.2250E+01
             47                 12                185         2.4400E+01
             47                 13                 22         2.6650E+01
             48                  3                 19         8.9000E+00
             48                  4                253         1.0250E+01
             48                  5               1153         1.1700E+01
             48                  6               2134         1.3250E+01
             48                  7               2041         1.4900E+01
             48                  8               1255         1.6650E+01
             48                  9                533         1.8500E+01
             48                 10                199         2.0450E+01
             48                 11                 32         2.2500E+01
             48                 12                 20         2.4650E+01
             48                 13                  1         2.6900E+01
             49                  3                 10         9.2500E+00
             49                  4                 30         1.0600E+01
             49                  5                 72         1.2050E+01
             49                  6                163         1.3600E+01
             49                  7                 72         1.5250E+01
             49                  8                 39         1.7000E+01
             49                  9                  6         1.8850E+01
             49                 10                  1         2.0800E+01
