  #Crystal Size      Water Content              Count               Bias
             34                  7                  2         1.6250E+01
             34                  8                  3         1.8000E+01
             35                  5                 15         1.2500E+01
             35                  6                 35         1.4050E+01
             35                  7                 30         1.5700E+01
             35                  8                 15         1.7450E+01
             35                  9                  1         1.9300E+01
             35                 10                  6         2.1250E+01
             35                 11                  1         2.3300E+01
             36                  4                  4         1.0600E+01
             36                  5                 83         1.2050E+01
             36                  6                148         1.3600E+01
             36                  7                134         1.5250E+01
             36                  8                 58         1.7000E+01
             36                  9                 15         1.8850E+01
             36                 10                 24         2.0800E+01
             36                 11                  5         2.2850E+01
             36                 12                  3         2.5000E+01
             36                 13                  1         2.7250E+01
             36                 14                  1         2.9600E+01
             37                  3                  5         8.9000E+00
             37                  4                 43         1.0250E+01
             37                  5                339         1.1700E+01
             37                  6                749         1.3250E+01
             37                  7                731         1.4900E+01
             37                  8                342         1.6650E+01
             37                  9                211         1.8500E+01
             37                 10                103         2.0450E+01
             37                 11                 24         2.2500E+01
             37                 12                  8         2.4650E+01
             37                 13                  4         2.6900E+01
             37                 14                  1         2.9250E+01
             38                  2                  2         7.4000E+00
             38                  3                 66         8.6500E+00
             38                  4                270         1.0000E+01
             38                  5               1314         1.1450E+01
             38                  6               2528         1.3000E+01
             38                  7               2664         1.4650E+01
             38                  8               2052         1.6400E+01
             38                  9               1064         1.8250E+01
             38                 10                499         2.0200E+01
             38                 11                260         2.2250E+01
             38                 12                113         2.4400E+01
             38                 13                 24         2.6650E+01
             39                  2                 27         7.2500E+00
             39                  3                184         8.5000E+00
             39                  4                961         9.8500E+00
             39                  5               3844         1.1300E+01
             39                  6               7353         1.2850E+01
             39                  7               8477         1.4500E+01
             39                  8               7540         1.6250E+01
             39                  9               3917         1.8100E+01
             39                 10               2078         2.0050E+01
             39                 11               1138         2.2100E+01
             39                 12                558         2.4250E+01
             39                 13                103         2.6500E+01
             39                 14                  7         2.8850E+01
             40                  2                  8         7.2000E+00
             40                  3                374         8.4500E+00
             40                  4               2392         9.8000E+00
             40                  5               8463         1.1250E+01
             40                  6              16708         1.2800E+01
             40                  7              20065         1.4450E+01
             40                  8              18102         1.6200E+01
             40                  9              10980         1.8050E+01
             40                 10               5625         2.0000E+01
             40                 11               3111         2.2050E+01
             40                 12               1394         2.4200E+01
             40                 13                329         2.6450E+01
             40                 14                 44         2.8800E+01
             40                 15                  2         3.1250E+01
             40                 16                  1         3.3800E+01
             41                  2                 31         7.2500E+00
             41                  3                651         8.5000E+00
             41                  4               3680         9.8500E+00
             41                  5              13483         1.1300E+01
             41                  6              27655         1.2850E+01
             41                  7              37027         1.4500E+01
             41                  8              34363         1.6250E+01
             41                  9              23346         1.8100E+01
             41                 10              12490         2.0050E+01
             41                 11               6755         2.2100E+01
             41                 12               2792         2.4250E+01
             41                 13                874         2.6500E+01
             41                 14                152         2.8850E+01
             41                 15                 20         3.1300E+01
             41                 16                  9         3.3850E+01
             42                  2                 53         7.4000E+00
             42                  3                761         8.6500E+00
             42                  4               4968         1.0000E+01
             42                  5              16924         1.1450E+01
             42                  6              34921         1.3000E+01
             42                  7              48515         1.4650E+01
             42                  8              47634         1.6400E+01
             42                  9              35046         1.8250E+01
             42                 10              19390         2.0200E+01
             42                 11              10613         2.2250E+01
             42                 12               4272         2.4400E+01
             42                 13               1415         2.6650E+01
             42                 14                246         2.9000E+01
             42                 15                 29         3.1450E+01
             42                 16                  8         3.4000E+01
             43                  2                 21         7.6500E+00
             43                  3                544         8.9000E+00
             43                  4               4023         1.0250E+01
             43                  5              14609         1.1700E+01
             43                  6              30564         1.3250E+01
             43                  7              45349         1.4900E+01
             43                  8              46687         1.6650E+01
             43                  9              36532         1.8500E+01
             43                 10              22639         2.0450E+01
             43                 11              12434         2.2500E+01
             43                 12               5390         2.4650E+01
             43                 13               1669         2.6900E+01
             43                 14                271         2.9250E+01
             43                 15                 28         3.1700E+01
             43                 16                  5         3.4250E+01
             44                  2                  3         8.0000E+00
             44                  3                252         9.2500E+00
             44                  4               2299         1.0600E+01
             44                  5               8767         1.2050E+01
             44                  6              18285         1.3600E+01
             44                  7              30412         1.5250E+01
             44                  8              33001         1.7000E+01
             44                  9              26258         1.8850E+01
             44                 10              18866         2.0800E+01
             44                 11              10461         2.2850E+01
             44                 12               4730         2.5000E+01
             44                 13               1414         2.7250E+01
             44                 14                181         2.9600E+01
             44                 15                 11         3.2050E+01
             44                 16                  2         3.4600E+01
             45                  3                104         9.7000E+00
             45                  4                835         1.1050E+01
             45                  5               3374         1.2500E+01
             45                  6               7426         1.4050E+01
             45                  7              13125         1.5700E+01
             45                  8              15269         1.7450E+01
             45                  9              12715         1.9300E+01
             45                 10              10422         2.1250E+01
             45                 11               5918         2.3300E+01
             45                 12               2465         2.5450E+01
             45                 13                846         2.7700E+01
             45                 14                192         3.0050E+01
             45                 15                  5         3.2500E+01
             46                  3                 19         1.0250E+01
             46                  4                181         1.1600E+01
             46                  5                801         1.3050E+01
             46                  6               1844         1.4600E+01
             46                  7               3760         1.6250E+01
             46                  8               4672         1.8000E+01
             46                  9               4313         1.9850E+01
             46                 10               3327         2.1800E+01
             46                 11               1757         2.3850E+01
             46                 12                811         2.6000E+01
             46                 13                248         2.8250E+01
             46                 14                 75         3.0600E+01
             46                 15                  2         3.3050E+01
             47                  4                 16         1.2250E+01
             47                  5                102         1.3700E+01
             47                  6                305         1.5250E+01
             47                  7                488         1.6900E+01
             47                  8                860         1.8650E+01
             47                  9                797         2.0500E+01
             47                 10                435         2.2450E+01
             47                 11                354         2.4500E+01
             47                 12                166         2.6650E+01
             47                 13                 58         2.8900E+01
             47                 14                 45         3.1250E+01
             48                  4                  2         1.3000E+01
             48                  5                  2         1.4450E+01
             48                  6                 10         1.6000E+01
             48                  7                 26         1.7650E+01
             48                  8                 65         1.9400E+01
             48                  9                 59         2.1250E+01
             48                 10                 36         2.3200E+01
             48                 11                 28         2.5250E+01
             48                 12                 21         2.7400E+01
             48                 13                  1         2.9650E+01
             49                  6                  1         1.6850E+01
             49                  9                  2         2.2100E+01
