  #Crystal Size      Water Content              Count               Bias
             33                 21                  4         1.3250E+01
             34                 18                  1         9.2500E+00
             34                 19                 11         1.0100E+01
             34                 20                  4         1.1050E+01
             34                 21                 32         1.2100E+01
             34                 22                  6         1.3250E+01
             34                 23                  3         1.4500E+01
             35                 15                  2         6.2500E+00
             35                 16                  1         6.8000E+00
             35                 17                  3         7.4500E+00
             35                 18                 13         8.2000E+00
             35                 19                 81         9.0500E+00
             35                 20                 72         1.0000E+01
             35                 21                142         1.1050E+01
             35                 22                 68         1.2200E+01
             35                 23                 29         1.3450E+01
             35                 24                 13         1.4800E+01
             35                 25                  3         1.6250E+01
             36                 11                  2         4.1000E+00
             36                 12                  1         4.2500E+00
             36                 13                  4         4.5000E+00
             36                 14                  3         4.8500E+00
             36                 15                 14         5.3000E+00
             36                 16                 36         5.8500E+00
             36                 17                104         6.5000E+00
             36                 18                200         7.2500E+00
             36                 19                346         8.1000E+00
             36                 20                556         9.0500E+00
             36                 21                886         1.0100E+01
             36                 22                411         1.1250E+01
             36                 23                244         1.2500E+01
             36                 24                142         1.3850E+01
             36                 25                 30         1.5300E+01
             36                 26                  6         1.6850E+01
             36                 27                  9         1.8500E+01
             37                 12                  5         3.4000E+00
             37                 13                 41         3.6500E+00
             37                 14                 61         4.0000E+00
             37                 15                140         4.4500E+00
             37                 16                293         5.0000E+00
             37                 17                477         5.6500E+00
             37                 18                919         6.4000E+00
             37                 19               1966         7.2500E+00
             37                 20               3007         8.2000E+00
             37                 21               3691         9.2500E+00
             37                 22               2356         1.0400E+01
             37                 23               1287         1.1650E+01
             37                 24                712         1.3000E+01
             37                 25                203         1.4450E+01
             37                 26                 44         1.6000E+01
             37                 27                 31         1.7650E+01
             38                 12                 24         2.6500E+00
             38                 13                155         2.9000E+00
             38                 14                467         3.2500E+00
             38                 15                734         3.7000E+00
             38                 16               1332         4.2500E+00
             38                 17               2302         4.9000E+00
             38                 18               4187         5.6500E+00
             38                 19               6757         6.5000E+00
             38                 20               9528         7.4500E+00
             38                 21              10048         8.5000E+00
             38                 22               7555         9.6500E+00
             38                 23               4053         1.0900E+01
             38                 24               2056         1.2250E+01
             38                 25                692         1.3700E+01
             38                 26                118         1.5250E+01
             38                 27                 19         1.6900E+01
             38                 28                  3         1.8650E+01
             39                 12                 39         2.0000E+00
             39                 13                444         2.2500E+00
             39                 14               1265         2.6000E+00
             39                 15               2808         3.0500E+00
             39                 16               5107         3.6000E+00
             39                 17               7269         4.2500E+00
             39                 18               9933         5.0000E+00
             39                 19              14585         5.8500E+00
             39                 20              19856         6.8000E+00
             39                 21              20471         7.8500E+00
             39                 22              15047         9.0000E+00
             39                 23               8563         1.0250E+01
             39                 24               4317         1.1600E+01
             39                 25               1545         1.3050E+01
             39                 26                268         1.4600E+01
             39                 27                 13         1.6250E+01
             40                 11                  7         1.3000E+00
             40                 12                118         1.4500E+00
             40                 13                700         1.7000E+00
             40                 14               2662         2.0500E+00
             40                 15               7069         2.5000E+00
             40                 16              11596         3.0500E+00
             40                 17              16098         3.7000E+00
             40                 18              18872         4.4500E+00
             40                 19              22687         5.3000E+00
             40                 20              28166         6.2500E+00
             40                 21              27574         7.3000E+00
             40                 22              19340         8.4500E+00
             40                 23               9909         9.7000E+00
             40                 24               5026         1.1050E+01
             40                 25               1391         1.2500E+01
             40                 26                320         1.4050E+01
             40                 27                 22         1.5700E+01
             41                 11                  7         8.5000E-01
             41                 12                226         1.0000E+00
             41                 13               1449         1.2500E+00
             41                 14               4835         1.6000E+00
             41                 15              11536         2.0500E+00
             41                 16              20240         2.6000E+00
             41                 17              26055         3.2500E+00
             41                 18              27504         4.0000E+00
             41                 19              28023         4.8500E+00
             41                 20              28661         5.8000E+00
             41                 21              23867         6.8500E+00
             41                 22              15865         8.0000E+00
             41                 23               7813         9.2500E+00
             41                 24               3427         1.0600E+01
             41                 25               1059         1.2050E+01
             41                 26                274         1.3600E+01
             41                 27                 19         1.5250E+01
             42                 11                  4         5.0000E-01
             42                 12                213         6.5000E-01
             42                 13               1746         9.0000E-01
             42                 14               6140         1.2500E+00
             42                 15              13873         1.7000E+00
             42                 16              24029         2.2500E+00
             42                 17              30950         2.9000E+00
             42                 18              31066         3.6500E+00
             42                 19              29288         4.5000E+00
             42                 20              24826         5.4500E+00
             42                 21              16485         6.5000E+00
             42                 22               9931         7.6500E+00
             42                 23               4719         8.9000E+00
             42                 24               1716         1.0250E+01
             42                 25                463         1.1700E+01
             42                 26                122         1.3250E+01
             42                 27                 10         1.4900E+01
             43                 11                 13         2.5000E-01
             43                 12                268         4.0000E-01
             43                 13               1328         6.5000E-01
             43                 14               5198         1.0000E+00
             43                 15              11993         1.4500E+00
             43                 16              20377         2.0000E+00
             43                 17              26174         2.6500E+00
             43                 18              26513         3.4000E+00
             43                 19              22319         4.2500E+00
             43                 20              16453         5.2000E+00
             43                 21              10364         6.2500E+00
             43                 22               4883         7.4000E+00
             43                 23               1935         8.6500E+00
             43                 24                519         1.0000E+01
             43                 25                145         1.1450E+01
             43                 26                 22         1.3000E+01
             43                 27                  3         1.4650E+01
             44                 11                 11         1.0000E-01
             44                 12                152         2.5000E-01
             44                 13                704         5.0000E-01
             44                 14               2516         8.5000E-01
             44                 15               5802         1.3000E+00
             44                 16              10707         1.8500E+00
             44                 17              13623         2.5000E+00
             44                 18              13780         3.2500E+00
             44                 19              11926         4.1000E+00
             44                 20               9055         5.0500E+00
             44                 21               5422         6.1000E+00
             44                 22               2450         7.2500E+00
             44                 23                797         8.5000E+00
             44                 24                150         9.8500E+00
             44                 25                 28         1.1300E+01
             44                 26                 12         1.2850E+01
             45                 12                 21         2.0000E-01
             45                 13                149         4.5000E-01
             45                 14                634         8.0000E-01
             45                 15               1581         1.2500E+00
             45                 16               3102         1.8000E+00
             45                 17               3805         2.4500E+00
             45                 18               3860         3.2000E+00
             45                 19               3579         4.0500E+00
             45                 20               3070         5.0000E+00
             45                 21               1781         6.0500E+00
             45                 22                702         7.2000E+00
             45                 23                227         8.4500E+00
             45                 24                 52         9.8000E+00
             45                 25                  4         1.1250E+01
             45                 26                  3         1.2800E+01
             46                 13                  4         5.0000E-01
             46                 14                 57         8.5000E-01
             46                 15                224         1.3000E+00
             46                 16                463         1.8500E+00
             46                 17                416         2.5000E+00
             46                 18                499         3.2500E+00
             46                 19                624         4.1000E+00
             46                 20                539         5.0500E+00
             46                 21                302         6.1000E+00
             46                 22                106         7.2500E+00
             46                 23                 24         8.5000E+00
             47                 14                  2         1.0000E+00
             47                 15                  9         1.4500E+00
             47                 16                 19         2.0000E+00
             47                 17                  6         2.6500E+00
             47                 18                 41         3.4000E+00
             47                 19                 59         4.2500E+00
             47                 20                 51         5.2000E+00
             47                 21                 45         6.2500E+00
             47                 22                 18         7.4000E+00
             47                 23                  3         8.6500E+00
             48                 19                  2         4.5000E+00
             48                 21                  1         6.5000E+00
             48                 22                  1         7.6500E+00
