  #Crystal Size      Water Content              Count               Bias
             38                 17                  3         9.6500E+00
             38                 18                  7         1.0400E+01
             39                 12                  1         6.2500E+00
             39                 14                  3         6.8500E+00
             39                 15                  1         7.3000E+00
             39                 16                  3         7.8500E+00
             39                 17                  6         8.5000E+00
             39                 18                  9         9.2500E+00
             39                 19                  8         1.0100E+01
             40                 12                  3         5.2000E+00
             40                 13                 21         5.4500E+00
             40                 14                 20         5.8000E+00
             40                 15                 24         6.2500E+00
             40                 16                 32         6.8000E+00
             40                 17                 50         7.4500E+00
             40                 18                 42         8.2000E+00
             40                 19                 33         9.0500E+00
             40                 20                 14         1.0000E+01
             41                 10                  3         4.0500E+00
             41                 11                  2         4.1000E+00
             41                 12                  7         4.2500E+00
             41                 13                 68         4.5000E+00
             41                 14                 89         4.8500E+00
             41                 15                154         5.3000E+00
             41                 16                238         5.8500E+00
             41                 17                256         6.5000E+00
             41                 18                205         7.2500E+00
             41                 19                 90         8.1000E+00
             41                 20                 61         9.0500E+00
             41                 21                 11         1.0100E+01
             41                 22                  2         1.1250E+01
             41                 23                  4         1.2500E+01
             41                 24                  5         1.3850E+01
             42                 10                  3         3.2000E+00
             42                 11                 42         3.2500E+00
             42                 12                131         3.4000E+00
             42                 13                288         3.6500E+00
             42                 14                648         4.0000E+00
             42                 15                921         4.4500E+00
             42                 16               1265         5.0000E+00
             42                 17               1368         5.6500E+00
             42                 18                777         6.4000E+00
             42                 19                498         7.2500E+00
             42                 20                224         8.2000E+00
             42                 21                 72         9.2500E+00
             42                 22                  6         1.0400E+01
             42                 23                 24         1.1650E+01
             42                 24                 19         1.3000E+01
             42                 25                  2         1.4450E+01
             43                  8                  1         2.6500E+00
             43                  9                 12         2.5000E+00
             43                 10                 25         2.4500E+00
             43                 11                135         2.5000E+00
             43                 12                465         2.6500E+00
             43                 13               1078         2.9000E+00
             43                 14               2084         3.2500E+00
             43                 15               3301         3.7000E+00
             43                 16               4556         4.2500E+00
             43                 17               4324         4.9000E+00
             43                 18               2874         5.6500E+00
             43                 19               1668         6.5000E+00
             43                 20                744         7.4500E+00
             43                 21                236         8.5000E+00
             43                 22                 71         9.6500E+00
             43                 23                 65         1.0900E+01
             43                 24                 16         1.2250E+01
             44                  9                  7         1.8500E+00
             44                 10                 58         1.8000E+00
             44                 11                281         1.8500E+00
             44                 12               1267         2.0000E+00
             44                 13               3088         2.2500E+00
             44                 14               5808         2.6000E+00
             44                 15               9516         3.0500E+00
             44                 16              12339         3.6000E+00
             44                 17              12129         4.2500E+00
             44                 18               8261         5.0000E+00
             44                 19               4533         5.8500E+00
             44                 20               2166         6.8000E+00
             44                 21                793         7.8500E+00
             44                 22                335         9.0000E+00
             44                 23                146         1.0250E+01
             44                 24                 34         1.1600E+01
             45                  9                 18         1.3000E+00
             45                 10                128         1.2500E+00
             45                 11                735         1.3000E+00
             45                 12               2575         1.4500E+00
             45                 13               6698         1.7000E+00
             45                 14              12248         2.0500E+00
             45                 15              19959         2.5000E+00
             45                 16              25748         3.0500E+00
             45                 17              24899         3.7000E+00
             45                 18              17331         4.4500E+00
             45                 19               9740         5.3000E+00
             45                 20               4521         6.2500E+00
             45                 21               1881         7.3000E+00
             45                 22                834         8.4500E+00
             45                 23                357         9.7000E+00
             45                 24                 67         1.1050E+01
             45                 25                 15         1.2500E+01
             46                  8                  1         1.0000E+00
             46                  9                 32         8.5000E-01
             46                 10                261         8.0000E-01
             46                 11               1348         8.5000E-01
             46                 12               3771         1.0000E+00
             46                 13              10147         1.2500E+00
             46                 14              19728         1.6000E+00
             46                 15              32418         2.0500E+00
             46                 16              41382         2.6000E+00
             46                 17              39381         3.2500E+00
             46                 18              28842         4.0000E+00
             46                 19              15820         4.8500E+00
             46                 20               7470         5.8000E+00
             46                 21               3250         6.8500E+00
             46                 22               1227         8.0000E+00
             46                 23                521         9.2500E+00
             46                 24                177         1.0600E+01
             46                 25                 17         1.2050E+01
             46                 26                  4         1.3600E+01
             47                  8                  1         6.5000E-01
             47                  9                 44         5.0000E-01
             47                 10                307         4.5000E-01
             47                 11               1380         5.0000E-01
             47                 12               4273         6.5000E-01
             47                 13              10885         9.0000E-01
             47                 14              22917         1.2500E+00
             47                 15              37645         1.7000E+00
             47                 16              48139         2.2500E+00
             47                 17              46822         2.9000E+00
             47                 18              33765         3.6500E+00
             47                 19              20072         4.5000E+00
             47                 20               9409         5.4500E+00
             47                 21               3997         6.5000E+00
             47                 22               1540         7.6500E+00
             47                 23                504         8.9000E+00
             47                 24                170         1.0250E+01
             47                 25                 14         1.1700E+01
             47                 26                  8         1.3250E+01
             48                  8                  2         4.0000E-01
             48                  9                 43         2.5000E-01
             48                 10                284         2.0000E-01
             48                 11                886         2.5000E-01
             48                 12               2669         4.0000E-01
             48                 13               8414         6.5000E-01
             48                 14              18789         1.0000E+00
             48                 15              31931         1.4500E+00
             48                 16              39549         2.0000E+00
             48                 17              38554         2.6500E+00
             48                 18              28453         3.4000E+00
             48                 19              16958         4.2500E+00
             48                 20               7910         5.2000E+00
             48                 21               3157         6.2500E+00
             48                 22               1477         7.4000E+00
             48                 23                583         8.6500E+00
             48                 24                177         1.0000E+01
             48                 25                 14         1.1450E+01
             48                 26                  1         1.3000E+01
             49                  9                  3         1.0000E-01
             49                 10                100         5.0000E-02
             49                 11                289         1.0000E-01
             49                 12               1094         2.5000E-01
             49                 13               3680         5.0000E-01
             49                 14               9074         8.5000E-01
             49                 15              15997         1.3000E+00
             49                 16              20852         1.8500E+00
             49                 17              20694         2.5000E+00
             49                 18              15642         3.2500E+00
             49                 19               9572         4.1000E+00
             49                 20               4252         5.0500E+00
             49                 21               1689         6.1000E+00
             49                 22                814         7.2500E+00
             49                 23                255         8.5000E+00
             49                 24                 61         9.8500E+00
             49                 25                  1         1.1300E+01
             50                  9                  5         5.0000E-02
             50                 10                 18         0.0000E+00
             50                 11                 56         5.0000E-02
             50                 12                217         2.0000E-01
             50                 13                818         4.5000E-01
             50                 14               2165         8.0000E-01
             50                 15               4188         1.2500E+00
             50                 16               5296         1.8000E+00
             50                 17               6018         2.4500E+00
             50                 18               4597         3.2000E+00
             50                 19               2699         4.0500E+00
             50                 20               1111         5.0000E+00
             50                 21                479         6.0500E+00
             50                 22                235         7.2000E+00
             50                 23                106         8.4500E+00
             50                 24                 45         9.8000E+00
             50                 25                  1         1.1250E+01
             51                 10                  7         5.0000E-02
             51                 11                 10         1.0000E-01
             51                 12                  5         2.5000E-01
             51                 13                 22         5.0000E-01
             51                 14                136         8.5000E-01
             51                 15                360         1.3000E+00
             51                 16                439         1.8500E+00
             51                 17                559         2.5000E+00
             51                 18                437         3.2500E+00
             51                 19                211         4.1000E+00
             51                 20                 67         5.0500E+00
             51                 21                 22         6.1000E+00
             51                 22                 18         7.2500E+00
             51                 23                 23         8.5000E+00
             51                 24                  7         9.8500E+00
             52                 11                  2         2.5000E-01
             52                 15                  2         1.4500E+00
             52                 16                  9         2.0000E+00
             52                 17                 40         2.6500E+00
             52                 18                 24         3.4000E+00
             52                 19                  4         4.2500E+00
