  #Crystal Size      Water Content              Count               Bias
             56                 23                 10         5.0000E-01
             56                 24                 13         8.5000E-01
             56                 26                  1         1.8500E+00
             56                 28                  6         3.2500E+00
             57                 22                  4         4.0000E-01
             57                 23                 28         6.5000E-01
             57                 24                 36         1.0000E+00
             57                 25                  7         1.4500E+00
             57                 26                  3         2.0000E+00
             57                 27                  2         2.6500E+00
             57                 28                 18         3.4000E+00
             57                 29                  3         4.2500E+00
             58                 21                 18         5.0000E-01
             58                 22                 37         6.5000E-01
             58                 23                 79         9.0000E-01
             58                 24                133         1.2500E+00
             58                 25                 56         1.7000E+00
             58                 26                 29         2.2500E+00
             58                 27                 24         2.9000E+00
             58                 28                 51         3.6500E+00
             58                 29                  3         4.5000E+00
             58                 30                  3         5.4500E+00
             59                 19                  5         8.5000E-01
             59                 20                  3         8.0000E-01
             59                 21                 34         8.5000E-01
             59                 22                 75         1.0000E+00
             59                 23                204         1.2500E+00
             59                 24                262         1.6000E+00
             59                 25                228         2.0500E+00
             59                 26                187         2.6000E+00
             59                 27                 80         3.2500E+00
             59                 28                 98         4.0000E+00
             59                 29                 41         4.8500E+00
             59                 30                  8         5.8000E+00
             60                 15                  1         2.5000E+00
             60                 16                  4         2.0500E+00
             60                 17                  8         1.7000E+00
             60                 18                  4         1.4500E+00
             60                 19                 36         1.3000E+00
             60                 20                 67         1.2500E+00
             60                 21                 85         1.3000E+00
             60                 22                265         1.4500E+00
             60                 23                422         1.7000E+00
             60                 24                683         2.0500E+00
             60                 25                696         2.5000E+00
             60                 26                495         3.0500E+00
             60                 27                288         3.7000E+00
             60                 28                190         4.4500E+00
             60                 29                107         5.3000E+00
             60                 30                 30         6.2500E+00
             60                 31                  2         7.3000E+00
             61                 15                 13         3.0500E+00
             61                 16                 32         2.6000E+00
             61                 17                 48         2.2500E+00
             61                 18                139         2.0000E+00
             61                 19                249         1.8500E+00
             61                 20                305         1.8000E+00
             61                 21                463         1.8500E+00
             61                 22                610         2.0000E+00
             61                 23               1058         2.2500E+00
             61                 24               1575         2.6000E+00
             61                 25               1419         3.0500E+00
             61                 26               1264         3.6000E+00
             61                 27                800         4.2500E+00
             61                 28                395         5.0000E+00
             61                 29                143         5.8500E+00
             61                 30                 79         6.8000E+00
             61                 31                  3         7.8500E+00
             62                 14                 15         4.2500E+00
             62                 15                 44         3.7000E+00
             62                 16                206         3.2500E+00
             62                 17                357         2.9000E+00
             62                 18                647         2.6500E+00
             62                 19               1057         2.5000E+00
             62                 20               1286         2.4500E+00
             62                 21               1529         2.5000E+00
             62                 22               1730         2.6500E+00
             62                 23               2117         2.9000E+00
             62                 24               2766         3.2500E+00
             62                 25               3008         3.7000E+00
             62                 26               2370         4.2500E+00
             62                 27               1564         4.9000E+00
             62                 28                798         5.6500E+00
             62                 29                288         6.5000E+00
             62                 30                122         7.4500E+00
             62                 31                  3         8.5000E+00
             63                 13                  2         5.6500E+00
             63                 14                 13         5.0000E+00
             63                 15                149         4.4500E+00
             63                 16                485         4.0000E+00
             63                 17               1087         3.6500E+00
             63                 18               2379         3.4000E+00
             63                 19               3906         3.2500E+00
             63                 20               4889         3.2000E+00
             63                 21               4983         3.2500E+00
             63                 22               4511         3.4000E+00
             63                 23               4477         3.6500E+00
             63                 24               4612         4.0000E+00
             63                 25               4145         4.4500E+00
             63                 26               3479         5.0000E+00
             63                 27               2244         5.6500E+00
             63                 28               1069         6.4000E+00
             63                 29                357         7.2500E+00
             63                 30                132         8.2000E+00
             63                 31                  6         9.2500E+00
             64                 12                 23         7.2500E+00
             64                 13                  2         6.5000E+00
             64                 14                 86         5.8500E+00
             64                 15                423         5.3000E+00
             64                 16               1319         4.8500E+00
             64                 17               2769         4.5000E+00
             64                 18               5696         4.2500E+00
             64                 19               9441         4.1000E+00
             64                 20              11597         4.0500E+00
             64                 21              11058         4.1000E+00
             64                 22               9628         4.2500E+00
             64                 23               8057         4.5000E+00
             64                 24               6954         4.8500E+00
             64                 25               5825         5.3000E+00
             64                 26               4207         5.8500E+00
             64                 27               2574         6.5000E+00
             64                 28               1306         7.2500E+00
             64                 29                509         8.1000E+00
             64                 30                153         9.0500E+00
             64                 31                 33         1.0100E+01
             64                 32                  4         1.1250E+01
             65                 11                  4         9.0500E+00
             65                 12                 32         8.2000E+00
             65                 13                 59         7.4500E+00
             65                 14                224         6.8000E+00
             65                 15                753         6.2500E+00
             65                 16               2576         5.8000E+00
             65                 17               5979         5.4500E+00
             65                 18              12047         5.2000E+00
             65                 19              17724         5.0500E+00
             65                 20              21721         5.0000E+00
             65                 21              21189         5.0500E+00
             65                 22              17131         5.2000E+00
             65                 23              11852         5.4500E+00
             65                 24               8429         5.8000E+00
             65                 25               5686         6.2500E+00
             65                 26               4052         6.8000E+00
             65                 27               2453         7.4500E+00
             65                 28               1216         8.2000E+00
             65                 29                520         9.0500E+00
             65                 30                187         1.0000E+01
             65                 31                 45         1.1050E+01
             65                 32                  8         1.2200E+01
             66                 11                  6         1.0100E+01
             66                 12                 61         9.2500E+00
             66                 13                 81         8.5000E+00
             66                 14                572         7.8500E+00
             66                 15               1482         7.3000E+00
             66                 16               4304         6.8500E+00
             66                 17               9223         6.5000E+00
             66                 18              17717         6.2500E+00
             66                 19              25523         6.1000E+00
             66                 20              30454         6.0500E+00
             66                 21              29726         6.1000E+00
             66                 22              23315         6.2500E+00
             66                 23              15118         6.5000E+00
             66                 24               8706         6.8500E+00
             66                 25               5632         7.3000E+00
             66                 26               3617         7.8500E+00
             66                 27               1992         8.5000E+00
             66                 28                880         9.2500E+00
             66                 29                366         1.0100E+01
             66                 30                135         1.1050E+01
             66                 31                 55         1.2100E+01
             66                 32                  2         1.3250E+01
             67                 11                 27         1.1250E+01
             67                 12                 51         1.0400E+01
             67                 13                273         9.6500E+00
             67                 14                807         9.0000E+00
             67                 15               2238         8.4500E+00
             67                 16               5340         8.0000E+00
             67                 17              11365         7.6500E+00
             67                 18              20379         7.4000E+00
             67                 19              28176         7.2500E+00
             67                 20              33039         7.2000E+00
             67                 21              31143         7.2500E+00
             67                 22              23778         7.4000E+00
             67                 23              14638         7.6500E+00
             67                 24               8091         8.0000E+00
             67                 25               4602         8.4500E+00
             67                 26               2515         9.0000E+00
             67                 27               1213         9.6500E+00
             67                 28                512         1.0400E+01
             67                 29                248         1.1250E+01
             67                 30                 71         1.2200E+01
             67                 31                 15         1.3250E+01
             67                 32                  2         1.4400E+01
             68                 10                  7         1.3450E+01
             68                 11                 23         1.2500E+01
             68                 12                 68         1.1650E+01
             68                 13                301         1.0900E+01
             68                 14                793         1.0250E+01
             68                 15               1938         9.7000E+00
             68                 16               4872         9.2500E+00
             68                 17              10593         8.9000E+00
             68                 18              18267         8.6500E+00
             68                 19              24442         8.5000E+00
             68                 20              27579         8.4500E+00
             68                 21              24806         8.5000E+00
             68                 22              17905         8.6500E+00
             68                 23              10765         8.9000E+00
             68                 24               6226         9.2500E+00
             68                 25               2756         9.7000E+00
             68                 26               1433         1.0250E+01
             68                 27                616         1.0900E+01
             68                 28                301         1.1650E+01
             68                 29                130         1.2500E+01
             68                 30                 26         1.3450E+01
             68                 31                 14         1.4500E+01
             69                 10                  4         1.4800E+01
             69                 11                  8         1.3850E+01
             69                 12                 44         1.3000E+01
             69                 13                239         1.2250E+01
             69                 14                808         1.1600E+01
             69                 15               1902         1.1050E+01
             69                 16               3885         1.0600E+01
             69                 17               8074         1.0250E+01
             69                 18              12881         1.0000E+01
             69                 19              16093         9.8500E+00
             69                 20              17569         9.8000E+00
             69                 21              15736         9.8500E+00
             69                 22              10931         1.0000E+01
             69                 23               6697         1.0250E+01
             69                 24               3472         1.0600E+01
             69                 25               1661         1.1050E+01
             69                 26                751         1.1600E+01
             69                 27                266         1.2250E+01
             69                 28                 96         1.3000E+01
             69                 29                 35         1.3850E+01
             69                 30                  3         1.4800E+01
             70                 10                  4         1.6250E+01
             70                 11                 32         1.5300E+01
             70                 12                 73         1.4450E+01
             70                 13                176         1.3700E+01
             70                 14                632         1.3050E+01
             70                 15               1390         1.2500E+01
             70                 16               2795         1.2050E+01
             70                 17               4821         1.1700E+01
             70                 18               7027         1.1450E+01
             70                 19               8707         1.1300E+01
             70                 20               9241         1.1250E+01
             70                 21               7520         1.1300E+01
             70                 22               4913         1.1450E+01
             70                 23               2968         1.1700E+01
             70                 24               1439         1.2050E+01
             70                 25                581         1.2500E+01
             70                 26                199         1.3050E+01
             70                 27                 93         1.3700E+01
             70                 28                 14         1.4450E+01
             71                 10                  4         1.7800E+01
             71                 11                 34         1.6850E+01
             71                 12                 84         1.6000E+01
             71                 13                 90         1.5250E+01
             71                 14                440         1.4600E+01
             71                 15                772         1.4050E+01
             71                 16               1341         1.3600E+01
             71                 17               2295         1.3250E+01
             71                 18               3209         1.3000E+01
             71                 19               3930         1.2850E+01
             71                 20               4080         1.2800E+01
             71                 21               2816         1.2850E+01
             71                 22               1682         1.3000E+01
             71                 23                915         1.3250E+01
             71                 24                474         1.3600E+01
             71                 25                138         1.4050E+01
             71                 26                 70         1.4600E+01
             71                 27                 13         1.5250E+01
             72                 11                  3         1.8500E+01
             72                 12                 46         1.7650E+01
             72                 13                 16         1.6900E+01
             72                 14                 64         1.6250E+01
             72                 15                275         1.5700E+01
             72                 16                488         1.5250E+01
             72                 17                926         1.4900E+01
             72                 18               1223         1.4650E+01
             72                 19               1488         1.4500E+01
             72                 20               1281         1.4450E+01
             72                 21                949         1.4500E+01
             72                 22                547         1.4650E+01
             72                 23                290         1.4900E+01
             72                 24                 82         1.5250E+01
             72                 25                 26         1.5700E+01
             72                 26                 13         1.6250E+01
             72                 27                  6         1.6900E+01
             72                 28                  1         1.7650E+01
             73                 11                  1         2.0250E+01
             73                 12                 35         1.9400E+01
             73                 13                  6         1.8650E+01
             73                 14                 30         1.8000E+01
             73                 15                 76         1.7450E+01
             73                 16                138         1.7000E+01
             73                 17                303         1.6650E+01
             73                 18                433         1.6400E+01
             73                 19                442         1.6250E+01
             73                 20                349         1.6200E+01
             73                 21                214         1.6250E+01
             73                 22                 56         1.6400E+01
             73                 23                 34         1.6650E+01
             73                 24                 12         1.7000E+01
             73                 25                  9         1.7450E+01
             73                 26                  4         1.8000E+01
             74                 11                  1         2.2100E+01
             74                 12                  2         2.1250E+01
             74                 14                  4         1.9850E+01
             74                 15                 19         1.9300E+01
             74                 16                 15         1.8850E+01
             74                 17                 66         1.8500E+01
             74                 18                118         1.8250E+01
             74                 19                123         1.8100E+01
             74                 20                 70         1.8050E+01
             74                 21                  9         1.8100E+01
             74                 22                  2         1.8250E+01
             74                 24                  3         1.8850E+01
             74                 26                  2         1.9850E+01
             75                 16                  4         2.0800E+01
             75                 18                  4         2.0200E+01
             75                 19                 13         2.0050E+01
             75                 20                 11         2.0000E+01
