  #Crystal Size      Water Content              Count               Bias
             72                  9                  1         7.2500E+00
             72                 11                  3         9.2500E+00
             73                  6                  5         4.2500E+00
             73                  7                 10         4.9000E+00
             73                  8                  6         5.6500E+00
             73                  9                  8         6.5000E+00
             73                 10                  4         7.4500E+00
             73                 11                  7         8.5000E+00
             73                 12                  3         9.6500E+00
             74                  4                  1         2.6000E+00
             74                  5                 21         3.0500E+00
             74                  6                 33         3.6000E+00
             74                  7                 62         4.2500E+00
             74                  8                 74         5.0000E+00
             74                  9                 45         5.8500E+00
             74                 10                 33         6.8000E+00
             74                 11                 24         7.8500E+00
             74                 12                  9         9.0000E+00
             74                 13                  2         1.0250E+01
             75                  3                  1         1.7000E+00
             75                  4                 15         2.0500E+00
             75                  5                 49         2.5000E+00
             75                  6                210         3.0500E+00
             75                  7                295         3.7000E+00
             75                  8                431         4.4500E+00
             75                  9                406         5.3000E+00
             75                 10                243         6.2500E+00
             75                 11                136         7.3000E+00
             75                 12                 82         8.4500E+00
             75                 13                 17         9.7000E+00
             75                 14                  1         1.1050E+01
             76                  2                  8         1.0000E+00
             76                  3                 12         1.2500E+00
             76                  4                 63         1.6000E+00
             76                  5                326         2.0500E+00
             76                  6                855         2.6000E+00
             76                  7               1411         3.2500E+00
             76                  8               1784         4.0000E+00
             76                  9               1762         4.8500E+00
             76                 10               1246         5.8000E+00
             76                 11                701         6.8500E+00
             76                 12                326         8.0000E+00
             76                 13                 81         9.2500E+00
             76                 14                 31         1.0600E+01
             76                 15                  1         1.2050E+01
             77                  2                  1         6.5000E-01
             77                  3                 37         9.0000E-01
             77                  4                240         1.2500E+00
             77                  5               1289         1.7000E+00
             77                  6               3370         2.2500E+00
             77                  7               5518         2.9000E+00
             77                  8               6411         3.6500E+00
             77                  9               6270         4.5000E+00
             77                 10               4234         5.4500E+00
             77                 11               2526         6.5000E+00
             77                 12               1124         7.6500E+00
             77                 13                314         8.9000E+00
             77                 14                 83         1.0250E+01
             77                 15                  7         1.1700E+01
             78                  1                  5         2.5000E-01
             78                  2                 22         4.0000E-01
             78                  3                 90         6.5000E-01
             78                  4                775         1.0000E+00
             78                  5               3895         1.4500E+00
             78                  6               9903         2.0000E+00
             78                  7              15291         2.6500E+00
             78                  8              17285         3.4000E+00
             78                  9              15293         4.2500E+00
             78                 10              10981         5.2000E+00
             78                 11               6406         6.2500E+00
             78                 12               2911         7.4000E+00
             78                 13                924         8.6500E+00
             78                 14                218         1.0000E+01
             78                 15                 15         1.1450E+01
             78                 16                  2         1.3000E+01
             79                  1                  5         1.0000E-01
             79                  2                 31         2.5000E-01
             79                  3                257         5.0000E-01
             79                  4               1965         8.5000E-01
             79                  5               8878         1.3000E+00
             79                  6              21056         1.8500E+00
             79                  7              31811         2.5000E+00
             79                  8              34427         3.2500E+00
             79                  9              29389         4.1000E+00
             79                 10              21124         5.0500E+00
             79                 11              12167         6.1000E+00
             79                 12               5245         7.2500E+00
             79                 13               1630         8.5000E+00
             79                 14                350         9.8500E+00
             79                 15                 35         1.1300E+01
             79                 16                  5         1.2850E+01
             80                  1                  8         5.0000E-02
             80                  2                 65         2.0000E-01
             80                  3                526         4.5000E-01
             80                  4               3646         8.0000E-01
             80                  5              14788         1.2500E+00
             80                  6              33328         1.8000E+00
             80                  7              47156         2.4500E+00
             80                  8              48231         3.2000E+00
             80                  9              40453         4.0500E+00
             80                 10              28455         5.0000E+00
             80                 11              15739         6.0500E+00
             80                 12               6330         7.2000E+00
             80                 13               1949         8.4500E+00
             80                 14                384         9.8000E+00
             80                 15                 55         1.1250E+01
             80                 16                  2         1.2800E+01
             81                  1                  2         1.0000E-01
             81                  2                 95         2.5000E-01
             81                  3                809         5.0000E-01
             81                  4               4536         8.5000E-01
             81                  5              16635         1.3000E+00
             81                  6              35006         1.8500E+00
             81                  7              47669         2.5000E+00
             81                  8              47146         3.2500E+00
             81                  9              37750         4.1000E+00
             81                 10              26109         5.0500E+00
             81                 11              14678         6.1000E+00
             81                 12               6144         7.2500E+00
             81                 13               1723         8.5000E+00
             81                 14                380         9.8500E+00
             81                 15                 85         1.1300E+01
             81                 16                  9         1.2850E+01
             82                  1                  4         2.5000E-01
             82                  2                158         4.0000E-01
             82                  3                849         6.5000E-01
             82                  4               3697         1.0000E+00
             82                  5              11989         1.4500E+00
             82                  6              24669         2.0000E+00
             82                  7              31829         2.6500E+00
             82                  8              29726         3.4000E+00
             82                  9              23233         4.2500E+00
             82                 10              16121         5.2000E+00
             82                 11               8895         6.2500E+00
             82                 12               3622         7.4000E+00
             82                 13                841         8.6500E+00
             82                 14                174         1.0000E+01
             82                 15                 58         1.1450E+01
             82                 16                 11         1.3000E+01
             83                  1                  2         5.0000E-01
             83                  2                 51         6.5000E-01
             83                  3                368         9.0000E-01
             83                  4               1734         1.2500E+00
             83                  5               5661         1.7000E+00
             83                  6              10797         2.2500E+00
             83                  7              11704         2.9000E+00
             83                  8              10716         3.6500E+00
             83                  9               8370         4.5000E+00
             83                 10               5300         5.4500E+00
             83                 11               2993         6.5000E+00
             83                 12               1112         7.6500E+00
             83                 13                340         8.9000E+00
             83                 14                 87         1.0250E+01
             83                 15                 31         1.1700E+01
             84                  2                 10         1.0000E+00
             84                  3                 72         1.2500E+00
             84                  4                468         1.6000E+00
             84                  5               1318         2.0500E+00
             84                  6               1940         2.6000E+00
             84                  7               1991         3.2500E+00
             84                  8               1712         4.0000E+00
             84                  9               1483         4.8500E+00
             84                 10                749         5.8000E+00
             84                 11                347         6.8500E+00
             84                 12                156         8.0000E+00
             84                 13                 56         9.2500E+00
             84                 14                  6         1.0600E+01
