  #Crystal Size      Water Content              Count               Bias
             61                 11                  3         1.8500E+00
             61                 16                  3         3.6000E+00
             62                 10                 12         2.4500E+00
             62                 11                  8         2.5000E+00
             62                 12                 15         2.6500E+00
             62                 13                 17         2.9000E+00
             62                 14                 22         3.2500E+00
             62                 15                 16         3.7000E+00
             62                 16                 11         4.2500E+00
             62                 17                  5         4.9000E+00
             63                 10                 46         3.2000E+00
             63                 11                 64         3.2500E+00
             63                 12                 48         3.4000E+00
             63                 13                 71         3.6500E+00
             63                 14                 94         4.0000E+00
             63                 15                 90         4.4500E+00
             63                 16                 33         5.0000E+00
             64                  9                 18         4.1000E+00
             64                 10                215         4.0500E+00
             64                 11                383         4.1000E+00
             64                 12                354         4.2500E+00
             64                 13                473         4.5000E+00
             64                 14                482         4.8500E+00
             64                 15                306         5.3000E+00
             64                 16                101         5.8500E+00
             64                 17                 34         6.5000E+00
             64                 18                  4         7.2500E+00
             64                 19                  3         8.1000E+00
             64                 20                  4         9.0500E+00
             65                  8                 48         5.2000E+00
             65                  9                301         5.0500E+00
             65                 10                753         5.0000E+00
             65                 11               1120         5.0500E+00
             65                 12               1526         5.2000E+00
             65                 13               1755         5.4500E+00
             65                 14               1673         5.8000E+00
             65                 15               1268         6.2500E+00
             65                 16                545         6.8000E+00
             65                 17                212         7.4500E+00
             65                 18                 55         8.2000E+00
             65                 19                 36         9.0500E+00
             65                 20                 21         1.0000E+01
             65                 21                  6         1.1050E+01
             66                  7                 17         6.5000E+00
             66                  8                249         6.2500E+00
             66                  9                629         6.1000E+00
             66                 10               1926         6.0500E+00
             66                 11               3276         6.1000E+00
             66                 12               4613         6.2500E+00
             66                 13               4514         6.5000E+00
             66                 14               4522         6.8500E+00
             66                 15               3538         7.3000E+00
             66                 16               2090         7.8500E+00
             66                 17                935         8.5000E+00
             66                 18                725         9.2500E+00
             66                 19                314         1.0100E+01
             66                 20                 94         1.1050E+01
             66                 21                 25         1.2100E+01
             66                 22                 14         1.3250E+01
             67                  7                117         7.6500E+00
             67                  8                459         7.4000E+00
             67                  9               1525         7.2500E+00
             67                 10               3786         7.2000E+00
             67                 11               6977         7.2500E+00
             67                 12               9908         7.4000E+00
             67                 13               9915         7.6500E+00
             67                 14               9648         8.0000E+00
             67                 15               8786         8.4500E+00
             67                 16               6950         9.0000E+00
             67                 17               3874         9.6500E+00
             67                 18               2221         1.0400E+01
             67                 19               1250         1.1250E+01
             67                 20                351         1.2200E+01
             67                 21                129         1.3250E+01
             67                 22                 19         1.4400E+01
             67                 23                  2         1.5650E+01
             68                  6                  2         9.2500E+00
             68                  7                245         8.9000E+00
             68                  8                913         8.6500E+00
             68                  9               3025         8.5000E+00
             68                 10               6552         8.4500E+00
             68                 11              11360         8.5000E+00
             68                 12              15632         8.6500E+00
             68                 13              17373         8.9000E+00
             68                 14              17698         9.2500E+00
             68                 15              17218         9.7000E+00
             68                 16              14173         1.0250E+01
             68                 17               8663         1.0900E+01
             68                 18               5138         1.1650E+01
             68                 19               2284         1.2500E+01
             68                 20                933         1.3450E+01
             68                 21                259         1.4500E+01
             68                 22                 31         1.5650E+01
             68                 23                  1         1.6900E+01
             69                  6                  7         1.0600E+01
             69                  7                372         1.0250E+01
             69                  8               1733         1.0000E+01
             69                  9               3824         9.8500E+00
             69                 10               8312         9.8000E+00
             69                 11              14676         9.8500E+00
             69                 12              20297         1.0000E+01
             69                 13              23593         1.0250E+01
             69                 14              25484         1.0600E+01
             69                 15              25765         1.1050E+01
             69                 16              22019         1.1600E+01
             69                 17              14728         1.2250E+01
             69                 18               8144         1.3000E+01
             69                 19               3533         1.3850E+01
             69                 20               1499         1.4800E+01
             69                 21                404         1.5850E+01
             69                 22                 51         1.7000E+01
             69                 23                 10         1.8250E+01
             70                  6                 46         1.2050E+01
             70                  7                408         1.1700E+01
             70                  8               1556         1.1450E+01
             70                  9               4434         1.1300E+01
             70                 10               9268         1.1250E+01
             70                 11              17047         1.1300E+01
             70                 12              22439         1.1450E+01
             70                 13              25480         1.1700E+01
             70                 14              28464         1.2050E+01
             70                 15              29128         1.2500E+01
             70                 16              24563         1.3050E+01
             70                 17              18217         1.3700E+01
             70                 18               9881         1.4450E+01
             70                 19               4268         1.5300E+01
             70                 20               1552         1.6250E+01
             70                 21                321         1.7300E+01
             70                 22                 80         1.8450E+01
             70                 23                  7         1.9700E+01
             71                  5                  6         1.4050E+01
             71                  6                 77         1.3600E+01
             71                  7                575         1.3250E+01
             71                  8               1677         1.3000E+01
             71                  9               3929         1.2850E+01
             71                 10               8245         1.2800E+01
             71                 11              14188         1.2850E+01
             71                 12              19099         1.3000E+01
             71                 13              21703         1.3250E+01
             71                 14              24548         1.3600E+01
             71                 15              24377         1.4050E+01
             71                 16              21805         1.4600E+01
             71                 17              15711         1.5250E+01
             71                 18               9192         1.6000E+01
             71                 19               3866         1.6850E+01
             71                 20               1246         1.7800E+01
             71                 21                304         1.8850E+01
             71                 22                 86         2.0000E+01
             71                 23                  8         2.1250E+01
             72                  4                  1         1.6250E+01
             72                  5                 41         1.5700E+01
             72                  6                145         1.5250E+01
             72                  7                574         1.4900E+01
             72                  8               1548         1.4650E+01
             72                  9               3347         1.4500E+01
             72                 10               6014         1.4450E+01
             72                 11               9976         1.4500E+01
             72                 12              13309         1.4650E+01
             72                 13              15785         1.4900E+01
             72                 14              16479         1.5250E+01
             72                 15              17103         1.5700E+01
             72                 16              14845         1.6250E+01
             72                 17              11060         1.6900E+01
             72                 18               6385         1.7650E+01
             72                 19               2452         1.8500E+01
             72                 20                689         1.9450E+01
             72                 21                258         2.0500E+01
             72                 22                  9         2.1650E+01
             72                 23                  1         2.2900E+01
             73                  4                  5         1.8000E+01
             73                  5                 41         1.7450E+01
             73                  6                217         1.7000E+01
             73                  7                833         1.6650E+01
             73                  8               1027         1.6400E+01
             73                  9               2183         1.6250E+01
             73                 10               3942         1.6200E+01
             73                 11               5627         1.6250E+01
             73                 12               7294         1.6400E+01
             73                 13               8980         1.6650E+01
             73                 14               9445         1.7000E+01
             73                 15               8837         1.7450E+01
             73                 16               7711         1.8000E+01
             73                 17               5796         1.8650E+01
             73                 18               3443         1.9400E+01
             73                 19               1455         2.0250E+01
             73                 20                412         2.1200E+01
             73                 21                 53         2.2250E+01
             73                 22                  2         2.3400E+01
             73                 23                  1         2.4650E+01
             74                  4                  1         1.9850E+01
             74                  5                 11         1.9300E+01
             74                  6                170         1.8850E+01
             74                  7                346         1.8500E+01
             74                  8                573         1.8250E+01
             74                  9                988         1.8100E+01
             74                 10               1757         1.8050E+01
             74                 11               2363         1.8100E+01
             74                 12               3612         1.8250E+01
             74                 13               4127         1.8500E+01
             74                 14               4195         1.8850E+01
             74                 15               4055         1.9300E+01
             74                 16               3223         1.9850E+01
             74                 17               2445         2.0500E+01
             74                 18               1247         2.1250E+01
             74                 19                478         2.2100E+01
             74                 20                171         2.3050E+01
             74                 21                 20         2.4100E+01
             74                 22                  1         2.5250E+01
             75                  5                  2         2.1250E+01
             75                  6                 50         2.0800E+01
             75                  7                 87         2.0450E+01
             75                  8                184         2.0200E+01
             75                  9                307         2.0050E+01
             75                 10                528         2.0000E+01
             75                 11                804         2.0050E+01
             75                 12               1326         2.0200E+01
             75                 13               1623         2.0450E+01
             75                 14               1655         2.0800E+01
             75                 15               1363         2.1250E+01
             75                 16               1045         2.1800E+01
             75                 17                762         2.2450E+01
             75                 18                326         2.3200E+01
             75                 19                 84         2.4050E+01
             75                 20                 66         2.5000E+01
             75                 21                 18         2.6050E+01
             76                  5                  2         2.3300E+01
             76                  6                 25         2.2850E+01
             76                  7                 25         2.2500E+01
             76                  8                 18         2.2250E+01
             76                  9                 61         2.2100E+01
             76                 10                169         2.2050E+01
             76                 11                391         2.2100E+01
             76                 12                354         2.2250E+01
             76                 13                384         2.2500E+01
             76                 14                370         2.2850E+01
             76                 15                274         2.3300E+01
             76                 16                279         2.3850E+01
             76                 17                150         2.4500E+01
             76                 18                 94         2.5250E+01
             76                 19                 32         2.6100E+01
             76                 20                 14         2.7050E+01
             77                  8                  7         2.4400E+01
             77                  9                 22         2.4250E+01
             77                 10                 31         2.4200E+01
             77                 11                 94         2.4250E+01
             77                 12                100         2.4400E+01
             77                 13                 60         2.4650E+01
             77                 14                 39         2.5000E+01
             77                 15                 32         2.5450E+01
             77                 16                 72         2.6000E+01
             77                 17                 37         2.6650E+01
             77                 18                 13         2.7400E+01
             78                  8                  1         2.6650E+01
             78                 11                  7         2.6500E+01
             78                 12                 16         2.6650E+01
             78                 13                 29         2.6900E+01
             78                 14                  5         2.7250E+01
             78                 16                  5         2.8250E+01
             78                 17                 26         2.8900E+01
             78                 18                  2         2.9650E+01
             79                 12                  2         2.9000E+01
             79                 13                  2         2.9250E+01
             79                 17                  8         3.1250E+01
             79                 18                  5         3.2000E+01
             79                 19                  1         3.2850E+01
