  #Crystal Size      Water Content              Count               Bias
             64                 18                  2         1.2500E+00
             65                 14                  8         1.3000E+00
             65                 16                  4         1.3000E+00
             65                 17                  1         1.4500E+00
             65                 18                 16         1.7000E+00
             65                 19                 16         2.0500E+00
             65                 21                  3         3.0500E+00
             66                 13                 10         2.0000E+00
             66                 14                 19         1.8500E+00
             66                 15                 36         1.8000E+00
             66                 16                 76         1.8500E+00
             66                 17                 53         2.0000E+00
             66                 18                 18         2.2500E+00
             66                 19                 55         2.6000E+00
             66                 20                 22         3.0500E+00
             66                 21                 14         3.6000E+00
             66                 22                  4         4.2500E+00
             66                 23                  8         5.0000E+00
             66                 24                  4         5.8500E+00
             67                 11                 33         3.2500E+00
             67                 12                  5         2.9000E+00
             67                 13                 81         2.6500E+00
             67                 14                150         2.5000E+00
             67                 15                241         2.4500E+00
             67                 16                388         2.5000E+00
             67                 17                330         2.6500E+00
             67                 18                218         2.9000E+00
             67                 19                319         3.2500E+00
             67                 20                260         3.7000E+00
             67                 21                106         4.2500E+00
             67                 22                 68         4.9000E+00
             67                 23                 28         5.6500E+00
             67                 24                  9         6.5000E+00
             68                  9                 11         5.0000E+00
             68                 10                 47         4.4500E+00
             68                 11                 97         4.0000E+00
             68                 12                168         3.6500E+00
             68                 13                298         3.4000E+00
             68                 14                805         3.2500E+00
             68                 15               1057         3.2000E+00
             68                 16               1505         3.2500E+00
             68                 17               1549         3.4000E+00
             68                 18               1336         3.6500E+00
             68                 19               1683         4.0000E+00
             68                 20               1310         4.4500E+00
             68                 21                739         5.0000E+00
             68                 22                297         5.6500E+00
             68                 23                 65         6.4000E+00
             68                 24                  7         7.2500E+00
             68                 25                  3         8.2000E+00
             69                  9                  5         5.8500E+00
             69                 10                150         5.3000E+00
             69                 11                341         4.8500E+00
             69                 12                645         4.5000E+00
             69                 13               1493         4.2500E+00
             69                 14               2574         4.1000E+00
             69                 15               3326         4.0500E+00
             69                 16               4313         4.1000E+00
             69                 17               4808         4.2500E+00
             69                 18               4663         4.5000E+00
             69                 19               4870         4.8500E+00
             69                 20               3649         5.3000E+00
             69                 21               2099         5.8500E+00
             69                 22               1155         6.5000E+00
             69                 23                435         7.2500E+00
             69                 24                120         8.1000E+00
             69                 25                 65         9.0500E+00
             70                  9                 20         6.8000E+00
             70                 10                214         6.2500E+00
             70                 11                667         5.8000E+00
             70                 12               1993         5.4500E+00
             70                 13               3702         5.2000E+00
             70                 14               6581         5.0500E+00
             70                 15               8135         5.0000E+00
             70                 16               9769         5.0500E+00
             70                 17              10735         5.2000E+00
             70                 18              10322         5.4500E+00
             70                 19              10137         5.8000E+00
             70                 20               8078         6.2500E+00
             70                 21               5259         6.8000E+00
             70                 22               2908         7.4500E+00
             70                 23               1482         8.2000E+00
             70                 24                511         9.0500E+00
             70                 25                 92         1.0000E+01
             70                 26                 10         1.1050E+01
             71                  9                 94         7.8500E+00
             71                 10                390         7.3000E+00
             71                 11               1350         6.8500E+00
             71                 12               4245         6.5000E+00
             71                 13               8566         6.2500E+00
             71                 14              12108         6.1000E+00
             71                 15              15977         6.0500E+00
             71                 16              17681         6.1000E+00
             71                 17              18361         6.2500E+00
             71                 18              17992         6.5000E+00
             71                 19              16648         6.8500E+00
             71                 20              14061         7.3000E+00
             71                 21               9505         7.8500E+00
             71                 22               4979         8.5000E+00
             71                 23               2317         9.2500E+00
             71                 24                664         1.0100E+01
             71                 25                117         1.1050E+01
             71                 26                 29         1.2100E+01
             71                 27                  3         1.3250E+01
             72                  7                  1         1.0400E+01
             72                  8                 23         9.6500E+00
             72                  9                137         9.0000E+00
             72                 10                614         8.4500E+00
             72                 11               2093         8.0000E+00
             72                 12               6116         7.6500E+00
             72                 13              11909         7.4000E+00
             72                 14              17625         7.2500E+00
             72                 15              21785         7.2000E+00
             72                 16              24431         7.2500E+00
             72                 17              24513         7.4000E+00
             72                 18              24192         7.6500E+00
             72                 19              21295         8.0000E+00
             72                 20              17726         8.4500E+00
             72                 21              11108         9.0000E+00
             72                 22               6467         9.6500E+00
             72                 23               2741         1.0400E+01
             72                 24                807         1.1250E+01
             72                 25                230         1.2200E+01
             72                 26                 71         1.3250E+01
             72                 27                  1         1.4400E+01
             73                  7                  3         1.1650E+01
             73                  8                 42         1.0900E+01
             73                  9                227         1.0250E+01
             73                 10                725         9.7000E+00
             73                 11               2352         9.2500E+00
             73                 12               7183         8.9000E+00
             73                 13              12864         8.6500E+00
             73                 14              19890         8.5000E+00
             73                 15              24215         8.4500E+00
             73                 16              25443         8.5000E+00
             73                 17              26123         8.6500E+00
             73                 18              25738         8.9000E+00
             73                 19              22782         9.2500E+00
             73                 20              17853         9.7000E+00
             73                 21              11167         1.0250E+01
             73                 22               5998         1.0900E+01
             73                 23               2539         1.1650E+01
             73                 24                934         1.2500E+01
             73                 25                174         1.3450E+01
             73                 26                 57         1.4500E+01
             73                 27                 16         1.5650E+01
             74                  8                 58         1.2250E+01
             74                  9                192         1.1600E+01
             74                 10                666         1.1050E+01
             74                 11               2379         1.0600E+01
             74                 12               5482         1.0250E+01
             74                 13              10642         1.0000E+01
             74                 14              15983         9.8500E+00
             74                 15              19002         9.8000E+00
             74                 16              20429         9.8500E+00
             74                 17              21074         1.0000E+01
             74                 18              20627         1.0250E+01
             74                 19              18146         1.0600E+01
             74                 20              14100         1.1050E+01
             74                 21               8688         1.1600E+01
             74                 22               4412         1.2250E+01
             74                 23               1966         1.3000E+01
             74                 24                683         1.3850E+01
             74                 25                146         1.4800E+01
             74                 26                 26         1.5850E+01
             74                 27                  1         1.7000E+01
             75                  7                  4         1.4450E+01
             75                  8                 32         1.3700E+01
             75                  9                161         1.3050E+01
             75                 10                462         1.2500E+01
             75                 11               1510         1.2050E+01
             75                 12               3521         1.1700E+01
             75                 13               6666         1.1450E+01
             75                 14               9518         1.1300E+01
             75                 15              10620         1.1250E+01
             75                 16              11682         1.1300E+01
             75                 17              12615         1.1450E+01
             75                 18              12623         1.1700E+01
             75                 19              10586         1.2050E+01
             75                 20               7740         1.2500E+01
             75                 21               4968         1.3050E+01
             75                 22               2762         1.3700E+01
             75                 23               1148         1.4450E+01
             75                 24                287         1.5300E+01
             75                 25                 57         1.6250E+01
             76                  8                  2         1.5250E+01
             76                  9                 37         1.4600E+01
             76                 10                243         1.4050E+01
             76                 11                656         1.3600E+01
             76                 12               1672         1.3250E+01
             76                 13               3311         1.3000E+01
             76                 14               4190         1.2850E+01
             76                 15               4861         1.2800E+01
             76                 16               5114         1.2850E+01
             76                 17               5663         1.3000E+01
             76                 18               5667         1.3250E+01
             76                 19               4774         1.3600E+01
             76                 20               3506         1.4050E+01
             76                 21               2093         1.4600E+01
             76                 22               1265         1.5250E+01
             76                 23                553         1.6000E+01
             76                 24                184         1.6850E+01
             76                 25                 35         1.7800E+01
             76                 26                 10         1.8850E+01
             77                  8                  2         1.6900E+01
             77                  9                  3         1.6250E+01
             77                 10                 56         1.5700E+01
             77                 11                192         1.5250E+01
             77                 12                560         1.4900E+01
             77                 13               1025         1.4650E+01
             77                 14               1444         1.4500E+01
             77                 15               1730         1.4450E+01
             77                 16               2088         1.4500E+01
             77                 17               2222         1.4650E+01
             77                 18               2130         1.4900E+01
             77                 19               1676         1.5250E+01
             77                 20               1145         1.5700E+01
             77                 21                703         1.6250E+01
             77                 22                400         1.6900E+01
             77                 23                108         1.7650E+01
             77                 24                 29         1.8500E+01
             77                 25                  7         1.9450E+01
             78                  9                  2         1.8000E+01
             78                 10                  5         1.7450E+01
             78                 11                 28         1.7000E+01
             78                 12                 92         1.6650E+01
             78                 13                223         1.6400E+01
             78                 14                359         1.6250E+01
             78                 15                624         1.6200E+01
             78                 16                633         1.6250E+01
             78                 17                523         1.6400E+01
             78                 18                486         1.6650E+01
             78                 19                408         1.7000E+01
             78                 20                294         1.7450E+01
             78                 21                197         1.8000E+01
             78                 22                 71         1.8650E+01
             78                 23                 36         1.9400E+01
             78                 24                 13         2.0250E+01
             79                 11                  1         1.8850E+01
             79                 12                 15         1.8500E+01
             79                 13                 22         1.8250E+01
             79                 14                 50         1.8100E+01
             79                 15                 75         1.8050E+01
             79                 16                122         1.8100E+01
             79                 17                 89         1.8250E+01
             79                 18                 92         1.8500E+01
             79                 19                 53         1.8850E+01
             79                 20                 76         1.9300E+01
             79                 21                 54         1.9850E+01
             79                 22                 13         2.0500E+01
             79                 23                  1         2.1250E+01
             80                 12                  1         2.0450E+01
             80                 13                  5         2.0200E+01
             80                 15                 16         2.0000E+01
             80                 16                 17         2.0050E+01
             80                 17                 30         2.0200E+01
             80                 18                  8         2.0450E+01
             80                 19                  8         2.0800E+01
             80                 20                  1         2.1250E+01
             80                 21                  2         2.1800E+01
             80                 22                  1         2.2450E+01
             81                 17                  1         2.2250E+01
             81                 19                 10         2.2850E+01
             81                 20                  7         2.3300E+01
             81                 21                  4         2.3850E+01
             82                 20                  3         2.5450E+01
             82                 21                  4         2.6000E+01
