  #Crystal Size      Water Content              Count               Bias
             69                 29                  1         6.8500E+00
             69                 30                  2         7.3000E+00
             70                 28                  1         5.4500E+00
             70                 29                  4         5.8000E+00
             70                 30                  3         6.2500E+00
             70                 31                  1         6.8000E+00
             71                 23                  1         4.2500E+00
             71                 24                  6         4.1000E+00
             71                 25                  8         4.0500E+00
             71                 26                 11         4.1000E+00
             71                 27                 11         4.2500E+00
             71                 28                 23         4.5000E+00
             71                 29                  5         4.8500E+00
             71                 30                 13         5.3000E+00
             71                 31                  3         5.8500E+00
             71                 32                  1         6.5000E+00
             72                 22                  7         3.6500E+00
             72                 23                 12         3.4000E+00
             72                 24                 37         3.2500E+00
             72                 25                 77         3.2000E+00
             72                 26                 88         3.2500E+00
             72                 27                 93         3.4000E+00
             72                 28                106         3.6500E+00
             72                 29                 43         4.0000E+00
             72                 30                 23         4.4500E+00
             72                 31                 11         5.0000E+00
             72                 32                  4         5.6500E+00
             72                 33                  1         6.4000E+00
             72                 34                  1         7.2500E+00
             73                 20                  4         3.7000E+00
             73                 21                 11         3.2500E+00
             73                 22                 35         2.9000E+00
             73                 23                 48         2.6500E+00
             73                 24                200         2.5000E+00
             73                 25                297         2.4500E+00
             73                 26                459         2.5000E+00
             73                 27                495         2.6500E+00
             73                 28                444         2.9000E+00
             73                 29                213         3.2500E+00
             73                 30                138         3.7000E+00
             73                 31                 54         4.2500E+00
             73                 32                 20         4.9000E+00
             73                 33                  9         5.6500E+00
             73                 34                  1         6.5000E+00
             73                 35                  3         7.4500E+00
             74                 18                  3         4.2500E+00
             74                 19                  4         3.6000E+00
             74                 20                 11         3.0500E+00
             74                 21                 68         2.6000E+00
             74                 22                203         2.2500E+00
             74                 23                323         2.0000E+00
             74                 24                607         1.8500E+00
             74                 25               1168         1.8000E+00
             74                 26               1536         1.8500E+00
             74                 27               1854         2.0000E+00
             74                 28               1480         2.2500E+00
             74                 29               1043         2.6000E+00
             74                 30                561         3.0500E+00
             74                 31                292         3.6000E+00
             74                 32                 98         4.2500E+00
             74                 33                 53         5.0000E+00
             74                 34                 25         5.8500E+00
             74                 35                  2         6.8000E+00
             74                 36                  2         7.8500E+00
             75                 18                  3         3.7000E+00
             75                 19                 31         3.0500E+00
             75                 20                 77         2.5000E+00
             75                 21                230         2.0500E+00
             75                 22                560         1.7000E+00
             75                 23               1119         1.4500E+00
             75                 24               2289         1.3000E+00
             75                 25               3588         1.2500E+00
             75                 26               5073         1.3000E+00
             75                 27               5806         1.4500E+00
             75                 28               5110         1.7000E+00
             75                 29               3457         2.0500E+00
             75                 30               2132         2.5000E+00
             75                 31               1114         3.0500E+00
             75                 32                425         3.7000E+00
             75                 33                155         4.4500E+00
             75                 34                 81         5.3000E+00
             75                 35                 18         6.2500E+00
             75                 36                  4         7.3000E+00
             76                 18                 21         3.2500E+00
             76                 19                 77         2.6000E+00
             76                 20                130         2.0500E+00
             76                 21                522         1.6000E+00
             76                 22               1597         1.2500E+00
             76                 23               3014         1.0000E+00
             76                 24               6213         8.5000E-01
             76                 25               9945         8.0000E-01
             76                 26              13611         8.5000E-01
             76                 27              14856         1.0000E+00
             76                 28              12511         1.2500E+00
             76                 29               9511         1.6000E+00
             76                 30               5959         2.0500E+00
             76                 31               2898         2.6000E+00
             76                 32               1138         3.2500E+00
             76                 33                340         4.0000E+00
             76                 34                125         4.8500E+00
             76                 35                 16         5.8000E+00
             76                 36                 10         6.8500E+00
             76                 37                  2         8.0000E+00
             77                 17                  2         3.6500E+00
             77                 18                 31         2.9000E+00
             77                 19                 98         2.2500E+00
             77                 20                319         1.7000E+00
             77                 21                804         1.2500E+00
             77                 22               2683         9.0000E-01
             77                 23               6004         6.5000E-01
             77                 24              12094         5.0000E-01
             77                 25              20314         4.5000E-01
             77                 26              27184         5.0000E-01
             77                 27              29071         6.5000E-01
             77                 28              25551         9.0000E-01
             77                 29              18355         1.2500E+00
             77                 30              11191         1.7000E+00
             77                 31               5583         2.2500E+00
             77                 32               2410         2.9000E+00
             77                 33                793         3.6500E+00
             77                 34                170         4.5000E+00
             77                 35                 40         5.4500E+00
             77                 36                  4         6.5000E+00
             77                 37                  1         7.6500E+00
             78                 17                  1         3.4000E+00
             78                 18                 33         2.6500E+00
             78                 19                143         2.0000E+00
             78                 20                534         1.4500E+00
             78                 21               1388         1.0000E+00
             78                 22               3787         6.5000E-01
             78                 23               8998         4.0000E-01
             78                 24              16817         2.5000E-01
             78                 25              28680         2.0000E-01
             78                 26              39478         2.5000E-01
             78                 27              42375         4.0000E-01
             78                 28              36322         6.5000E-01
             78                 29              27071         1.0000E+00
             78                 30              16164         1.4500E+00
             78                 31               7770         2.0000E+00
             78                 32               3205         2.6500E+00
             78                 33               1094         3.4000E+00
             78                 34                289         4.2500E+00
             78                 35                 67         5.2000E+00
             79                 18                 24         2.5000E+00
             79                 19                132         1.8500E+00
             79                 20                441         1.3000E+00
             79                 21               1511         8.5000E-01
             79                 22               3812         5.0000E-01
             79                 23               9302         2.5000E-01
             79                 24              17558         1.0000E-01
             79                 25              29035         5.0000E-02
             79                 26              39397         1.0000E-01
             79                 27              42345         2.5000E-01
             79                 28              36621         5.0000E-01
             79                 29              26233         8.5000E-01
             79                 30              15717         1.3000E+00
             79                 31               7817         1.8500E+00
             79                 32               3469         2.5000E+00
             79                 33               1011         3.2500E+00
             79                 34                249         4.1000E+00
             79                 35                 49         5.0500E+00
             80                 18                 19         2.4500E+00
             80                 19                 80         1.8000E+00
             80                 20                403         1.2500E+00
             80                 21               1179         8.0000E-01
             80                 22               2721         4.5000E-01
             80                 23               6079         2.0000E-01
             80                 24              11634         5.0000E-02
             80                 25              19288         0.0000E+00
             80                 26              26587         5.0000E-02
             80                 27              29220         2.0000E-01
             80                 28              24677         4.5000E-01
             80                 29              17559         8.0000E-01
             80                 30              10534         1.2500E+00
             80                 31               5213         1.8000E+00
             80                 32               2264         2.4500E+00
             80                 33                644         3.2000E+00
             80                 34                203         4.0500E+00
             80                 35                 49         5.0000E+00
             81                 18                  9         2.5000E+00
             81                 19                 51         1.8500E+00
             81                 20                167         1.3000E+00
             81                 21                518         8.5000E-01
             81                 22               1266         5.0000E-01
             81                 23               2744         2.5000E-01
             81                 24               4835         1.0000E-01
             81                 25               8140         5.0000E-02
             81                 26              11671         1.0000E-01
             81                 27              12218         2.5000E-01
             81                 28              10353         5.0000E-01
             81                 29               7373         8.5000E-01
             81                 30               4600         1.3000E+00
             81                 31               2286         1.8500E+00
             81                 32                949         2.5000E+00
             81                 33                295         3.2500E+00
             81                 34                 86         4.1000E+00
             81                 35                  9         5.0500E+00
             82                 18                  1         2.6500E+00
             82                 19                  3         2.0000E+00
             82                 20                 39         1.4500E+00
             82                 21                 95         1.0000E+00
             82                 22                276         6.5000E-01
             82                 23                636         4.0000E-01
             82                 24               1186         2.5000E-01
             82                 25               2021         2.0000E-01
             82                 26               2593         2.5000E-01
             82                 27               2621         4.0000E-01
             82                 28               2308         6.5000E-01
             82                 29               1560         1.0000E+00
             82                 30               1052         1.4500E+00
             82                 31                512         2.0000E+00
             82                 32                154         2.6500E+00
             82                 33                 25         3.4000E+00
             82                 34                  1         4.2500E+00
             83                 20                  5         1.7000E+00
             83                 21                 11         1.2500E+00
             83                 22                 23         9.0000E-01
             83                 23                 58         6.5000E-01
             83                 24                138         5.0000E-01
             83                 25                154         4.5000E-01
             83                 26                188         5.0000E-01
             83                 27                280         6.5000E-01
             83                 28                231         9.0000E-01
             83                 29                 93         1.2500E+00
             83                 30                 32         1.7000E+00
             83                 31                 10         2.2500E+00
             83                 32                  1         2.9000E+00
