  #Crystal Size      Water Content              Count               Bias
             68                 12                  1         4.9000E+00
             69                  8                  1         2.2500E+00
             69                 11                  3         3.6000E+00
             69                 12                  2         4.2500E+00
             69                 13                  2         5.0000E+00
             69                 14                  5         5.8500E+00
             70                  7                  3         1.4500E+00
             70                  8                 10         1.7000E+00
             70                  9                 15         2.0500E+00
             70                 10                 12         2.5000E+00
             70                 11                 31         3.0500E+00
             70                 12                 29         3.7000E+00
             70                 13                 20         4.4500E+00
             70                 14                 11         5.3000E+00
             70                 15                  2         6.2500E+00
             71                  6                  3         8.5000E-01
             71                  7                 21         1.0000E+00
             71                  8                 59         1.2500E+00
             71                  9                 76         1.6000E+00
             71                 10                106         2.0500E+00
             71                 11                111         2.6000E+00
             71                 12                 92         3.2500E+00
             71                 13                 76         4.0000E+00
             71                 14                 29         4.8500E+00
             71                 15                  6         5.8000E+00
             71                 16                  2         6.8500E+00
             72                  5                  2         4.5000E-01
             72                  6                 40         5.0000E-01
             72                  7                 78         6.5000E-01
             72                  8                230         9.0000E-01
             72                  9                383         1.2500E+00
             72                 10                476         1.7000E+00
             72                 11                433         2.2500E+00
             72                 12                304         2.9000E+00
             72                 13                193         3.6500E+00
             72                 14                 81         4.5000E+00
             72                 15                 14         5.4500E+00
             72                 16                  2         6.5000E+00
             72                 17                  5         7.6500E+00
             73                  4                  1         2.5000E-01
             73                  5                 13         2.0000E-01
             73                  6                159         2.5000E-01
             73                  7                345         4.0000E-01
             73                  8                955         6.5000E-01
             73                  9               1418         1.0000E+00
             73                 10               1690         1.4500E+00
             73                 11               1539         2.0000E+00
             73                 12               1080         2.6500E+00
             73                 13                611         3.4000E+00
             73                 14                255         4.2500E+00
             73                 15                 80         5.2000E+00
             73                 16                 17         6.2500E+00
             73                 17                  5         7.4000E+00
             74                  4                  6         1.0000E-01
             74                  5                 62         5.0000E-02
             74                  6                490         1.0000E-01
             74                  7               1400         2.5000E-01
             74                  8               2884         5.0000E-01
             74                  9               4312         8.5000E-01
             74                 10               4816         1.3000E+00
             74                 11               4271         1.8500E+00
             74                 12               3035         2.5000E+00
             74                 13               1525         3.2500E+00
             74                 14                738         4.1000E+00
             74                 15                267         5.0500E+00
             74                 16                 50         6.1000E+00
             74                 17                 21         7.2500E+00
             75                  4                 16         5.0000E-02
             75                  5                219         0.0000E+00
             75                  6               1253         5.0000E-02
             75                  7               3673         2.0000E-01
             75                  8               6799         4.5000E-01
             75                  9              10052         8.0000E-01
             75                 10              10616         1.2500E+00
             75                 11               9516         1.8000E+00
             75                 12               6608         2.4500E+00
             75                 13               3739         3.2000E+00
             75                 14               1600         4.0500E+00
             75                 15                518         5.0000E+00
             75                 16                109         6.0500E+00
             75                 17                 19         7.2000E+00
             76                  4                 77         1.0000E-01
             76                  5                605         5.0000E-02
             76                  6               2915         1.0000E-01
             76                  7               7376         2.5000E-01
             76                  8              13138         5.0000E-01
             76                  9              17821         8.5000E-01
             76                 10              19089         1.3000E+00
             76                 11              16495         1.8500E+00
             76                 12              11732         2.5000E+00
             76                 13               6381         3.2500E+00
             76                 14               2810         4.1000E+00
             76                 15                784         5.0500E+00
             76                 16                167         6.1000E+00
             76                 17                 23         7.2500E+00
             76                 18                  4         8.5000E+00
             77                  3                  2         4.0000E-01
             77                  4                151         2.5000E-01
             77                  5               1271         2.0000E-01
             77                  6               5344         2.5000E-01
             77                  7              12917         4.0000E-01
             77                  8              21763         6.5000E-01
             77                  9              27829         1.0000E+00
             77                 10              29327         1.4500E+00
             77                 11              25120         2.0000E+00
             77                 12              16999         2.6500E+00
             77                 13               8737         3.4000E+00
             77                 14               3390         4.2500E+00
             77                 15               1053         5.2000E+00
             77                 16                212         6.2500E+00
             77                 17                 46         7.4000E+00
             77                 18                  1         8.6500E+00
             78                  3                 21         6.5000E-01
             78                  4                275         5.0000E-01
             78                  5               2054         4.5000E-01
             78                  6               8125         5.0000E-01
             78                  7              18229         6.5000E-01
             78                  8              28494         9.0000E-01
             78                  9              35357         1.2500E+00
             78                 10              36478         1.7000E+00
             78                 11              30294         2.2500E+00
             78                 12              19613         2.9000E+00
             78                 13               9747         3.6500E+00
             78                 14               3640         4.5000E+00
             78                 15               1095         5.4500E+00
             78                 16                276         6.5000E+00
             78                 17                 69         7.6500E+00
             78                 18                 11         8.9000E+00
             78                 19                  3         1.0250E+01
             79                  3                 39         1.0000E+00
             79                  4                391         8.5000E-01
             79                  5               2554         8.0000E-01
             79                  6               9128         8.5000E-01
             79                  7              18647         1.0000E+00
             79                  8              29493         1.2500E+00
             79                  9              35914         1.6000E+00
             79                 10              36307         2.0500E+00
             79                 11              29179         2.6000E+00
             79                 12              18664         3.2500E+00
             79                 13               8914         4.0000E+00
             79                 14               3200         4.8500E+00
             79                 15                844         5.8000E+00
             79                 16                336         6.8500E+00
             79                 17                 78         8.0000E+00
             79                 18                  8         9.2500E+00
             79                 19                  5         1.0600E+01
             80                  2                  1         1.7000E+00
             80                  3                 54         1.4500E+00
             80                  4                447         1.3000E+00
             80                  5               2327         1.2500E+00
             80                  6               7333         1.3000E+00
             80                  7              15324         1.4500E+00
             80                  8              22962         1.7000E+00
             80                  9              28161         2.0500E+00
             80                 10              28350         2.5000E+00
             80                 11              21823         3.0500E+00
             80                 12              13067         3.7000E+00
             80                 13               5866         4.4500E+00
             80                 14               2063         5.3000E+00
             80                 15                539         6.2500E+00
             80                 16                171         7.3000E+00
             80                 17                 91         8.4500E+00
             80                 18                 32         9.7000E+00
             80                 19                  2         1.1050E+01
             81                  3                 30         2.0000E+00
             81                  4                257         1.8500E+00
             81                  5               1529         1.8000E+00
             81                  6               4481         1.8500E+00
             81                  7               8894         2.0000E+00
             81                  8              12675         2.2500E+00
             81                  9              15785         2.6000E+00
             81                 10              15371         3.0500E+00
             81                 11              12353         3.6000E+00
             81                 12               6984         4.2500E+00
             81                 13               3177         5.0000E+00
             81                 14                937         5.8500E+00
             81                 15                230         6.8000E+00
             81                 16                 44         7.8500E+00
             81                 17                 19         9.0000E+00
             81                 18                 10         1.0250E+01
             82                  3                 12         2.6500E+00
             82                  4                124         2.5000E+00
             82                  5                594         2.4500E+00
             82                  6               1842         2.5000E+00
             82                  7               3746         2.6500E+00
             82                  8               5350         2.9000E+00
             82                  9               5793         3.2500E+00
             82                 10               5409         3.7000E+00
             82                 11               4317         4.2500E+00
             82                 12               2342         4.9000E+00
             82                 13                864         5.6500E+00
             82                 14                231         6.5000E+00
             82                 15                 57         7.4500E+00
             82                 16                  5         8.5000E+00
             82                 17                  2         9.6500E+00
             83                  4                 24         3.2500E+00
             83                  5                112         3.2000E+00
             83                  6                448         3.2500E+00
             83                  7                979         3.4000E+00
             83                  8               1246         3.6500E+00
             83                  9               1217         4.0000E+00
             83                 10               1088         4.4500E+00
             83                 11                863         5.0000E+00
             83                 12                406         5.6500E+00
             83                 13                118         6.4000E+00
             83                 14                 26         7.2500E+00
             83                 15                  4         8.2000E+00
             84                  4                  1         4.1000E+00
             84                  5                 11         4.0500E+00
             84                  6                 56         4.1000E+00
             84                  7                 78         4.2500E+00
             84                  8                 76         4.5000E+00
             84                  9                148         4.8500E+00
             84                 10                109         5.3000E+00
             84                 11                 62         5.8500E+00
             84                 12                 28         6.5000E+00
             84                 13                  9         7.2500E+00
             84                 14                  2         8.1000E+00
