  #Crystal Size      Water Content              Count               Bias
             68                  9                  2         2.5000E-01
             68                 12                  1         4.0000E-01
             68                 13                  1         6.5000E-01
             68                 14                  6         1.0000E+00
             68                 15                  8         1.4500E+00
             69                  9                  7         1.0000E-01
             69                 10                  1         5.0000E-02
             69                 11                  4         1.0000E-01
             69                 12                  3         2.5000E-01
             69                 13                  5         5.0000E-01
             69                 14                 20         8.5000E-01
             69                 15                 17         1.3000E+00
             69                 16                 16         1.8500E+00
             69                 18                  1         3.2500E+00
             70                  8                  8         2.0000E-01
             70                  9                 18         5.0000E-02
             70                 10                 30         0.0000E+00
             70                 11                 47         5.0000E-02
             70                 12                 40         2.0000E-01
             70                 13                 52         4.5000E-01
             70                 14                 63         8.0000E-01
             70                 15                 71         1.2500E+00
             70                 16                 44         1.8000E+00
             70                 17                 44         2.4500E+00
             70                 18                 10         3.2000E+00
             70                 19                  4         4.0500E+00
             71                  7                 12         5.0000E-01
             71                  8                 36         2.5000E-01
             71                  9                107         1.0000E-01
             71                 10                188         5.0000E-02
             71                 11                258         1.0000E-01
             71                 12                307         2.5000E-01
             71                 13                246         5.0000E-01
             71                 14                320         8.5000E-01
             71                 15                240         1.3000E+00
             71                 16                173         1.8500E+00
             71                 17                 80         2.5000E+00
             71                 18                 22         3.2500E+00
             71                 19                  1         4.1000E+00
             71                 20                  6         5.0500E+00
             72                  6                  5         1.0000E+00
             72                  7                 90         6.5000E-01
             72                  8                161         4.0000E-01
             72                  9                535         2.5000E-01
             72                 10                890         2.0000E-01
             72                 11               1148         2.5000E-01
             72                 12               1109         4.0000E-01
             72                 13               1259         6.5000E-01
             72                 14               1239         1.0000E+00
             72                 15                945         1.4500E+00
             72                 16                507         2.0000E+00
             72                 17                238         2.6500E+00
             72                 18                113         3.4000E+00
             72                 19                 51         4.2500E+00
             72                 20                 13         5.2000E+00
             72                 22                  1         7.4000E+00
             73                  5                  9         1.7000E+00
             73                  6                 83         1.2500E+00
             73                  7                317         9.0000E-01
             73                  8                796         6.5000E-01
             73                  9               1756         5.0000E-01
             73                 10               2897         4.5000E-01
             73                 11               3763         5.0000E-01
             73                 12               4340         6.5000E-01
             73                 13               4557         9.0000E-01
             73                 14               4058         1.2500E+00
             73                 15               2674         1.7000E+00
             73                 16               1433         2.2500E+00
             73                 17                632         2.9000E+00
             73                 18                263         3.6500E+00
             73                 19                154         4.5000E+00
             73                 20                 76         5.4500E+00
             73                 21                 11         6.5000E+00
             74                  5                 24         2.0500E+00
             74                  6                195         1.6000E+00
             74                  7                955         1.2500E+00
             74                  8               2429         1.0000E+00
             74                  9               4760         8.5000E-01
             74                 10               8120         8.0000E-01
             74                 11              10444         8.5000E-01
             74                 12              11304         1.0000E+00
             74                 13              11284         1.2500E+00
             74                 14               9248         1.6000E+00
             74                 15               6033         2.0500E+00
             74                 16               3358         2.6000E+00
             74                 17               1549         3.2500E+00
             74                 18                594         4.0000E+00
             74                 19                216         4.8500E+00
             74                 20                 92         5.8000E+00
             74                 21                 12         6.8500E+00
             74                 22                  1         8.0000E+00
             75                  4                 15         3.0500E+00
             75                  5                 56         2.5000E+00
             75                  6                487         2.0500E+00
             75                  7               1909         1.7000E+00
             75                  8               5336         1.4500E+00
             75                  9              10452         1.3000E+00
             75                 10              16224         1.2500E+00
             75                 11              20422         1.3000E+00
             75                 12              21120         1.4500E+00
             75                 13              20341         1.7000E+00
             75                 14              16529         2.0500E+00
             75                 15              10804         2.5000E+00
             75                 16               5902         3.0500E+00
             75                 17               2848         3.7000E+00
             75                 18               1067         4.4500E+00
             75                 19                399         5.3000E+00
             75                 20                105         6.2500E+00
             75                 21                 14         7.3000E+00
             76                  4                 12         3.6000E+00
             76                  5                 66         3.0500E+00
             76                  6                698         2.6000E+00
             76                  7               3188         2.2500E+00
             76                  8               8888         2.0000E+00
             76                  9              16792         1.8500E+00
             76                 10              24214         1.8000E+00
             76                 11              30791         1.8500E+00
             76                 12              31643         2.0000E+00
             76                 13              28156         2.2500E+00
             76                 14              22763         2.6000E+00
             76                 15              14084         3.0500E+00
             76                 16               7566         3.6000E+00
             76                 17               3919         4.2500E+00
             76                 18               1359         5.0000E+00
             76                 19                411         5.8500E+00
             76                 20                 92         6.8000E+00
             76                 21                  8         7.8500E+00
             77                  3                  2         4.9000E+00
             77                  4                 77         4.2500E+00
             77                  5                158         3.7000E+00
             77                  6                913         3.2500E+00
             77                  7               3975         2.9000E+00
             77                  8              10341         2.6500E+00
             77                  9              19653         2.5000E+00
             77                 10              28175         2.4500E+00
             77                 11              34510         2.5000E+00
             77                 12              34864         2.6500E+00
             77                 13              30330         2.9000E+00
             77                 14              24013         3.2500E+00
             77                 15              14277         3.7000E+00
             77                 16               7670         4.2500E+00
             77                 17               3488         4.9000E+00
             77                 18               1241         5.6500E+00
             77                 19                409         6.5000E+00
             77                 20                 79         7.4500E+00
             77                 21                  2         8.5000E+00
             78                  4                 30         5.0000E+00
             78                  5                202         4.4500E+00
             78                  6                947         4.0000E+00
             78                  7               3574         3.6500E+00
             78                  8               9084         3.4000E+00
             78                  9              17194         3.2500E+00
             78                 10              24535         3.2000E+00
             78                 11              29303         3.2500E+00
             78                 12              29459         3.4000E+00
             78                 13              24425         3.6500E+00
             78                 14              18237         4.0000E+00
             78                 15              10408         4.4500E+00
             78                 16               5357         5.0000E+00
             78                 17               2474         5.6500E+00
             78                 18               1015         6.4000E+00
             78                 19                304         7.2500E+00
             78                 20                 50         8.2000E+00
             78                 21                  9         9.2500E+00
             79                  4                 33         5.8500E+00
             79                  5                185         5.3000E+00
             79                  6                685         4.8500E+00
             79                  7               2395         4.5000E+00
             79                  8               5977         4.2500E+00
             79                  9              11025         4.1000E+00
             79                 10              15836         4.0500E+00
             79                 11              18236         4.1000E+00
             79                 12              18141         4.2500E+00
             79                 13              14984         4.5000E+00
             79                 14               9679         4.8500E+00
             79                 15               5342         5.3000E+00
             79                 16               2836         5.8500E+00
             79                 17               1471         6.5000E+00
             79                 18                577         7.2500E+00
             79                 19                198         8.1000E+00
             79                 20                 52         9.0500E+00
             79                 21                  3         1.0100E+01
             80                  4                  8         6.8000E+00
             80                  5                 70         6.2500E+00
             80                  6                424         5.8000E+00
             80                  7               1192         5.4500E+00
             80                  8               2386         5.2000E+00
             80                  9               4773         5.0500E+00
             80                 10               6816         5.0000E+00
             80                 11               8301         5.0500E+00
             80                 12               8212         5.2000E+00
             80                 13               6663         5.4500E+00
             80                 14               4261         5.8000E+00
             80                 15               2181         6.2500E+00
             80                 16               1057         6.8000E+00
             80                 17                548         7.4500E+00
             80                 18                299         8.2000E+00
             80                 19                 82         9.0500E+00
             80                 20                 21         1.0000E+01
             81                  5                 13         7.3000E+00
             81                  6                194         6.8500E+00
             81                  7                454         6.5000E+00
             81                  8                835         6.2500E+00
             81                  9               1378         6.1000E+00
             81                 10               2142         6.0500E+00
             81                 11               2311         6.1000E+00
             81                 12               2411         6.2500E+00
             81                 13               1836         6.5000E+00
             81                 14               1140         6.8500E+00
             81                 15                585         7.3000E+00
             81                 16                164         7.8500E+00
             81                 17                116         8.5000E+00
             81                 18                 44         9.2500E+00
             81                 19                 12         1.0100E+01
             81                 20                  1         1.1050E+01
             82                  5                  8         8.4500E+00
             82                  6                 27         8.0000E+00
             82                  7                 54         7.6500E+00
             82                  8                143         7.4000E+00
             82                  9                299         7.2500E+00
             82                 10                495         7.2000E+00
             82                 11                517         7.2500E+00
             82                 12                369         7.4000E+00
             82                 13                271         7.6500E+00
             82                 14                148         8.0000E+00
             82                 15                 79         8.4500E+00
             82                 16                 38         9.0000E+00
             82                 17                 18         9.6500E+00
             82                 18                  2         1.0400E+01
             83                  8                 20         8.6500E+00
             83                  9                 41         8.5000E+00
             83                 10                 36         8.4500E+00
             83                 11                 33         8.5000E+00
             83                 12                 40         8.6500E+00
             83                 13                 20         8.9000E+00
             83                 14                 27         9.2500E+00
             83                 15                  4         9.7000E+00
             83                 16                  1         1.0250E+01
             84                 10                  1         9.8000E+00
