  #Crystal Size      Water Content              Count               Bias
             66                 21                  3         1.8500E+00
             66                 22                 11         2.5000E+00
             66                 23                  1         3.2500E+00
             66                 24                  1         4.1000E+00
             67                 17                  5         4.0000E-01
             67                 18                  2         6.5000E-01
             67                 19                  8         1.0000E+00
             67                 20                  3         1.4500E+00
             67                 21                 45         2.0000E+00
             67                 22                 15         2.6500E+00
             67                 23                 11         3.4000E+00
             67                 24                  2         4.2500E+00
             67                 27                  1         7.4000E+00
             68                 15                  2         4.5000E-01
             68                 16                  1         5.0000E-01
             68                 17                 30         6.5000E-01
             68                 18                 35         9.0000E-01
             68                 19                 45         1.2500E+00
             68                 20                 92         1.7000E+00
             68                 21                156         2.2500E+00
             68                 22                125         2.9000E+00
             68                 23                 78         3.6500E+00
             68                 24                 41         4.5000E+00
             68                 25                 18         5.4500E+00
             68                 26                  7         6.5000E+00
             68                 27                 18         7.6500E+00
             68                 28                  2         8.9000E+00
             69                 14                  1         8.5000E-01
             69                 15                 43         8.0000E-01
             69                 16                 37         8.5000E-01
             69                 17                 48         1.0000E+00
             69                 18                133         1.2500E+00
             69                 19                221         1.6000E+00
             69                 20                495         2.0500E+00
             69                 21                657         2.6000E+00
             69                 22                608         3.2500E+00
             69                 23                405         4.0000E+00
             69                 24                314         4.8500E+00
             69                 25                179         5.8000E+00
             69                 26                 74         6.8500E+00
             69                 27                 52         8.0000E+00
             69                 28                 12         9.2500E+00
             69                 29                  1         1.0600E+01
             70                 12                  1         1.7000E+00
             70                 13                  8         1.4500E+00
             70                 14                 12         1.3000E+00
             70                 15                 56         1.2500E+00
             70                 16                203         1.3000E+00
             70                 17                298         1.4500E+00
             70                 18                662         1.7000E+00
             70                 19               1175         2.0500E+00
             70                 20               2045         2.5000E+00
             70                 21               2608         3.0500E+00
             70                 22               2321         3.7000E+00
             70                 23               2016         4.4500E+00
             70                 24               1204         5.3000E+00
             70                 25                635         6.2500E+00
             70                 26                270         7.3000E+00
             70                 27                113         8.4500E+00
             70                 28                 34         9.7000E+00
             70                 29                  4         1.1050E+01
             71                 13                 11         2.0000E+00
             71                 14                 67         1.8500E+00
             71                 15                201         1.8000E+00
             71                 16                410         1.8500E+00
             71                 17               1133         2.0000E+00
             71                 18               2561         2.2500E+00
             71                 19               4343         2.6000E+00
             71                 20               6361         3.0500E+00
             71                 21               7106         3.6000E+00
             71                 22               6880         4.2500E+00
             71                 23               5267         5.0000E+00
             71                 24               3128         5.8500E+00
             71                 25               1629         6.8000E+00
             71                 26                584         7.8500E+00
             71                 27                235         9.0000E+00
             71                 28                 62         1.0250E+01
             71                 29                  9         1.1600E+01
             72                 12                  3         2.9000E+00
             72                 13                 60         2.6500E+00
             72                 14                178         2.5000E+00
             72                 15                628         2.4500E+00
             72                 16               1655         2.5000E+00
             72                 17               3241         2.6500E+00
             72                 18               6095         2.9000E+00
             72                 19               9734         3.2500E+00
             72                 20              14848         3.7000E+00
             72                 21              16765         4.2500E+00
             72                 22              15721         4.9000E+00
             72                 23              10699         5.6500E+00
             72                 24               6389         6.5000E+00
             72                 25               2844         7.4500E+00
             72                 26               1248         8.5000E+00
             72                 27                410         9.6500E+00
             72                 28                 74         1.0900E+01
             72                 29                 21         1.2250E+01
             72                 30                  7         1.3700E+01
             73                 12                 21         3.6500E+00
             73                 13                124         3.4000E+00
             73                 14                530         3.2500E+00
             73                 15               1469         3.2000E+00
             73                 16               3527         3.2500E+00
             73                 17               7077         3.4000E+00
             73                 18              11351         3.6500E+00
             73                 19              17925         4.0000E+00
             73                 20              24993         4.4500E+00
             73                 21              26756         5.0000E+00
             73                 22              24758         5.6500E+00
             73                 23              16898         6.4000E+00
             73                 24               9753         7.2500E+00
             73                 25               4890         8.2000E+00
             73                 26               1979         9.2500E+00
             73                 27                608         1.0400E+01
             73                 28                140         1.1650E+01
             73                 29                 25         1.3000E+01
             73                 30                  2         1.4450E+01
             74                 12                 33         4.5000E+00
             74                 13                220         4.2500E+00
             74                 14                700         4.1000E+00
             74                 15               2252         4.0500E+00
             74                 16               5097         4.1000E+00
             74                 17              10629         4.2500E+00
             74                 18              16952         4.5000E+00
             74                 19              24858         4.8500E+00
             74                 20              32512         5.3000E+00
             74                 21              34999         5.8500E+00
             74                 22              30427         6.5000E+00
             74                 23              21145         7.2500E+00
             74                 24              11361         8.1000E+00
             74                 25               5432         9.0500E+00
             74                 26               2416         1.0100E+01
             74                 27                706         1.1250E+01
             74                 28                127         1.2500E+01
             74                 29                 52         1.3850E+01
             74                 30                  4         1.5300E+01
             75                 11                  2         5.8000E+00
             75                 12                 40         5.4500E+00
             75                 13                210         5.2000E+00
             75                 14                830         5.0500E+00
             75                 15               2738         5.0000E+00
             75                 16               5887         5.0500E+00
             75                 17              11293         5.2000E+00
             75                 18              18362         5.4500E+00
             75                 19              27019         5.8000E+00
             75                 20              32800         6.2500E+00
             75                 21              34919         6.8000E+00
             75                 22              29726         7.4500E+00
             75                 23              19253         8.2000E+00
             75                 24              10312         9.0500E+00
             75                 25               4463         1.0000E+01
             75                 26               2028         1.1050E+01
             75                 27                736         1.2200E+01
             75                 28                224         1.3450E+01
             75                 29                 49         1.4800E+01
             75                 30                  7         1.6250E+01
             75                 31                  1         1.7800E+01
             76                 12                 49         6.5000E+00
             76                 13                148         6.2500E+00
             76                 14                802         6.1000E+00
             76                 15               2326         6.0500E+00
             76                 16               5481         6.1000E+00
             76                 17              10258         6.2500E+00
             76                 18              15497         6.5000E+00
             76                 19              22310         6.8500E+00
             76                 20              26039         7.3000E+00
             76                 21              25363         7.8500E+00
             76                 22              21014         8.5000E+00
             76                 23              14087         9.2500E+00
             76                 24               7233         1.0100E+01
             76                 25               2833         1.1050E+01
             76                 26               1275         1.2100E+01
             76                 27                517         1.3250E+01
             76                 28                176         1.4500E+01
             76                 29                 74         1.5850E+01
             76                 30                 18         1.7300E+01
             77                 12                 20         7.6500E+00
             77                 13                109         7.4000E+00
             77                 14                490         7.2500E+00
             77                 15               1391         7.2000E+00
             77                 16               3590         7.2500E+00
             77                 17               6784         7.4000E+00
             77                 18              10408         7.6500E+00
             77                 19              13890         8.0000E+00
             77                 20              14740         8.4500E+00
             77                 21              14784         9.0000E+00
             77                 22              11474         9.6500E+00
             77                 23               7045         1.0400E+01
             77                 24               3112         1.1250E+01
             77                 25               1359         1.2200E+01
             77                 26                615         1.3250E+01
             77                 27                159         1.4400E+01
             77                 28                 78         1.5650E+01
             77                 29                 36         1.7000E+01
             77                 30                  1         1.8450E+01
             78                 12                  2         8.9000E+00
             78                 13                 64         8.6500E+00
             78                 14                243         8.5000E+00
             78                 15                751         8.4500E+00
             78                 16               1850         8.5000E+00
             78                 17               3593         8.6500E+00
             78                 18               4927         8.9000E+00
             78                 19               5989         9.2500E+00
             78                 20               6603         9.7000E+00
             78                 21               5780         1.0250E+01
             78                 22               3908         1.0900E+01
             78                 23               2401         1.1650E+01
             78                 24               1127         1.2500E+01
             78                 25                470         1.3450E+01
             78                 26                251         1.4500E+01
             78                 27                 70         1.5650E+01
             78                 28                 12         1.6900E+01
             78                 29                  4         1.8250E+01
             79                 12                  1         1.0250E+01
             79                 13                 20         1.0000E+01
             79                 14                 69         9.8500E+00
             79                 15                231         9.8000E+00
             79                 16                640         9.8500E+00
             79                 17               1259         1.0000E+01
             79                 18               1518         1.0250E+01
             79                 19               1883         1.0600E+01
             79                 20               1922         1.1050E+01
             79                 21               1680         1.1600E+01
             79                 22               1038         1.2250E+01
             79                 23                654         1.3000E+01
             79                 24                400         1.3850E+01
             79                 25                171         1.4800E+01
             79                 26                 63         1.5850E+01
             79                 27                 11         1.7000E+01
             79                 28                  1         1.8250E+01
             80                 13                  2         1.1450E+01
             80                 14                  3         1.1300E+01
             80                 15                 43         1.1250E+01
             80                 16                158         1.1300E+01
             80                 17                242         1.1450E+01
             80                 18                337         1.1700E+01
             80                 19                428         1.2050E+01
             80                 20                343         1.2500E+01
             80                 21                317         1.3050E+01
             80                 22                169         1.3700E+01
             80                 23                228         1.4450E+01
             80                 24                157         1.5300E+01
             80                 25                 97         1.6250E+01
             80                 26                 16         1.7300E+01
             80                 27                 13         1.8450E+01
             80                 28                  1         1.9700E+01
             81                 15                  2         1.2800E+01
             81                 16                  6         1.2850E+01
             81                 17                 36         1.3000E+01
             81                 18                 55         1.3250E+01
             81                 19                 37         1.3600E+01
             81                 20                 46         1.4050E+01
             81                 21                 18         1.4600E+01
             81                 22                 10         1.5250E+01
             81                 23                 27         1.6000E+01
             81                 24                 29         1.6850E+01
             81                 25                 12         1.7800E+01
             81                 26                  2         1.8850E+01
             81                 27                  1         2.0000E+01
             82                 16                  1         1.4500E+01
             82                 17                  8         1.4650E+01
             82                 18                  4         1.4900E+01
             82                 22                  1         1.6900E+01
             82                 24                  3         1.8500E+01
