  #Crystal Size      Water Content              Count               Bias
             58                 22                  2         3.4000E+00
             58                 23                 10         3.6500E+00
             58                 24                  1         4.0000E+00
             58                 25                  4         4.4500E+00
             58                 26                  2         5.0000E+00
             59                 19                  4         4.1000E+00
             59                 20                  5         4.0500E+00
             59                 21                 22         4.1000E+00
             59                 22                 84         4.2500E+00
             59                 23                 48         4.5000E+00
             59                 24                 55         4.8500E+00
             59                 25                 72         5.3000E+00
             59                 26                 31         5.8500E+00
             59                 27                  9         6.5000E+00
             60                 18                 27         5.2000E+00
             60                 19                 55         5.0500E+00
             60                 20                163         5.0000E+00
             60                 21                294         5.0500E+00
             60                 22                299         5.2000E+00
             60                 23                504         5.4500E+00
             60                 24                254         5.8000E+00
             60                 25                334         6.2500E+00
             60                 26                216         6.8000E+00
             60                 27                 40         7.4500E+00
             60                 28                  7         8.2000E+00
             61                 17                  2         6.5000E+00
             61                 18                 25         6.2500E+00
             61                 19                306         6.1000E+00
             61                 20                625         6.0500E+00
             61                 21               1002         6.1000E+00
             61                 22               1487         6.2500E+00
             61                 23               1699         6.5000E+00
             61                 24               1563         6.8500E+00
             61                 25                921         7.3000E+00
             61                 26                620         7.8500E+00
             61                 27                233         8.5000E+00
             61                 28                 77         9.2500E+00
             61                 29                  6         1.0100E+01
             62                 16                  1         8.0000E+00
             62                 17                 77         7.6500E+00
             62                 18                272         7.4000E+00
             62                 19                876         7.2500E+00
             62                 20               1636         7.2000E+00
             62                 21               3320         7.2500E+00
             62                 22               4355         7.4000E+00
             62                 23               5063         7.6500E+00
             62                 24               4258         8.0000E+00
             62                 25               2978         8.4500E+00
             62                 26               1670         9.0000E+00
             62                 27                814         9.6500E+00
             62                 28                238         1.0400E+01
             62                 29                140         1.1250E+01
             62                 30                 63         1.2200E+01
             63                 16                  2         9.2500E+00
             63                 17                 93         8.9000E+00
             63                 18                433         8.6500E+00
             63                 19               1676         8.5000E+00
             63                 20               4301         8.4500E+00
             63                 21               6832         8.5000E+00
             63                 22               8508         8.6500E+00
             63                 23              10641         8.9000E+00
             63                 24               9999         9.2500E+00
             63                 25               6913         9.7000E+00
             63                 26               4099         1.0250E+01
             63                 27               2041         1.0900E+01
             63                 28                972         1.1650E+01
             63                 29                389         1.2500E+01
             63                 30                 74         1.3450E+01
             63                 31                 32         1.4500E+01
             64                 14                  4         1.1600E+01
             64                 15                 23         1.1050E+01
             64                 16                109         1.0600E+01
             64                 17                188         1.0250E+01
             64                 18                804         1.0000E+01
             64                 19               2764         9.8500E+00
             64                 20               6408         9.8000E+00
             64                 21              11089         9.8500E+00
             64                 22              15728         1.0000E+01
             64                 23              18076         1.0250E+01
             64                 24              17086         1.0600E+01
             64                 25              12552         1.1050E+01
             64                 26               7411         1.1600E+01
             64                 27               4474         1.2250E+01
             64                 28               1877         1.3000E+01
             64                 29                834         1.3850E+01
             64                 30                268         1.4800E+01
             64                 31                 95         1.5850E+01
             65                 13                 13         1.3700E+01
             65                 14                107         1.3050E+01
             65                 15                259         1.2500E+01
             65                 16                451         1.2050E+01
             65                 17                672         1.1700E+01
             65                 18               2132         1.1450E+01
             65                 19               4670         1.1300E+01
             65                 20               9165         1.1250E+01
             65                 21              14418         1.1300E+01
             65                 22              20336         1.1450E+01
             65                 23              23999         1.1700E+01
             65                 24              23234         1.2050E+01
             65                 25              17099         1.2500E+01
             65                 26              11167         1.3050E+01
             65                 27               6783         1.3700E+01
             65                 28               3574         1.4450E+01
             65                 29               1277         1.5300E+01
             65                 30                512         1.6250E+01
             65                 31                146         1.7300E+01
             65                 32                 12         1.8450E+01
             65                 33                  1         1.9700E+01
             66                 13                  1         1.5250E+01
             66                 14                154         1.4600E+01
             66                 15                921         1.4050E+01
             66                 16               1325         1.3600E+01
             66                 17               1959         1.3250E+01
             66                 18               3423         1.3000E+01
             66                 19               6638         1.2850E+01
             66                 20              10994         1.2800E+01
             66                 21              15550         1.2850E+01
             66                 22              21350         1.3000E+01
             66                 23              25446         1.3250E+01
             66                 24              23643         1.3600E+01
             66                 25              19682         1.4050E+01
             66                 26              13847         1.4600E+01
             66                 27               8704         1.5250E+01
             66                 28               4283         1.6000E+01
             66                 29               1768         1.6850E+01
             66                 30                547         1.7800E+01
             66                 31                285         1.8850E+01
             66                 32                 40         2.0000E+01
             67                 12                 10         1.7650E+01
             67                 13                 57         1.6900E+01
             67                 14                371         1.6250E+01
             67                 15               1391         1.5700E+01
             67                 16               2270         1.5250E+01
             67                 17               3832         1.4900E+01
             67                 18               6193         1.4650E+01
             67                 19               9005         1.4500E+01
             67                 20              13171         1.4450E+01
             67                 21              16291         1.4500E+01
             67                 22              19121         1.4650E+01
             67                 23              21205         1.4900E+01
             67                 24              22805         1.5250E+01
             67                 25              18708         1.5700E+01
             67                 26              14669         1.6250E+01
             67                 27               9564         1.6900E+01
             67                 28               4865         1.7650E+01
             67                 29               2273         1.8500E+01
             67                 30               1113         1.9450E+01
             67                 31                248         2.0500E+01
             67                 32                 23         2.1650E+01
             68                 12                 14         1.9400E+01
             68                 13                133         1.8650E+01
             68                 14                624         1.8000E+01
             68                 15               1677         1.7450E+01
             68                 16               3718         1.7000E+01
             68                 17               4563         1.6650E+01
             68                 18               6333         1.6400E+01
             68                 19               8524         1.6250E+01
             68                 20              11156         1.6200E+01
             68                 21              13040         1.6250E+01
             68                 22              16082         1.6400E+01
             68                 23              17582         1.6650E+01
             68                 24              17875         1.7000E+01
             68                 25              16130         1.7450E+01
             68                 26              12540         1.8000E+01
             68                 27               7929         1.8650E+01
             68                 28               3982         1.9400E+01
             68                 29               1624         2.0250E+01
             68                 30                767         2.1200E+01
             68                 31                236         2.2250E+01
             68                 32                 29         2.3400E+01
             69                 11                  3         2.2100E+01
             69                 12                 18         2.1250E+01
             69                 13                113         2.0500E+01
             69                 14                504         1.9850E+01
             69                 15               1641         1.9300E+01
             69                 16               3052         1.8850E+01
             69                 17               4074         1.8500E+01
             69                 18               4742         1.8250E+01
             69                 19               6655         1.8100E+01
             69                 20               7993         1.8050E+01
             69                 21               8524         1.8100E+01
             69                 22              10327         1.8250E+01
             69                 23              11822         1.8500E+01
             69                 24              11792         1.8850E+01
             69                 25              11426         1.9300E+01
             69                 26               8667         1.9850E+01
             69                 27               5832         2.0500E+01
             69                 28               2641         2.1250E+01
             69                 29               1357         2.2100E+01
             69                 30                465         2.3050E+01
             69                 31                145         2.4100E+01
             69                 32                 29         2.5250E+01
             70                 11                  4         2.4050E+01
             70                 12                 33         2.3200E+01
             70                 13                103         2.2450E+01
             70                 14                414         2.1800E+01
             70                 15               1132         2.1250E+01
             70                 16               1799         2.0800E+01
             70                 17               2942         2.0450E+01
             70                 18               3340         2.0200E+01
             70                 19               3844         2.0050E+01
             70                 20               4071         2.0000E+01
             70                 21               4446         2.0050E+01
             70                 22               4938         2.0200E+01
             70                 23               6132         2.0450E+01
             70                 24               6436         2.0800E+01
             70                 25               6513         2.1250E+01
             70                 26               4476         2.1800E+01
             70                 27               3411         2.2450E+01
             70                 28               1606         2.3200E+01
             70                 29                732         2.4050E+01
             70                 30                225         2.5000E+01
             70                 31                 52         2.6050E+01
             70                 32                  1         2.7200E+01
             71                 11                  1         2.6100E+01
             71                 12                 56         2.5250E+01
             71                 13                 56         2.4500E+01
             71                 14                149         2.3850E+01
             71                 15                459         2.3300E+01
             71                 16               1103         2.2850E+01
             71                 17               1315         2.2500E+01
             71                 18               1387         2.2250E+01
             71                 19               1420         2.2100E+01
             71                 20               1494         2.2050E+01
             71                 21               1663         2.2100E+01
             71                 22               2084         2.2250E+01
             71                 23               2895         2.2500E+01
             71                 24               3212         2.2850E+01
             71                 25               2550         2.3300E+01
             71                 26               1966         2.3850E+01
             71                 27               1675         2.4500E+01
             71                 28                877         2.5250E+01
             71                 29                335         2.6100E+01
             71                 30                117         2.7050E+01
             71                 31                  5         2.8100E+01
             72                 13                 17         2.6650E+01
             72                 14                 39         2.6000E+01
             72                 15                140         2.5450E+01
             72                 16                317         2.5000E+01
             72                 17                430         2.4650E+01
             72                 18                491         2.4400E+01
             72                 19                574         2.4250E+01
             72                 20                432         2.4200E+01
             72                 21                356         2.4250E+01
             72                 22                676         2.4400E+01
             72                 23                947         2.4650E+01
             72                 24                763         2.5000E+01
             72                 25                922         2.5450E+01
             72                 26               1027         2.6000E+01
             72                 27                835         2.6650E+01
             72                 28                342         2.7400E+01
             72                 29                 94         2.8250E+01
             72                 30                 17         2.9200E+01
             73                 14                  5         2.8250E+01
             73                 15                 14         2.7700E+01
             73                 16                 39         2.7250E+01
             73                 17                 74         2.6900E+01
             73                 18                162         2.6650E+01
             73                 19                113         2.6500E+01
             73                 20                 97         2.6450E+01
             73                 21                101         2.6500E+01
             73                 22                 73         2.6650E+01
             73                 23                182         2.6900E+01
             73                 24                200         2.7250E+01
             73                 25                268         2.7700E+01
             73                 26                317         2.8250E+01
             73                 27                158         2.8900E+01
             73                 28                 85         2.9650E+01
             73                 29                  6         3.0500E+01
             73                 30                  2         3.1450E+01
             74                 15                  2         3.0050E+01
             74                 16                 13         2.9600E+01
             74                 17                 10         2.9250E+01
             74                 18                 23         2.9000E+01
             74                 19                 13         2.8850E+01
             74                 20                 42         2.8800E+01
             74                 21                 19         2.8850E+01
             74                 22                  4         2.9000E+01
             74                 23                 39         2.9250E+01
             74                 24                 54         2.9600E+01
             74                 25                 47         3.0050E+01
             74                 26                 32         3.0600E+01
             74                 27                 38         3.1250E+01
             74                 28                  5         3.2000E+01
             74                 29                  1         3.2850E+01
             75                 16                 24         3.2050E+01
             75                 17                  4         3.1700E+01
             75                 23                  1         3.1700E+01
             75                 24                 21         3.2050E+01
             75                 25                  5         3.2500E+01
             75                 26                  1         3.3050E+01
             75                 27                  2         3.3700E+01
