  #Crystal Size      Water Content              Count               Bias
             63                 13                  1         6.5000E-01
             64                 10                  1         5.0000E-02
             64                 11                  2         1.0000E-01
             64                 12                  2         2.5000E-01
             64                 13                  3         5.0000E-01
             65                  9                 11         5.0000E-02
             65                 10                  7         0.0000E+00
             65                 11                 11         5.0000E-02
             65                 12                 11         2.0000E-01
             65                 13                 30         4.5000E-01
             65                 14                  6         8.0000E-01
             65                 15                  8         1.2500E+00
             65                 16                  7         1.8000E+00
             65                 17                  6         2.4500E+00
             65                 18                  9         3.2000E+00
             66                  8                  2         2.5000E-01
             66                  9                 14         1.0000E-01
             66                 10                 33         5.0000E-02
             66                 11                 62         1.0000E-01
             66                 12                 73         2.5000E-01
             66                 13                131         5.0000E-01
             66                 14                136         8.5000E-01
             66                 15                 83         1.3000E+00
             66                 16                 59         1.8500E+00
             66                 17                 42         2.5000E+00
             66                 18                 37         3.2500E+00
             66                 19                 10         4.1000E+00
             67                  8                 12         4.0000E-01
             67                  9                 24         2.5000E-01
             67                 10                111         2.0000E-01
             67                 11                201         2.5000E-01
             67                 12                271         4.0000E-01
             67                 13                504         6.5000E-01
             67                 14                578         1.0000E+00
             67                 15                335         1.4500E+00
             67                 16                361         2.0000E+00
             67                 17                216         2.6500E+00
             67                 18                126         3.4000E+00
             67                 19                 48         4.2500E+00
             67                 20                 17         5.2000E+00
             67                 21                  7         6.2500E+00
             67                 23                  1         8.6500E+00
             68                  7                  1         9.0000E-01
             68                  8                 17         6.5000E-01
             68                  9                 97         5.0000E-01
             68                 10                295         4.5000E-01
             68                 11                641         5.0000E-01
             68                 12                971         6.5000E-01
             68                 13               1405         9.0000E-01
             68                 14               1739         1.2500E+00
             68                 15               1363         1.7000E+00
             68                 16               1172         2.2500E+00
             68                 17                802         2.9000E+00
             68                 18                494         3.6500E+00
             68                 19                213         4.5000E+00
             68                 20                101         5.4500E+00
             68                 21                 46         6.5000E+00
             68                 22                 14         7.6500E+00
             68                 23                  3         8.9000E+00
             69                  7                 10         1.2500E+00
             69                  8                 83         1.0000E+00
             69                  9                274         8.5000E-01
             69                 10                710         8.0000E-01
             69                 11               1753         8.5000E-01
             69                 12               2860         1.0000E+00
             69                 13               4085         1.2500E+00
             69                 14               4621         1.6000E+00
             69                 15               4245         2.0500E+00
             69                 16               3410         2.6000E+00
             69                 17               2444         3.2500E+00
             69                 18               1446         4.0000E+00
             69                 19                763         4.8500E+00
             69                 20                331         5.8000E+00
             69                 21                102         6.8500E+00
             69                 22                 58         8.0000E+00
             69                 23                 14         9.2500E+00
             69                 24                  5         1.0600E+01
             70                  6                  1         2.0500E+00
             70                  7                 26         1.7000E+00
             70                  8                206         1.4500E+00
             70                  9                751         1.3000E+00
             70                 10               1732         1.2500E+00
             70                 11               3887         1.3000E+00
             70                 12               6433         1.4500E+00
             70                 13               8706         1.7000E+00
             70                 14              10496         2.0500E+00
             70                 15               9567         2.5000E+00
             70                 16               7573         3.0500E+00
             70                 17               5301         3.7000E+00
             70                 18               3293         4.4500E+00
             70                 19               1707         5.3000E+00
             70                 20                818         6.2500E+00
             70                 21                307         7.3000E+00
             70                 22                 72         8.4500E+00
             70                 23                 18         9.7000E+00
             70                 24                 19         1.1050E+01
             70                 25                  8         1.2500E+01
             71                  6                  3         2.6000E+00
             71                  7                101         2.2500E+00
             71                  8                417         2.0000E+00
             71                  9               1790         1.8500E+00
             71                 10               3985         1.8000E+00
             71                 11               7727         1.8500E+00
             71                 12              11984         2.0000E+00
             71                 13              16190         2.2500E+00
             71                 14              17717         2.6000E+00
             71                 15              16684         3.0500E+00
             71                 16              13215         3.6000E+00
             71                 17               8953         4.2500E+00
             71                 18               5287         5.0000E+00
             71                 19               2901         5.8500E+00
             71                 20               1302         6.8000E+00
             71                 21                353         7.8500E+00
             71                 22                 93         9.0000E+00
             71                 23                 47         1.0250E+01
             71                 24                 15         1.1600E+01
             71                 25                 17         1.3050E+01
             71                 26                 10         1.4600E+01
             72                  6                 24         3.2500E+00
             72                  7                200         2.9000E+00
             72                  8               1154         2.6500E+00
             72                  9               3227         2.5000E+00
             72                 10               7201         2.4500E+00
             72                 11              12419         2.5000E+00
             72                 12              18764         2.6500E+00
             72                 13              23096         2.9000E+00
             72                 14              24261         3.2500E+00
             72                 15              21437         3.7000E+00
             72                 16              16746         4.2500E+00
             72                 17              11609         4.9000E+00
             72                 18               6732         5.6500E+00
             72                 19               3359         6.5000E+00
             72                 20               1731         7.4500E+00
             72                 21                704         8.5000E+00
             72                 22                204         9.6500E+00
             72                 23                 40         1.0900E+01
             72                 24                 27         1.2250E+01
             72                 25                 45         1.3700E+01
             72                 26                  7         1.5250E+01
             73                  5                  4         4.4500E+00
             73                  6                 35         4.0000E+00
             73                  7                463         3.6500E+00
             73                  8               1801         3.4000E+00
             73                  9               5141         3.2500E+00
             73                 10              10813         3.2000E+00
             73                 11              17532         3.2500E+00
             73                 12              23898         3.4000E+00
             73                 13              27441         3.6500E+00
             73                 14              26960         4.0000E+00
             73                 15              22322         4.4500E+00
             73                 16              16685         5.0000E+00
             73                 17              11020         5.6500E+00
             73                 18               6400         6.4000E+00
             73                 19               3409         7.2500E+00
             73                 20               1501         8.2000E+00
             73                 21                541         9.2500E+00
             73                 22                252         1.0400E+01
             73                 23                 68         1.1650E+01
             73                 24                 38         1.3000E+01
             73                 25                 12         1.4450E+01
             73                 26                  3         1.6000E+01
             74                  5                 12         5.3000E+00
             74                  6                119         4.8500E+00
             74                  7                677         4.5000E+00
             74                  8               2422         4.2500E+00
             74                  9               6474         4.1000E+00
             74                 10              12435         4.0500E+00
             74                 11              19454         4.1000E+00
             74                 12              24632         4.2500E+00
             74                 13              27877         4.5000E+00
             74                 14              26181         4.8500E+00
             74                 15              19798         5.3000E+00
             74                 16              13469         5.8500E+00
             74                 17               7897         6.5000E+00
             74                 18               4652         7.2500E+00
             74                 19               2415         8.1000E+00
             74                 20                954         9.0500E+00
             74                 21                352         1.0100E+01
             74                 22                131         1.1250E+01
             74                 23                 55         1.2500E+01
             74                 24                 63         1.3850E+01
             74                 25                 15         1.5300E+01
             74                 26                  1         1.6850E+01
             75                  5                 46         6.2500E+00
             75                  6                135         5.8000E+00
             75                  7                657         5.4500E+00
             75                  8               2446         5.2000E+00
             75                  9               6326         5.0500E+00
             75                 10              11683         5.0000E+00
             75                 11              18095         5.0500E+00
             75                 12              22493         5.2000E+00
             75                 13              22929         5.4500E+00
             75                 14              19503         5.8000E+00
             75                 15              13934         6.2500E+00
             75                 16               8484         6.8000E+00
             75                 17               4537         7.4500E+00
             75                 18               2527         8.2000E+00
             75                 19               1275         9.0500E+00
             75                 20                551         1.0000E+01
             75                 21                173         1.1050E+01
             75                 22                 62         1.2200E+01
             75                 23                 24         1.3450E+01
             75                 24                  3         1.4800E+01
             75                 25                  6         1.6250E+01
             75                 26                 11         1.7800E+01
             76                  5                 45         7.3000E+00
             76                  6                154         6.8500E+00
             76                  7                669         6.5000E+00
             76                  8               1801         6.2500E+00
             76                  9               4526         6.1000E+00
             76                 10               8729         6.0500E+00
             76                 11              12832         6.1000E+00
             76                 12              15397         6.2500E+00
             76                 13              14750         6.5000E+00
             76                 14              11596         6.8500E+00
             76                 15               7672         7.3000E+00
             76                 16               4170         7.8500E+00
             76                 17               1981         8.5000E+00
             76                 18                918         9.2500E+00
             76                 19                366         1.0100E+01
             76                 20                183         1.1050E+01
             76                 21                 52         1.2100E+01
             76                 22                 36         1.3250E+01
             76                 23                 25         1.4500E+01
             76                 24                 14         1.5850E+01
             77                  4                  4         9.0000E+00
             77                  5                 13         8.4500E+00
             77                  6                124         8.0000E+00
             77                  7                411         7.6500E+00
             77                  8               1114         7.4000E+00
             77                  9               2765         7.2500E+00
             77                 10               4972         7.2000E+00
             77                 11               7080         7.2500E+00
             77                 12               7795         7.4000E+00
             77                 13               7165         7.6500E+00
             77                 14               5274         8.0000E+00
             77                 15               3469         8.4500E+00
             77                 16               1929         9.0000E+00
             77                 17                808         9.6500E+00
             77                 18                277         1.0400E+01
             77                 19                 99         1.1250E+01
             77                 20                 47         1.2200E+01
             77                 21                  7         1.3250E+01
             77                 23                 10         1.5650E+01
             77                 24                  1         1.7000E+01
             78                  4                  1         1.0250E+01
             78                  5                  6         9.7000E+00
             78                  6                 58         9.2500E+00
             78                  7                297         8.9000E+00
             78                  8                732         8.6500E+00
             78                  9               1314         8.5000E+00
             78                 10               2087         8.4500E+00
             78                 11               2867         8.5000E+00
             78                 12               3289         8.6500E+00
             78                 13               2905         8.9000E+00
             78                 14               2196         9.2500E+00
             78                 15               1243         9.7000E+00
             78                 16                669         1.0250E+01
             78                 17                270         1.0900E+01
             78                 18                106         1.1650E+01
             78                 19                 27         1.2500E+01
             78                 20                  3         1.3450E+01
             78                 22                  2         1.5650E+01
             79                  5                  2         1.1050E+01
             79                  6                 24         1.0600E+01
             79                  7                149         1.0250E+01
             79                  8                371         1.0000E+01
             79                  9                520         9.8500E+00
             79                 10                658         9.8000E+00
             79                 11                924         9.8500E+00
             79                 12                968         1.0000E+01
             79                 13               1034         1.0250E+01
             79                 14                650         1.0600E+01
             79                 15                357         1.1050E+01
             79                 16                174         1.1600E+01
             79                 17                 57         1.2250E+01
             79                 18                 29         1.3000E+01
             79                 19                 10         1.3850E+01
             80                  6                 16         1.2050E+01
             80                  7                 65         1.1700E+01
             80                  8                123         1.1450E+01
             80                  9                119         1.1300E+01
             80                 10                113         1.1250E+01
             80                 11                141         1.1300E+01
             80                 12                212         1.1450E+01
             80                 13                225         1.1700E+01
             80                 14                146         1.2050E+01
             80                 15                 67         1.2500E+01
             80                 16                 34         1.3050E+01
             80                 17                 31         1.3700E+01
             80                 18                  2         1.4450E+01
             81                  6                  2         1.3600E+01
             81                  7                 11         1.3250E+01
             81                  8                  5         1.3000E+01
             81                  9                  7         1.2850E+01
             81                 10                 26         1.2800E+01
             81                 11                 17         1.2850E+01
             81                 12                 30         1.3000E+01
             81                 13                 48         1.3250E+01
             81                 14                 38         1.3600E+01
             81                 15                  9         1.4050E+01
             82                  7                  1         1.4900E+01
             82                 10                  2         1.4450E+01
             82                 11                  2         1.4500E+01
             82                 14                  6         1.5250E+01
             82                 15                  1         1.5700E+01
             82                 16                  2         1.6250E+01
