  #Crystal Size      Water Content              Count               Bias
             67                  7                  3         2.6500E+00
             67                  8                  5         3.4000E+00
             67                  9                  1         4.2500E+00
             67                 10                  8         5.2000E+00
             67                 11                  7         6.2500E+00
             68                  3                 10         9.0000E-01
             68                  6                 27         2.2500E+00
             68                  7                147         2.9000E+00
             68                  8                 95         3.6500E+00
             68                  9                 63         4.5000E+00
             68                 10                 58         5.4500E+00
             68                 11                 43         6.5000E+00
             68                 12                 13         7.6500E+00
             68                 13                  2         8.9000E+00
             68                 17                  1         1.4900E+01
             69                  3                  1         1.2500E+00
             69                  4                 19         1.6000E+00
             69                  5                 32         2.0500E+00
             69                  6                168         2.6000E+00
             69                  7                581         3.2500E+00
             69                  8                497         4.0000E+00
             69                  9                408         4.8500E+00
             69                 10                301         5.8000E+00
             69                 11                290         6.8500E+00
             69                 12                119         8.0000E+00
             69                 13                 22         9.2500E+00
             69                 14                  6         1.0600E+01
             69                 15                  3         1.2050E+01
             69                 16                  2         1.3600E+01
             69                 17                  3         1.5250E+01
             70                  3                  8         1.7000E+00
             70                  4                 49         2.0500E+00
             70                  5                213         2.5000E+00
             70                  6               1094         3.0500E+00
             70                  7               2216         3.7000E+00
             70                  8               2236         4.4500E+00
             70                  9               1734         5.3000E+00
             70                 10               1339         6.2500E+00
             70                 11               1030         7.3000E+00
             70                 12                486         8.4500E+00
             70                 13                188         9.7000E+00
             70                 14                 32         1.1050E+01
             70                 15                 25         1.2500E+01
             70                 16                  4         1.4050E+01
             71                  3                  3         2.2500E+00
             71                  4                196         2.6000E+00
             71                  5                849         3.0500E+00
             71                  6               3325         3.6000E+00
             71                  7               6180         4.2500E+00
             71                  8               7643         5.0000E+00
             71                  9               6304         5.8500E+00
             71                 10               4401         6.8000E+00
             71                 11               2668         7.8500E+00
             71                 12               1479         9.0000E+00
             71                 13                706         1.0250E+01
             71                 14                172         1.1600E+01
             71                 15                 46         1.3050E+01
             71                 16                  1         1.4600E+01
             72                  2                  2         2.6500E+00
             72                  3                 54         2.9000E+00
             72                  4                478         3.2500E+00
             72                  5               2533         3.7000E+00
             72                  6               7670         4.2500E+00
             72                  7              14419         4.9000E+00
             72                  8              17740         5.6500E+00
             72                  9              15387         6.5000E+00
             72                 10              10766         7.4500E+00
             72                 11               6372         8.5000E+00
             72                 12               3061         9.6500E+00
             72                 13               1345         1.0900E+01
             72                 14                339         1.2250E+01
             72                 15                 81         1.3700E+01
             72                 16                 10         1.5250E+01
             73                  2                  3         3.4000E+00
             73                  3                110         3.6500E+00
             73                  4               1123         4.0000E+00
             73                  5               5294         4.4500E+00
             73                  6              15001         5.0000E+00
             73                  7              27782         5.6500E+00
             73                  8              32011         6.4000E+00
             73                  9              27480         7.2500E+00
             73                 10              19067         8.2000E+00
             73                 11              10930         9.2500E+00
             73                 12               5151         1.0400E+01
             73                 13               2161         1.1650E+01
             73                 14                530         1.3000E+01
             73                 15                124         1.4450E+01
             73                 16                 12         1.6000E+01
             74                  2                  4         4.2500E+00
             74                  3                135         4.5000E+00
             74                  4               1674         4.8500E+00
             74                  5               8051         5.3000E+00
             74                  6              22452         5.8500E+00
             74                  7              37962         6.5000E+00
             74                  8              43483         7.2500E+00
             74                  9              36371         8.1000E+00
             74                 10              23897         9.0500E+00
             74                 11              13648         1.0100E+01
             74                 12               6548         1.1250E+01
             74                 13               2619         1.2500E+01
             74                 14                669         1.3850E+01
             74                 15                 89         1.5300E+01
             74                 16                 15         1.6850E+01
             75                  2                  2         5.2000E+00
             75                  3                253         5.4500E+00
             75                  4               2126         5.8000E+00
             75                  5               9372         6.2500E+00
             75                  6              24783         6.8000E+00
             75                  7              40210         7.4500E+00
             75                  8              43922         8.2000E+00
             75                  9              36527         9.0500E+00
             75                 10              23673         1.0000E+01
             75                 11              12471         1.1050E+01
             75                 12               5939         1.2200E+01
             75                 13               2365         1.3450E+01
             75                 14                591         1.4800E+01
             75                 15                103         1.6250E+01
             75                 16                 19         1.7800E+01
             75                 17                  3         1.9450E+01
             76                  3                194         6.5000E+00
             76                  4               2221         6.8500E+00
             76                  5               8631         7.3000E+00
             76                  6              21599         7.8500E+00
             76                  7              32639         8.5000E+00
             76                  8              35176         9.2500E+00
             76                  9              27771         1.0100E+01
             76                 10              16720         1.1050E+01
             76                 11               9018         1.2100E+01
             76                 12               4223         1.3250E+01
             76                 13               1589         1.4500E+01
             76                 14                476         1.5850E+01
             76                 15                124         1.7300E+01
             76                 16                 18         1.8850E+01
             76                 17                  1         2.0500E+01
             77                  2                  6         7.4000E+00
             77                  3                166         7.6500E+00
             77                  4               1589         8.0000E+00
             77                  5               6099         8.4500E+00
             77                  6              14556         9.0000E+00
             77                  7              20917         9.6500E+00
             77                  8              21555         1.0400E+01
             77                  9              16622         1.1250E+01
             77                 10               9467         1.2200E+01
             77                 11               4614         1.3250E+01
             77                 12               2177         1.4400E+01
             77                 13                686         1.5650E+01
             77                 14                204         1.7000E+01
             77                 15                 60         1.8450E+01
             77                 16                  3         2.0000E+01
             78                  2                 11         8.6500E+00
             78                  3                108         8.9000E+00
             78                  4                894         9.2500E+00
             78                  5               3511         9.7000E+00
             78                  6               7492         1.0250E+01
             78                  7               9977         1.0900E+01
             78                  8               9931         1.1650E+01
             78                  9               7023         1.2500E+01
             78                 10               3942         1.3450E+01
             78                 11               1870         1.4500E+01
             78                 12                961         1.5650E+01
             78                 13                313         1.6900E+01
             78                 14                118         1.8250E+01
             78                 15                 39         1.9700E+01
             78                 16                  1         2.1250E+01
             79                  2                 15         1.0000E+01
             79                  3                 33         1.0250E+01
             79                  4                394         1.0600E+01
             79                  5               1340         1.1050E+01
             79                  6               2838         1.1600E+01
             79                  7               3554         1.2250E+01
             79                  8               3156         1.3000E+01
             79                  9               2181         1.3850E+01
             79                 10               1231         1.4800E+01
             79                 11                451         1.5850E+01
             79                 12                228         1.7000E+01
             79                 13                112         1.8250E+01
             79                 14                 18         1.9600E+01
             80                  2                  1         1.1450E+01
             80                  3                  5         1.1700E+01
             80                  4                119         1.2050E+01
             80                  5                395         1.2500E+01
             80                  6                736         1.3050E+01
             80                  7                834         1.3700E+01
             80                  8                727         1.4450E+01
             80                  9                483         1.5300E+01
             80                 10                264         1.6250E+01
             80                 11                177         1.7300E+01
             80                 12                 67         1.8450E+01
             80                 13                 28         1.9700E+01
             80                 14                  4         2.1050E+01
             81                  4                 25         1.3600E+01
             81                  5                 91         1.4050E+01
             81                  6                123         1.4600E+01
             81                  7                189         1.5250E+01
             81                  8                114         1.6000E+01
             81                  9                 68         1.6850E+01
             81                 10                 27         1.7800E+01
             81                 11                  7         1.8850E+01
             81                 12                  2         2.0000E+01
             81                 13                  1         2.1250E+01
             82                  4                  4         1.5250E+01
             82                  5                  2         1.5700E+01
             82                  6                  8         1.6250E+01
             82                  7                 33         1.6900E+01
             82                  8                 23         1.7650E+01
             82                  9                  2         1.8500E+01
             82                 10                  3         1.9450E+01
             82                 12                  1         2.1650E+01
