  #Crystal Size      Water Content              Count               Bias
             65                 22                  3         5.4500E+00
             66                 22                  4         4.5000E+00
             66                 23                  1         4.2500E+00
             66                 26                  3         4.1000E+00
             66                 28                  1         4.5000E+00
             66                 29                  1         4.8500E+00
             66                 30                  1         5.3000E+00
             66                 31                  2         5.8500E+00
             66                 32                  1         6.5000E+00
             67                 21                  5         4.0000E+00
             67                 22                  4         3.6500E+00
             67                 23                  1         3.4000E+00
             67                 24                  1         3.2500E+00
             67                 25                  4         3.2000E+00
             67                 26                  6         3.2500E+00
             67                 27                 10         3.4000E+00
             67                 28                  7         3.6500E+00
             67                 29                  6         4.0000E+00
             67                 30                  7         4.4500E+00
             67                 31                  7         5.0000E+00
             67                 32                  1         5.6500E+00
             68                 19                  2         4.2500E+00
             68                 20                  1         3.7000E+00
             68                 21                 15         3.2500E+00
             68                 22                 50         2.9000E+00
             68                 23                 43         2.6500E+00
             68                 24                 57         2.5000E+00
             68                 25                 65         2.4500E+00
             68                 26                 45         2.5000E+00
             68                 27                 28         2.6500E+00
             68                 28                 22         2.9000E+00
             68                 29                 23         3.2500E+00
             68                 30                 12         3.7000E+00
             68                 31                  6         4.2500E+00
             68                 32                  1         4.9000E+00
             69                 18                  3         4.2500E+00
             69                 19                 14         3.6000E+00
             69                 20                 32         3.0500E+00
             69                 21                 83         2.6000E+00
             69                 22                160         2.2500E+00
             69                 23                198         2.0000E+00
             69                 24                318         1.8500E+00
             69                 25                328         1.8000E+00
             69                 26                283         1.8500E+00
             69                 27                206         2.0000E+00
             69                 28                131         2.2500E+00
             69                 29                114         2.6000E+00
             69                 30                 67         3.0500E+00
             69                 31                 19         3.6000E+00
             69                 32                  6         4.2500E+00
             69                 33                  3         5.0000E+00
             70                 17                  2         4.4500E+00
             70                 18                 18         3.7000E+00
             70                 19                 55         3.0500E+00
             70                 20                200         2.5000E+00
             70                 21                354         2.0500E+00
             70                 22                522         1.7000E+00
             70                 23                809         1.4500E+00
             70                 24               1045         1.3000E+00
             70                 25               1212         1.2500E+00
             70                 26               1017         1.3000E+00
             70                 27                743         1.4500E+00
             70                 28                571         1.7000E+00
             70                 29                308         2.0500E+00
             70                 30                143         2.5000E+00
             70                 31                 79         3.0500E+00
             70                 32                 24         3.7000E+00
             70                 33                  9         4.4500E+00
             71                 17                  5         4.0000E+00
             71                 18                 47         3.2500E+00
             71                 19                204         2.6000E+00
             71                 20                492         2.0500E+00
             71                 21                943         1.6000E+00
             71                 22               1753         1.2500E+00
             71                 23               2517         1.0000E+00
             71                 24               3325         8.5000E-01
             71                 25               3601         8.0000E-01
             71                 26               3161         8.5000E-01
             71                 27               2287         1.0000E+00
             71                 28               1721         1.2500E+00
             71                 29                991         1.6000E+00
             71                 30                430         2.0500E+00
             71                 31                156         2.6000E+00
             71                 32                 45         3.2500E+00
             71                 33                 33         4.0000E+00
             71                 34                  5         4.8500E+00
             72                 16                  1         4.5000E+00
             72                 17                 30         3.6500E+00
             72                 18                142         2.9000E+00
             72                 19                495         2.2500E+00
             72                 20               1155         1.7000E+00
             72                 21               2359         1.2500E+00
             72                 22               4008         9.0000E-01
             72                 23               6068         6.5000E-01
             72                 24               7701         5.0000E-01
             72                 25               8179         4.5000E-01
             72                 26               7259         5.0000E-01
             72                 27               5516         6.5000E-01
             72                 28               3657         9.0000E-01
             72                 29               1983         1.2500E+00
             72                 30                973         1.7000E+00
             72                 31                361         2.2500E+00
             72                 32                129         2.9000E+00
             72                 33                 72         3.6500E+00
             72                 34                 12         4.5000E+00
             73                 16                 16         4.2500E+00
             73                 17                 61         3.4000E+00
             73                 18                285         2.6500E+00
             73                 19               1050         2.0000E+00
             73                 20               2512         1.4500E+00
             73                 21               4617         1.0000E+00
             73                 22               7858         6.5000E-01
             73                 23              11709         4.0000E-01
             73                 24              14139         2.5000E-01
             73                 25              14911         2.0000E-01
             73                 26              13189         2.5000E-01
             73                 27               9817         4.0000E-01
             73                 28               6320         6.5000E-01
             73                 29               3108         1.0000E+00
             73                 30               1460         1.4500E+00
             73                 31                533         2.0000E+00
             73                 32                191         2.6500E+00
             73                 33                117         3.4000E+00
             73                 34                 23         4.2500E+00
             73                 35                  2         5.2000E+00
             74                 15                  7         5.0500E+00
             74                 16                 46         4.1000E+00
             74                 17                181         3.2500E+00
             74                 18                593         2.5000E+00
             74                 19               1764         1.8500E+00
             74                 20               3860         1.3000E+00
             74                 21               8000         8.5000E-01
             74                 22              13415         5.0000E-01
             74                 23              18726         2.5000E-01
             74                 24              22360         1.0000E-01
             74                 25              22736         5.0000E-02
             74                 26              19325         1.0000E-01
             74                 27              14438         2.5000E-01
             74                 28               8660         5.0000E-01
             74                 29               4479         8.5000E-01
             74                 30               1946         1.3000E+00
             74                 31                725         1.8500E+00
             74                 32                331         2.5000E+00
             74                 33                131         3.2500E+00
             74                 34                 73         4.1000E+00
             74                 35                  5         5.0500E+00
             75                 14                  1         6.0500E+00
             75                 15                 12         5.0000E+00
             75                 16                 62         4.0500E+00
             75                 17                379         3.2000E+00
             75                 18               1104         2.4500E+00
             75                 19               2599         1.8000E+00
             75                 20               5841         1.2500E+00
             75                 21              11049         8.0000E-01
             75                 22              17654         4.5000E-01
             75                 23              24729         2.0000E-01
             75                 24              28332         5.0000E-02
             75                 25              28232         0.0000E+00
             75                 26              24091         5.0000E-02
             75                 27              17067         2.0000E-01
             75                 28               9766         4.5000E-01
             75                 29               4820         8.0000E-01
             75                 30               2202         1.2500E+00
             75                 31                881         1.8000E+00
             75                 32                347         2.4500E+00
             75                 33                186         3.2000E+00
             75                 34                 40         4.0500E+00
             75                 35                 18         5.0000E+00
             75                 36                  1         6.0500E+00
             76                 14                  8         6.1000E+00
             76                 15                 24         5.0500E+00
             76                 16                116         4.1000E+00
             76                 17                450         3.2500E+00
             76                 18               1470         2.5000E+00
             76                 19               3411         1.8500E+00
             76                 20               7048         1.3000E+00
             76                 21              12732         8.5000E-01
             76                 22              20095         5.0000E-01
             76                 23              27061         2.5000E-01
             76                 24              30835         1.0000E-01
             76                 25              29923         5.0000E-02
             76                 26              23812         1.0000E-01
             76                 27              16298         2.5000E-01
             76                 28               9457         5.0000E-01
             76                 29               4387         8.5000E-01
             76                 30               1890         1.3000E+00
             76                 31                683         1.8500E+00
             76                 32                242         2.5000E+00
             76                 33                110         3.2500E+00
             76                 34                 25         4.1000E+00
             76                 35                 11         5.0500E+00
             76                 36                  1         6.1000E+00
             77                 14                  6         6.2500E+00
             77                 15                 33         5.2000E+00
             77                 16                164         4.2500E+00
             77                 17                370         3.4000E+00
             77                 18               1337         2.6500E+00
             77                 19               3038         2.0000E+00
             77                 20               6577         1.4500E+00
             77                 21              11778         1.0000E+00
             77                 22              18090         6.5000E-01
             77                 23              23675         4.0000E-01
             77                 24              25989         2.5000E-01
             77                 25              24543         2.0000E-01
             77                 26              18608         2.5000E-01
             77                 27              12226         4.0000E-01
             77                 28               6928         6.5000E-01
             77                 29               3241         1.0000E+00
             77                 30               1325         1.4500E+00
             77                 31                411         2.0000E+00
             77                 32                141         2.6500E+00
             77                 33                 39         3.4000E+00
             77                 34                 16         4.2500E+00
             77                 35                  6         5.2000E+00
             78                 14                  7         6.5000E+00
             78                 15                 11         5.4500E+00
             78                 16                 77         4.5000E+00
             78                 17                280         3.6500E+00
             78                 18                810         2.9000E+00
             78                 19               1949         2.2500E+00
             78                 20               4567         1.7000E+00
             78                 21               8089         1.2500E+00
             78                 22              11777         9.0000E-01
             78                 23              15061         6.5000E-01
             78                 24              16791         5.0000E-01
             78                 25              15246         4.5000E-01
             78                 26              11506         5.0000E-01
             78                 27               7073         6.5000E-01
             78                 28               3746         9.0000E-01
             78                 29               1649         1.2500E+00
             78                 30                616         1.7000E+00
             78                 31                215         2.2500E+00
             78                 32                 71         2.9000E+00
             78                 33                 12         3.6500E+00
             78                 34                  8         4.5000E+00
             78                 35                  2         5.4500E+00
             79                 15                  7         5.8000E+00
             79                 16                 41         4.8500E+00
             79                 17                167         4.0000E+00
             79                 18                364         3.2500E+00
             79                 19                816         2.6000E+00
             79                 20               2141         2.0500E+00
             79                 21               3616         1.6000E+00
             79                 22               4899         1.2500E+00
             79                 23               6386         1.0000E+00
             79                 24               7380         8.5000E-01
             79                 25               6761         8.0000E-01
             79                 26               4758         8.5000E-01
             79                 27               2843         1.0000E+00
             79                 28               1472         1.2500E+00
             79                 29                718         1.6000E+00
             79                 30                261         2.0500E+00
             79                 31                125         2.6000E+00
             79                 32                 28         3.2500E+00
             79                 33                  1         4.0000E+00
             80                 14                  1         7.3000E+00
             80                 15                  7         6.2500E+00
             80                 16                  5         5.3000E+00
             80                 17                 21         4.4500E+00
             80                 18                 95         3.7000E+00
             80                 19                184         3.0500E+00
             80                 20                513         2.5000E+00
             80                 21                932         2.0500E+00
             80                 22               1447         1.7000E+00
             80                 23               1700         1.4500E+00
             80                 24               2105         1.3000E+00
             80                 25               2269         1.2500E+00
             80                 26               1542         1.3000E+00
             80                 27                882         1.4500E+00
             80                 28                458         1.7000E+00
             80                 29                222         2.0500E+00
             80                 30                103         2.5000E+00
             80                 31                 30         3.0500E+00
             80                 32                  4         3.7000E+00
             80                 33                  1         4.4500E+00
             81                 15                  1         6.8000E+00
             81                 17                  1         5.0000E+00
             81                 18                  1         4.2500E+00
             81                 19                 16         3.6000E+00
             81                 20                 74         3.0500E+00
             81                 21                127         2.6000E+00
             81                 22                238         2.2500E+00
             81                 23                310         2.0000E+00
             81                 24                325         1.8500E+00
             81                 25                301         1.8000E+00
             81                 26                260         1.8500E+00
             81                 27                165         2.0000E+00
             81                 28                 76         2.2500E+00
             81                 29                 15         2.6000E+00
             81                 31                  3         3.6000E+00
             82                 20                  6         3.7000E+00
             82                 21                 15         3.2500E+00
             82                 22                 23         2.9000E+00
             82                 23                 18         2.6500E+00
             82                 24                 19         2.5000E+00
             82                 25                 13         2.4500E+00
             82                 26                 11         2.5000E+00
             82                 27                 11         2.6500E+00
             82                 28                  3         2.9000E+00
