  #Crystal Size      Water Content              Count               Bias
             64                 19                  1         1.0000E-01
             64                 20                  3         5.0000E-02
             64                 21                  3         1.0000E-01
             64                 22                  1         2.5000E-01
             64                 24                  1         8.5000E-01
             64                 26                  1         1.8500E+00
             65                 16                  3         8.0000E-01
             65                 17                  2         4.5000E-01
             65                 18                  2         2.0000E-01
             65                 19                  4         5.0000E-02
             65                 20                 14         0.0000E+00
             65                 21                  9         5.0000E-02
             65                 22                 14         2.0000E-01
             65                 23                  8         4.5000E-01
             65                 24                 11         8.0000E-01
             65                 25                  9         1.2500E+00
             65                 26                  6         1.8000E+00
             65                 27                  2         2.4500E+00
             65                 28                  5         3.2000E+00
             66                 16                  5         8.5000E-01
             66                 17                  6         5.0000E-01
             66                 18                 26         2.5000E-01
             66                 19                 38         1.0000E-01
             66                 20                 56         5.0000E-02
             66                 21                102         1.0000E-01
             66                 22                110         2.5000E-01
             66                 23                 84         5.0000E-01
             66                 24                 74         8.5000E-01
             66                 25                 46         1.3000E+00
             66                 26                 62         1.8500E+00
             66                 27                 11         2.5000E+00
             66                 28                  7         3.2500E+00
             66                 29                  1         4.1000E+00
             67                 16                  6         1.0000E+00
             67                 17                 23         6.5000E-01
             67                 18                131         4.0000E-01
             67                 19                204         2.5000E-01
             67                 20                359         2.0000E-01
             67                 21                540         2.5000E-01
             67                 22                627         4.0000E-01
             67                 23                517         6.5000E-01
             67                 24                416         1.0000E+00
             67                 25                250         1.4500E+00
             67                 26                153         2.0000E+00
             67                 27                 74         2.6500E+00
             67                 28                  9         3.4000E+00
             67                 29                  9         4.2500E+00
             67                 31                  3         6.2500E+00
             68                 15                  2         1.7000E+00
             68                 16                 18         1.2500E+00
             68                 17                 73         9.0000E-01
             68                 18                329         6.5000E-01
             68                 19                749         5.0000E-01
             68                 20               1233         4.5000E-01
             68                 21               1823         5.0000E-01
             68                 22               2215         6.5000E-01
             68                 23               2224         9.0000E-01
             68                 24               1676         1.2500E+00
             68                 25                982         1.7000E+00
             68                 26                503         2.2500E+00
             68                 27                242         2.9000E+00
             68                 28                 58         3.6500E+00
             68                 29                 22         4.5000E+00
             68                 30                  1         5.4500E+00
             68                 32                  2         7.6500E+00
             69                 14                  1         2.6000E+00
             69                 15                  8         2.0500E+00
             69                 16                 64         1.6000E+00
             69                 17                225         1.2500E+00
             69                 18                919         1.0000E+00
             69                 19               2164         8.5000E-01
             69                 20               3699         8.0000E-01
             69                 21               5463         8.5000E-01
             69                 22               6654         1.0000E+00
             69                 23               6322         1.2500E+00
             69                 24               4749         1.6000E+00
             69                 25               2816         2.0500E+00
             69                 26               1502         2.6000E+00
             69                 27                642         3.2500E+00
             69                 28                187         4.0000E+00
             69                 29                 28         4.8500E+00
             69                 30                  9         5.8000E+00
             69                 31                  5         6.8500E+00
             69                 33                  4         9.2500E+00
             70                 13                  5         3.7000E+00
             70                 14                  7         3.0500E+00
             70                 15                 15         2.5000E+00
             70                 16                209         2.0500E+00
             70                 17                684         1.7000E+00
             70                 18               2073         1.4500E+00
             70                 19               4566         1.3000E+00
             70                 20               8191         1.2500E+00
             70                 21              12193         1.3000E+00
             70                 22              14276         1.4500E+00
             70                 23              13610         1.7000E+00
             70                 24              10731         2.0500E+00
             70                 25               6445         2.5000E+00
             70                 26               3413         3.0500E+00
             70                 27               1429         3.7000E+00
             70                 28                540         4.4500E+00
             70                 29                141         5.3000E+00
             70                 30                 24         6.2500E+00
             70                 31                  6         7.3000E+00
             70                 33                 23         9.7000E+00
             70                 34                  1         1.1050E+01
             71                 13                  9         4.2500E+00
             71                 14                 16         3.6000E+00
             71                 15                 97         3.0500E+00
             71                 16                418         2.6000E+00
             71                 17               1237         2.2500E+00
             71                 18               3501         2.0000E+00
             71                 19               8108         1.8500E+00
             71                 20              14298         1.8000E+00
             71                 21              20473         1.8500E+00
             71                 22              24808         2.0000E+00
             71                 23              23916         2.2500E+00
             71                 24              19471         2.6000E+00
             71                 25              11738         3.0500E+00
             71                 26               5796         3.6000E+00
             71                 27               2441         4.2500E+00
             71                 28                851         5.0000E+00
             71                 29                223         5.8500E+00
             71                 30                 18         6.8000E+00
             71                 31                  9         7.8500E+00
             71                 32                 14         9.0000E+00
             71                 33                  9         1.0250E+01
             72                 13                  4         4.9000E+00
             72                 14                 20         4.2500E+00
             72                 15                118         3.7000E+00
             72                 16                545         3.2500E+00
             72                 17               1896         2.9000E+00
             72                 18               5212         2.6500E+00
             72                 19              11065         2.5000E+00
             72                 20              20163         2.4500E+00
             72                 21              28492         2.5000E+00
             72                 22              33980         2.6500E+00
             72                 23              32466         2.9000E+00
             72                 24              26063         3.2500E+00
             72                 25              16613         3.7000E+00
             72                 26               8325         4.2500E+00
             72                 27               3277         4.9000E+00
             72                 28               1069         5.6500E+00
             72                 29                191         6.5000E+00
             72                 30                 42         7.4500E+00
             72                 31                  9         8.5000E+00
             72                 32                 30         9.6500E+00
             72                 33                 25         1.0900E+01
             73                 13                  2         5.6500E+00
             73                 14                 50         5.0000E+00
             73                 15                192         4.4500E+00
             73                 16                747         4.0000E+00
             73                 17               2338         3.6500E+00
             73                 18               5778         3.4000E+00
             73                 19              12258         3.2500E+00
             73                 20              21533         3.2000E+00
             73                 21              30776         3.2500E+00
             73                 22              36278         3.4000E+00
             73                 23              34367         3.6500E+00
             73                 24              27474         4.0000E+00
             73                 25              17494         4.4500E+00
             73                 26               8336         5.0000E+00
             73                 27               3083         5.6500E+00
             73                 28                900         6.4000E+00
             73                 29                229         7.2500E+00
             73                 30                 37         8.2000E+00
             73                 31                  2         9.2500E+00
             73                 32                 18         1.0400E+01
             73                 33                 13         1.1650E+01
             73                 34                  2         1.3000E+01
             74                 13                  2         6.5000E+00
             74                 14                 29         5.8500E+00
             74                 15                144         5.3000E+00
             74                 16                520         4.8500E+00
             74                 17               1950         4.5000E+00
             74                 18               4876         4.2500E+00
             74                 19              10589         4.1000E+00
             74                 20              18325         4.0500E+00
             74                 21              25485         4.1000E+00
             74                 22              29469         4.2500E+00
             74                 23              28301         4.5000E+00
             74                 24              22558         4.8500E+00
             74                 25              13782         5.3000E+00
             74                 26               6482         5.8500E+00
             74                 27               2525         6.5000E+00
             74                 28                639         7.2500E+00
             74                 29                175         8.1000E+00
             74                 30                 25         9.0500E+00
             74                 31                  6         1.0100E+01
             74                 32                 11         1.1250E+01
             74                 33                  1         1.2500E+01
             75                 14                 17         6.8000E+00
             75                 15                 99         6.2500E+00
             75                 16                328         5.8000E+00
             75                 17               1005         5.4500E+00
             75                 18               3130         5.2000E+00
             75                 19               6716         5.0500E+00
             75                 20              11551         5.0000E+00
             75                 21              16388         5.0500E+00
             75                 22              18669         5.2000E+00
             75                 23              17615         5.4500E+00
             75                 24              14170         5.8000E+00
             75                 25               8782         6.2500E+00
             75                 26               3909         6.8000E+00
             75                 27               1550         7.4500E+00
             75                 28                394         8.2000E+00
             75                 29                 78         9.0500E+00
             75                 30                  5         1.0000E+01
             75                 32                  2         1.2200E+01
             76                 14                  7         7.8500E+00
             76                 15                 31         7.3000E+00
             76                 16                132         6.8500E+00
             76                 17                531         6.5000E+00
             76                 18               1349         6.2500E+00
             76                 19               2977         6.1000E+00
             76                 20               5651         6.0500E+00
             76                 21               7782         6.1000E+00
             76                 22               9006         6.2500E+00
             76                 23               8439         6.5000E+00
             76                 24               6723         6.8500E+00
             76                 25               3899         7.3000E+00
             76                 26               1814         7.8500E+00
             76                 27                632         8.5000E+00
             76                 28                169         9.2500E+00
             76                 29                 20         1.0100E+01
             77                 16                 48         8.0000E+00
             77                 17                223         7.6500E+00
             77                 18                409         7.4000E+00
             77                 19                975         7.2500E+00
             77                 20               1951         7.2000E+00
             77                 21               2836         7.2500E+00
             77                 22               2997         7.4000E+00
             77                 23               2759         7.6500E+00
             77                 24               2223         8.0000E+00
             77                 25               1266         8.4500E+00
             77                 26                606         9.0000E+00
             77                 27                177         9.6500E+00
             77                 28                 57         1.0400E+01
             77                 29                  4         1.1250E+01
             78                 16                  6         9.2500E+00
             78                 17                 40         8.9000E+00
             78                 18                 52         8.6500E+00
             78                 19                188         8.5000E+00
             78                 20                501         8.4500E+00
             78                 21                768         8.5000E+00
             78                 22                698         8.6500E+00
             78                 23                653         8.9000E+00
             78                 24                548         9.2500E+00
             78                 25                369         9.7000E+00
             78                 26                139         1.0250E+01
             78                 27                 38         1.0900E+01
             78                 28                 13         1.1650E+01
             79                 17                  5         1.0250E+01
             79                 18                  8         1.0000E+01
             79                 19                 70         9.8500E+00
             79                 20                101         9.8000E+00
             79                 21                143         9.8500E+00
             79                 22                143         1.0000E+01
             79                 23                 84         1.0250E+01
             79                 24                111         1.0600E+01
             79                 25                 43         1.1050E+01
             79                 26                 11         1.1600E+01
             79                 27                  2         1.2250E+01
             80                 18                  4         1.1450E+01
             80                 19                 12         1.1300E+01
             80                 20                  4         1.1250E+01
             80                 21                 14         1.1300E+01
             80                 22                  5         1.1450E+01
             80                 23                  9         1.1700E+01
             80                 24                 11         1.2050E+01
             80                 25                  4         1.2500E+01
             80                 26                  2         1.3050E+01
