  #Crystal Size      Water Content              Count               Bias
             64                  7                  8         6.5000E+00
             64                  8                 10         7.2500E+00
             65                  6                 22         6.8000E+00
             65                  7                113         7.4500E+00
             65                  8                 74         8.2000E+00
             65                  9                 33         9.0500E+00
             65                 10                 23         1.0000E+01
             65                 11                 19         1.1050E+01
             66                  6                 60         7.8500E+00
             66                  7                202         8.5000E+00
             66                  8                321         9.2500E+00
             66                  9                282         1.0100E+01
             66                 10                369         1.1050E+01
             66                 11                142         1.2100E+01
             66                 12                 45         1.3250E+01
             66                 13                 30         1.4500E+01
             66                 14                  1         1.5850E+01
             67                  4                  1         8.0000E+00
             67                  5                 56         8.4500E+00
             67                  6                365         9.0000E+00
             67                  7                924         9.6500E+00
             67                  8               1769         1.0400E+01
             67                  9               1863         1.1250E+01
             67                 10               1650         1.2200E+01
             67                 11               1160         1.3250E+01
             67                 12                508         1.4400E+01
             67                 13                217         1.5650E+01
             67                 14                162         1.7000E+01
             67                 15                 17         1.8450E+01
             68                  4                 19         9.2500E+00
             68                  5                202         9.7000E+00
             68                  6               1178         1.0250E+01
             68                  7               3076         1.0900E+01
             68                  8               5114         1.1650E+01
             68                  9               6190         1.2500E+01
             68                 10               5531         1.3450E+01
             68                 11               3630         1.4500E+01
             68                 12               2003         1.5650E+01
             68                 13                847         1.6900E+01
             68                 14                373         1.8250E+01
             68                 15                 26         1.9700E+01
             68                 16                 20         2.1250E+01
             69                  4                 93         1.0600E+01
             69                  5                844         1.1050E+01
             69                  6               3546         1.1600E+01
             69                  7               8228         1.2250E+01
             69                  8              13509         1.3000E+01
             69                  9              15866         1.3850E+01
             69                 10              13728         1.4800E+01
             69                 11               9084         1.5850E+01
             69                 12               5306         1.7000E+01
             69                 13               2547         1.8250E+01
             69                 14                640         1.9600E+01
             69                 15                142         2.1050E+01
             69                 16                 63         2.2600E+01
             70                  3                 20         1.1700E+01
             70                  4                414         1.2050E+01
             70                  5               2780         1.2500E+01
             70                  6               8096         1.3050E+01
             70                  7              18703         1.3700E+01
             70                  8              25599         1.4450E+01
             70                  9              28079         1.5300E+01
             70                 10              24037         1.6250E+01
             70                 11              15884         1.7300E+01
             70                 12               8723         1.8450E+01
             70                 13               4001         1.9700E+01
             70                 14               1025         2.1050E+01
             70                 15                361         2.2500E+01
             70                 16                 65         2.4050E+01
             70                 17                  6         2.5700E+01
             71                  3                 81         1.3250E+01
             71                  4                694         1.3600E+01
             71                  5               4769         1.4050E+01
             71                  6              13617         1.4600E+01
             71                  7              27170         1.5250E+01
             71                  8              37558         1.6000E+01
             71                  9              39431         1.6850E+01
             71                 10              33654         1.7800E+01
             71                 11              21125         1.8850E+01
             71                 12              11672         2.0000E+01
             71                 13               5392         2.1250E+01
             71                 14               1668         2.2600E+01
             71                 15                538         2.4050E+01
             71                 16                 82         2.5600E+01
             71                 17                  6         2.7250E+01
             72                  3                111         1.4900E+01
             72                  4                954         1.5250E+01
             72                  5               6531         1.5700E+01
             72                  6              15937         1.6250E+01
             72                  7              28797         1.6900E+01
             72                  8              39076         1.7650E+01
             72                  9              39955         1.8500E+01
             72                 10              33626         1.9450E+01
             72                 11              22797         2.0500E+01
             72                 12              11591         2.1650E+01
             72                 13               4965         2.2900E+01
             72                 14               1543         2.4250E+01
             72                 15                497         2.5700E+01
             72                 16                102         2.7250E+01
             72                 17                  8         2.8900E+01
             73                  3                120         1.6650E+01
             73                  4               1312         1.7000E+01
             73                  5               5078         1.7450E+01
             73                  6              13996         1.8000E+01
             73                  7              25492         1.8650E+01
             73                  8              31487         1.9400E+01
             73                  9              31366         2.0250E+01
             73                 10              26485         2.1200E+01
             73                 11              19094         2.2250E+01
             73                 12              10042         2.3400E+01
             73                 13               4171         2.4650E+01
             73                 14               1276         2.6000E+01
             73                 15                241         2.7450E+01
             73                 16                  9         2.9000E+01
             74                  3                103         1.8500E+01
             74                  4                767         1.8850E+01
             74                  5               3048         1.9300E+01
             74                  6               8905         1.9850E+01
             74                  7              15154         2.0500E+01
             74                  8              18964         2.1250E+01
             74                  9              18660         2.2100E+01
             74                 10              16254         2.3050E+01
             74                 11              12510         2.4100E+01
             74                 12               6610         2.5250E+01
             74                 13               2749         2.6500E+01
             74                 14                709         2.7850E+01
             74                 15                146         2.9300E+01
             74                 16                  1         3.0850E+01
             75                  2                  1         2.0200E+01
             75                  3                 63         2.0450E+01
             75                  4                466         2.0800E+01
             75                  5               1446         2.1250E+01
             75                  6               4532         2.1800E+01
             75                  7               7190         2.2450E+01
             75                  8               9002         2.3200E+01
             75                  9               9097         2.4050E+01
             75                 10               7443         2.5000E+01
             75                 11               5255         2.6050E+01
             75                 12               3018         2.7200E+01
             75                 13               1346         2.8450E+01
             75                 14                417         2.9800E+01
             75                 15                 92         3.1250E+01
             76                  3                 35         2.2500E+01
             76                  4                196         2.2850E+01
             76                  5                574         2.3300E+01
             76                  6               1383         2.3850E+01
             76                  7               2159         2.4500E+01
             76                  8               2785         2.5250E+01
             76                  9               3662         2.6100E+01
             76                 10               2670         2.7050E+01
             76                 11               1800         2.8100E+01
             76                 12                763         2.9250E+01
             76                 13                322         3.0500E+01
             76                 14                 91         3.1850E+01
             76                 15                 38         3.3300E+01
             77                  3                  7         2.4650E+01
             77                  4                 21         2.5000E+01
             77                  5                132         2.5450E+01
             77                  6                271         2.6000E+01
             77                  7                486         2.6650E+01
             77                  8                650         2.7400E+01
             77                  9                649         2.8250E+01
             77                 10                983         2.9200E+01
             77                 11                561         3.0250E+01
             77                 12                331         3.1400E+01
             77                 13                159         3.2650E+01
             77                 14                 55         3.4000E+01
             77                 15                 26         3.5450E+01
             77                 16                  1         3.7000E+01
             78                  3                  1         2.6900E+01
             78                  4                 34         2.7250E+01
             78                  5                 18         2.7700E+01
             78                  6                 21         2.8250E+01
             78                  7                 51         2.8900E+01
             78                  8                141         2.9650E+01
             78                  9                188         3.0500E+01
             78                 10                131         3.1450E+01
             78                 11                113         3.2500E+01
             78                 12                132         3.3650E+01
             78                 13                 66         3.4900E+01
             78                 14                 11         3.6250E+01
             78                 15                  7         3.7700E+01
             79                  4                  4         2.9600E+01
             79                  6                  3         3.0600E+01
             79                  7                  2         3.1250E+01
             79                  8                 40         3.2000E+01
             79                  9                 38         3.2850E+01
             79                 10                 31         3.3800E+01
             79                 11                 11         3.4850E+01
             79                 12                  8         3.6000E+01
             79                 14                  6         3.8600E+01
             80                  4                 11         3.2050E+01
             80                  5                  4         3.2500E+01
             80                  8                  1         3.4450E+01
             81                  4                  8         3.4600E+01
             81                  5                  1         3.5050E+01
