  #Crystal Size      Water Content              Count               Bias
             66                  8                  1         5.0000E-01
             67                  7                  9         4.0000E-01
             67                  8                 11         6.5000E-01
             67                  9                  2         1.0000E+00
             67                 10                  6         1.4500E+00
             67                 11                  1         2.0000E+00
             67                 12                  3         2.6500E+00
             67                 13                  2         3.4000E+00
             67                 14                  2         4.2500E+00
             68                  6                  8         5.0000E-01
             68                  7                 22         6.5000E-01
             68                  8                 67         9.0000E-01
             68                  9                 45         1.2500E+00
             68                 10                 83         1.7000E+00
             68                 11                 45         2.2500E+00
             68                 12                 50         2.9000E+00
             68                 13                 42         3.6500E+00
             68                 14                 17         4.5000E+00
             68                 15                  4         5.4500E+00
             68                 16                  1         6.5000E+00
             68                 17                  2         7.6500E+00
             68                 18                  1         8.9000E+00
             69                  5                  4         8.0000E-01
             69                  6                 33         8.5000E-01
             69                  7                130         1.0000E+00
             69                  8                225         1.2500E+00
             69                  9                335         1.6000E+00
             69                 10                362         2.0500E+00
             69                 11                357         2.6000E+00
             69                 12                277         3.2500E+00
             69                 13                174         4.0000E+00
             69                 14                 67         4.8500E+00
             69                 15                 55         5.8000E+00
             69                 16                 26         6.8500E+00
             69                 17                 10         8.0000E+00
             69                 18                  8         9.2500E+00
             70                  4                  5         1.3000E+00
             70                  5                 15         1.2500E+00
             70                  6                179         1.3000E+00
             70                  7                502         1.4500E+00
             70                  8               1079         1.7000E+00
             70                  9               1480         2.0500E+00
             70                 10               1922         2.5000E+00
             70                 11               1411         3.0500E+00
             70                 12                985         3.7000E+00
             70                 13                687         4.4500E+00
             70                 14                419         5.3000E+00
             70                 15                189         6.2500E+00
             70                 16                 69         7.3000E+00
             70                 17                 32         8.4500E+00
             70                 18                  6         9.7000E+00
             71                  4                 12         1.8500E+00
             71                  5                164         1.8000E+00
             71                  6                758         1.8500E+00
             71                  7               1962         2.0000E+00
             71                  8               3067         2.2500E+00
             71                  9               4791         2.6000E+00
             71                 10               5236         3.0500E+00
             71                 11               4837         3.6000E+00
             71                 12               3171         4.2500E+00
             71                 13               2100         5.0000E+00
             71                 14               1163         5.8500E+00
             71                 15                501         6.8000E+00
             71                 16                170         7.8500E+00
             71                 17                 35         9.0000E+00
             71                 18                  3         1.0250E+01
             72                  4                 19         2.5000E+00
             72                  5                279         2.4500E+00
             72                  6               1895         2.5000E+00
             72                  7               4988         2.6500E+00
             72                  8               8519         2.9000E+00
             72                  9              11284         3.2500E+00
             72                 10              12175         3.7000E+00
             72                 11              10824         4.2500E+00
             72                 12               7536         4.9000E+00
             72                 13               4881         5.6500E+00
             72                 14               2963         6.5000E+00
             72                 15               1345         7.4500E+00
             72                 16                461         8.5000E+00
             72                 17                 69         9.6500E+00
             72                 18                  7         1.0900E+01
             72                 19                  4         1.2250E+01
             72                 21                  2         1.5250E+01
             73                  4                 60         3.2500E+00
             73                  5                650         3.2000E+00
             73                  6               3727         3.2500E+00
             73                  7               9875         3.4000E+00
             73                  8              16710         3.6500E+00
             73                  9              21239         4.0000E+00
             73                 10              21866         4.4500E+00
             73                 11              19739         5.0000E+00
             73                 12              14531         5.6500E+00
             73                 13               9443         6.4000E+00
             73                 14               5000         7.2500E+00
             73                 15               2161         8.2000E+00
             73                 16                652         9.2500E+00
             73                 17                110         1.0400E+01
             73                 18                 48         1.1650E+01
             73                 19                 11         1.3000E+01
             73                 20                  3         1.4450E+01
             73                 21                  3         1.6000E+01
             74                  4                130         4.1000E+00
             74                  5               1269         4.0500E+00
             74                  6               5583         4.1000E+00
             74                  7              14572         4.2500E+00
             74                  8              24395         4.5000E+00
             74                  9              31007         4.8500E+00
             74                 10              31870         5.3000E+00
             74                 11              28289         5.8500E+00
             74                 12              21141         6.5000E+00
             74                 13              13716         7.2500E+00
             74                 14               7147         8.1000E+00
             74                 15               2799         9.0500E+00
             74                 16                724         1.0100E+01
             74                 17                205         1.1250E+01
             74                 18                 39         1.2500E+01
             74                 19                  2         1.3850E+01
             74                 20                  5         1.5300E+01
             74                 21                  2         1.6850E+01
             75                  3                  8         5.2000E+00
             75                  4                234         5.0500E+00
             75                  5               1825         5.0000E+00
             75                  6               6833         5.0500E+00
             75                  7              16979         5.2000E+00
             75                  8              27634         5.4500E+00
             75                  9              34505         5.8000E+00
             75                 10              36880         6.2500E+00
             75                 11              31354         6.8000E+00
             75                 12              23174         7.4500E+00
             75                 13              14364         8.2000E+00
             75                 14               7131         9.0500E+00
             75                 15               2599         1.0000E+01
             75                 16                774         1.1050E+01
             75                 17                185         1.2200E+01
             75                 18                 23         1.3450E+01
             75                 19                  2         1.4800E+01
             75                 20                  1         1.6250E+01
             76                  2                  5         6.5000E+00
             76                  3                  8         6.2500E+00
             76                  4                238         6.1000E+00
             76                  5               1620         6.0500E+00
             76                  6               5929         6.1000E+00
             76                  7              14507         6.2500E+00
             76                  8              23826         6.5000E+00
             76                  9              30713         6.8500E+00
             76                 10              31324         7.3000E+00
             76                 11              26876         7.8500E+00
             76                 12              20019         8.5000E+00
             76                 13              12320         9.2500E+00
             76                 14               6093         1.0100E+01
             76                 15               2201         1.1050E+01
             76                 16                617         1.2100E+01
             76                 17                117         1.3250E+01
             76                 18                 15         1.4500E+01
             77                  3                  4         7.4000E+00
             77                  4                118         7.2500E+00
             77                  5                978         7.2000E+00
             77                  6               4084         7.2500E+00
             77                  7               9896         7.4000E+00
             77                  8              15817         7.6500E+00
             77                  9              19540         8.0000E+00
             77                 10              20757         8.4500E+00
             77                 11              18250         9.0000E+00
             77                 12              13347         9.6500E+00
             77                 13               7714         1.0400E+01
             77                 14               3611         1.1250E+01
             77                 15               1264         1.2200E+01
             77                 16                283         1.3250E+01
             77                 17                 63         1.4400E+01
             77                 18                  5         1.5650E+01
             78                  3                  3         8.6500E+00
             78                  4                 60         8.5000E+00
             78                  5                460         8.4500E+00
             78                  6               2259         8.5000E+00
             78                  7               5204         8.6500E+00
             78                  8               8001         8.9000E+00
             78                  9               9712         9.2500E+00
             78                 10              10384         9.7000E+00
             78                 11               9302         1.0250E+01
             78                 12               6355         1.0900E+01
             78                 13               3676         1.1650E+01
             78                 14               1692         1.2500E+01
             78                 15                539         1.3450E+01
             78                 16                117         1.4500E+01
             78                 17                 11         1.5650E+01
             78                 18                  1         1.6900E+01
             79                  4                 11         9.8500E+00
             79                  5                163         9.8000E+00
             79                  6                851         9.8500E+00
             79                  7               1990         1.0000E+01
             79                  8               3182         1.0250E+01
             79                  9               3733         1.0600E+01
             79                 10               4220         1.1050E+01
             79                 11               3875         1.1600E+01
             79                 12               2565         1.2250E+01
             79                 13               1204         1.3000E+01
             79                 14                535         1.3850E+01
             79                 15                161         1.4800E+01
             79                 16                 28         1.5850E+01
             79                 17                  3         1.7000E+01
             80                  4                  9         1.1300E+01
             80                  5                115         1.1250E+01
             80                  6                272         1.1300E+01
             80                  7                517         1.1450E+01
             80                  8                849         1.1700E+01
             80                  9               1006         1.2050E+01
             80                 10               1284         1.2500E+01
             80                 11               1058         1.3050E+01
             80                 12                653         1.3700E+01
             80                 13                325         1.4450E+01
             80                 14                102         1.5300E+01
             80                 15                 26         1.6250E+01
             80                 16                  6         1.7300E+01
             81                  4                 12         1.2850E+01
             81                  5                 28         1.2800E+01
             81                  6                 54         1.2850E+01
             81                  7                 55         1.3000E+01
             81                  8                135         1.3250E+01
             81                  9                214         1.3600E+01
             81                 10                217         1.4050E+01
             81                 11                247         1.4600E+01
             81                 12                133         1.5250E+01
             81                 13                 70         1.6000E+01
             81                 14                  9         1.6850E+01
             81                 15                  5         1.7800E+01
             82                  5                  1         1.4450E+01
             82                  7                  4         1.4650E+01
             82                  8                 54         1.4900E+01
             82                  9                 36         1.5250E+01
             82                 10                 23         1.5700E+01
             82                 11                 32         1.6250E+01
             82                 12                 47         1.6900E+01
             82                 13                 15         1.7650E+01
             82                 14                  1         1.8500E+01
             83                  7                  1         1.6400E+01
             83                  8                  2         1.6650E+01
             83                  9                  3         1.7000E+01
             83                 10                  2         1.7450E+01
             83                 12                  5         1.8650E+01
             83                 13                  1         1.9400E+01
