  #Crystal Size      Water Content              Count               Bias
             68                 25                  1         3.7000E+00
             69                 23                  6         2.2500E+00
             70                 18                  3         1.4500E+00
             70                 19                  6         1.3000E+00
             70                 20                  4         1.2500E+00
             70                 21                  4         1.3000E+00
             70                 22                 10         1.4500E+00
             70                 23                 24         1.7000E+00
             70                 24                 17         2.0500E+00
             70                 25                 12         2.5000E+00
             70                 26                 10         3.0500E+00
             70                 27                  5         3.7000E+00
             71                 18                  9         1.0000E+00
             71                 19                 29         8.5000E-01
             71                 20                 36         8.0000E-01
             71                 21                 48         8.5000E-01
             71                 22                 67         1.0000E+00
             71                 23                139         1.2500E+00
             71                 24                192         1.6000E+00
             71                 25                104         2.0500E+00
             71                 26                 61         2.6000E+00
             71                 27                 20         3.2500E+00
             71                 30                  1         5.8000E+00
             72                 15                  1         1.7000E+00
             72                 16                  8         1.2500E+00
             72                 17                  3         9.0000E-01
             72                 18                 36         6.5000E-01
             72                 19                113         5.0000E-01
             72                 20                230         4.5000E-01
             72                 21                381         5.0000E-01
             72                 22                559         6.5000E-01
             72                 23                642         9.0000E-01
             72                 24                757         1.2500E+00
             72                 25                552         1.7000E+00
             72                 26                396         2.2500E+00
             72                 27                149         2.9000E+00
             72                 28                 30         3.6500E+00
             72                 29                 10         4.5000E+00
             72                 30                  1         5.4500E+00
             73                 15                  2         1.4500E+00
             73                 16                 10         1.0000E+00
             73                 17                 36         6.5000E-01
             73                 18                135         4.0000E-01
             73                 19                492         2.5000E-01
             73                 20                889         2.0000E-01
             73                 21               1452         2.5000E-01
             73                 22               2316         4.0000E-01
             73                 23               2430         6.5000E-01
             73                 24               2755         1.0000E+00
             73                 25               2083         1.4500E+00
             73                 26               1388         2.0000E+00
             73                 27                659         2.6500E+00
             73                 28                262         3.4000E+00
             73                 29                 77         4.2500E+00
             73                 30                 16         5.2000E+00
             73                 31                  3         6.2500E+00
             74                 15                  1         1.3000E+00
             74                 16                 53         8.5000E-01
             74                 17                141         5.0000E-01
             74                 18                439         2.5000E-01
             74                 19               1330         1.0000E-01
             74                 20               2536         5.0000E-02
             74                 21               4344         1.0000E-01
             74                 22               6790         2.5000E-01
             74                 23               8028         5.0000E-01
             74                 24               8356         8.5000E-01
             74                 25               6925         1.3000E+00
             74                 26               4292         1.8500E+00
             74                 27               2246         2.5000E+00
             74                 28                873         3.2500E+00
             74                 29                303         4.1000E+00
             74                 30                 65         5.0500E+00
             74                 31                 36         6.1000E+00
             74                 32                  5         7.2500E+00
             75                 15                 16         1.2500E+00
             75                 16                 97         8.0000E-01
             75                 17                327         4.5000E-01
             75                 18                969         2.0000E-01
             75                 19               2648         5.0000E-02
             75                 20               5592         0.0000E+00
             75                 21              10507         5.0000E-02
             75                 22              15892         2.0000E-01
             75                 23              20053         4.5000E-01
             75                 24              19835         8.0000E-01
             75                 25              15898         1.2500E+00
             75                 26              10537         1.8000E+00
             75                 27               5262         2.4500E+00
             75                 28               2209         3.2000E+00
             75                 29                805         4.0500E+00
             75                 30                258         5.0000E+00
             75                 31                102         6.0500E+00
             75                 32                 33         7.2000E+00
             76                 15                 18         1.3000E+00
             76                 16                138         8.5000E-01
             76                 17                492         5.0000E-01
             76                 18               1651         2.5000E-01
             76                 19               4165         1.0000E-01
             76                 20               9612         5.0000E-02
             76                 21              17561         1.0000E-01
             76                 22              27018         2.5000E-01
             76                 23              34853         5.0000E-01
             76                 24              34445         8.5000E-01
             76                 25              28117         1.3000E+00
             76                 26              18775         1.8500E+00
             76                 27               9068         2.5000E+00
             76                 28               3970         3.2500E+00
             76                 29               1454         4.1000E+00
             76                 30                397         5.0500E+00
             76                 31                111         6.1000E+00
             76                 32                 27         7.2500E+00
             76                 33                  3         8.5000E+00
             77                 15                 24         1.4500E+00
             77                 16                112         1.0000E+00
             77                 17                434         6.5000E-01
             77                 18               1675         4.0000E-01
             77                 19               4971         2.5000E-01
             77                 20              11572         2.0000E-01
             77                 21              21610         2.5000E-01
             77                 22              34064         4.0000E-01
             77                 23              43211         6.5000E-01
             77                 24              44429         1.0000E+00
             77                 25              35834         1.4500E+00
             77                 26              23300         2.0000E+00
             77                 27              12159         2.6500E+00
             77                 28               4933         3.4000E+00
             77                 29               1788         4.2500E+00
             77                 30                507         5.2000E+00
             77                 31                151         6.2500E+00
             77                 32                 47         7.4000E+00
             77                 33                 11         8.6500E+00
             78                 15                  2         1.7000E+00
             78                 16                 60         1.2500E+00
             78                 17                278         9.0000E-01
             78                 18               1138         6.5000E-01
             78                 19               4014         5.0000E-01
             78                 20              10352         4.5000E-01
             78                 21              19718         5.0000E-01
             78                 22              30591         6.5000E-01
             78                 23              38947         9.0000E-01
             78                 24              39906         1.2500E+00
             78                 25              31446         1.7000E+00
             78                 26              20953         2.2500E+00
             78                 27              10478         2.9000E+00
             78                 28               4361         3.6500E+00
             78                 29               1491         4.5000E+00
             78                 30                435         5.4500E+00
             78                 31                114         6.5000E+00
             78                 32                 29         7.6500E+00
             78                 33                  9         8.9000E+00
             79                 16                 22         1.6000E+00
             79                 17                205         1.2500E+00
             79                 18                757         1.0000E+00
             79                 19               2499         8.5000E-01
             79                 20               6186         8.0000E-01
             79                 21              11181         8.5000E-01
             79                 22              16992         1.0000E+00
             79                 23              22647         1.2500E+00
             79                 24              23838         1.6000E+00
             79                 25              18387         2.0500E+00
             79                 26              11821         2.6000E+00
             79                 27               5877         3.2500E+00
             79                 28               2525         4.0000E+00
             79                 29                868         4.8500E+00
             79                 30                219         5.8000E+00
             79                 31                 55         6.8500E+00
             79                 32                 16         8.0000E+00
             79                 33                  4         9.2500E+00
             79                 34                  1         1.0600E+01
             80                 16                  4         2.0500E+00
             80                 17                 68         1.7000E+00
             80                 18                314         1.4500E+00
             80                 19                973         1.3000E+00
             80                 20               2172         1.2500E+00
             80                 21               3505         1.3000E+00
             80                 22               5660         1.4500E+00
             80                 23               7917         1.7000E+00
             80                 24               8394         2.0500E+00
             80                 25               6812         2.5000E+00
             80                 26               4117         3.0500E+00
             80                 27               2006         3.7000E+00
             80                 28                810         4.4500E+00
             80                 29                245         5.3000E+00
             80                 30                 66         6.2500E+00
             80                 31                  9         7.3000E+00
             80                 32                  1         8.4500E+00
             80                 33                  5         9.7000E+00
             80                 34                  1         1.1050E+01
             81                 17                 12         2.2500E+00
             81                 18                 56         2.0000E+00
             81                 19                190         1.8500E+00
             81                 20                354         1.8000E+00
             81                 21                617         1.8500E+00
             81                 22                964         2.0000E+00
             81                 23               1447         2.2500E+00
             81                 24               1527         2.6000E+00
             81                 25               1145         3.0500E+00
             81                 26                673         3.6000E+00
             81                 27                392         4.2500E+00
             81                 28                127         5.0000E+00
             81                 29                 67         5.8500E+00
             81                 30                 10         6.8000E+00
             81                 31                  1         7.8500E+00
             82                 19                  6         2.5000E+00
             82                 20                 26         2.4500E+00
             82                 21                 41         2.5000E+00
             82                 22                 33         2.6500E+00
             82                 23                 83         2.9000E+00
             82                 24                127         3.2500E+00
             82                 25                117         3.7000E+00
             82                 26                 99         4.2500E+00
             82                 27                 76         4.9000E+00
             82                 28                 19         5.6500E+00
             82                 29                 34         6.5000E+00
             82                 30                  8         7.4500E+00
             83                 24                  4         4.0000E+00
             83                 25                 24         4.4500E+00
             83                 26                 11         5.0000E+00
             83                 27                 13         5.6500E+00
             83                 28                  5         6.4000E+00
