  #Crystal Size      Water Content              Count               Bias
             64                  9                  1         4.8500E+00
             65                  6                  2         3.0500E+00
             65                  7                  3         3.7000E+00
             65                  8                 27         4.4500E+00
             65                  9                 33         5.3000E+00
             65                 10                 10         6.2500E+00
             65                 11                 11         7.3000E+00
             65                 12                 32         8.4500E+00
             65                 13                  6         9.7000E+00
             66                  5                  3         3.0500E+00
             66                  6                 22         3.6000E+00
             66                  7                 67         4.2500E+00
             66                  8                142         5.0000E+00
             66                  9                272         5.8500E+00
             66                 10                237         6.8000E+00
             66                 11                172         7.8500E+00
             66                 12                194         9.0000E+00
             66                 13                 46         1.0250E+01
             66                 14                 25         1.1600E+01
             66                 15                  1         1.3050E+01
             66                 16                  3         1.4600E+01
             67                  5                  3         3.7000E+00
             67                  6                120         4.2500E+00
             67                  7                392         4.9000E+00
             67                  8                745         5.6500E+00
             67                  9               1119         6.5000E+00
             67                 10               1370         7.4500E+00
             67                 11               1151         8.5000E+00
             67                 12                949         9.6500E+00
             67                 13                349         1.0900E+01
             67                 14                104         1.2250E+01
             67                 15                142         1.3700E+01
             67                 16                 26         1.5250E+01
             67                 17                  1         1.6900E+01
             68                  5                 32         4.4500E+00
             68                  6                219         5.0000E+00
             68                  7               1057         5.6500E+00
             68                  8               2936         6.4000E+00
             68                  9               4553         7.2500E+00
             68                 10               4921         8.2000E+00
             68                 11               4214         9.2500E+00
             68                 12               2890         1.0400E+01
             68                 13               1481         1.1650E+01
             68                 14                764         1.3000E+01
             68                 15                411         1.4450E+01
             68                 16                129         1.6000E+01
             68                 17                 43         1.7650E+01
             68                 18                  5         1.9400E+01
             69                  4                  1         4.8500E+00
             69                  5                 87         5.3000E+00
             69                  6                795         5.8500E+00
             69                  7               2864         6.5000E+00
             69                  8               7273         7.2500E+00
             69                  9              12019         8.1000E+00
             69                 10              13222         9.0500E+00
             69                 11              10985         1.0100E+01
             69                 12               7507         1.1250E+01
             69                 13               4253         1.2500E+01
             69                 14               2059         1.3850E+01
             69                 15                845         1.5300E+01
             69                 16                201         1.6850E+01
             69                 17                 14         1.8500E+01
             69                 18                  6         2.0250E+01
             70                  4                 25         5.8000E+00
             70                  5                140         6.2500E+00
             70                  6               1569         6.8000E+00
             70                  7               5879         7.4500E+00
             70                  8              15328         8.2000E+00
             70                  9              24473         9.0500E+00
             70                 10              24945         1.0000E+01
             70                 11              22023         1.1050E+01
             70                 12              15073         1.2200E+01
             70                 13               8055         1.3450E+01
             70                 14               3776         1.4800E+01
             70                 15               1392         1.6250E+01
             70                 16                466         1.7800E+01
             70                 17                134         1.9450E+01
             70                 18                  3         2.1200E+01
             71                  4                 22         6.8500E+00
             71                  5                322         7.3000E+00
             71                  6               2382         7.8500E+00
             71                  7               9531         8.5000E+00
             71                  8              23249         9.2500E+00
             71                  9              35778         1.0100E+01
             71                 10              39258         1.1050E+01
             71                 11              34442         1.2100E+01
             71                 12              23292         1.3250E+01
             71                 13              12704         1.4500E+01
             71                 14               5545         1.5850E+01
             71                 15               1978         1.7300E+01
             71                 16                652         1.8850E+01
             71                 17                 99         2.0500E+01
             71                 18                 34         2.2250E+01
             72                  4                 27         8.0000E+00
             72                  5                411         8.4500E+00
             72                  6               2661         9.0000E+00
             72                  7              10949         9.6500E+00
             72                  8              25666         1.0400E+01
             72                  9              40044         1.1250E+01
             72                 10              44220         1.2200E+01
             72                 11              39951         1.3250E+01
             72                 12              26532         1.4400E+01
             72                 13              14522         1.5650E+01
             72                 14               5949         1.7000E+01
             72                 15               2441         1.8450E+01
             72                 16                763         2.0000E+01
             72                 17                214         2.1650E+01
             72                 18                 36         2.3400E+01
             73                  4                  7         9.2500E+00
             73                  5                298         9.7000E+00
             73                  6               2268         1.0250E+01
             73                  7               8905         1.0900E+01
             73                  8              20570         1.1650E+01
             73                  9              32544         1.2500E+01
             73                 10              36323         1.3450E+01
             73                 11              33015         1.4500E+01
             73                 12              23454         1.5650E+01
             73                 13              13373         1.6900E+01
             73                 14               5219         1.8250E+01
             73                 15               1921         1.9700E+01
             73                 16                744         2.1250E+01
             73                 17                256         2.2900E+01
             73                 18                 49         2.4650E+01
             73                 19                 10         2.6500E+01
             74                  4                 21         1.0600E+01
             74                  5                278         1.1050E+01
             74                  6               1489         1.1600E+01
             74                  7               5121         1.2250E+01
             74                  8              13062         1.3000E+01
             74                  9              20248         1.3850E+01
             74                 10              24241         1.4800E+01
             74                 11              21976         1.5850E+01
             74                 12              16117         1.7000E+01
             74                 13               9058         1.8250E+01
             74                 14               3850         1.9600E+01
             74                 15               1463         2.1050E+01
             74                 16                424         2.2600E+01
             74                 17                159         2.4250E+01
             74                 18                 58         2.6000E+01
             74                 19                  6         2.7850E+01
             75                  4                 10         1.2050E+01
             75                  5                221         1.2500E+01
             75                  6                807         1.3050E+01
             75                  7               2534         1.3700E+01
             75                  8               5875         1.4450E+01
             75                  9               9004         1.5300E+01
             75                 10              12023         1.6250E+01
             75                 11              10714         1.7300E+01
             75                 12               8248         1.8450E+01
             75                 13               4173         1.9700E+01
             75                 14               2025         2.1050E+01
             75                 15                705         2.2500E+01
             75                 16                139         2.4050E+01
             75                 17                 44         2.5700E+01
             75                 18                 22         2.7450E+01
             75                 19                  6         2.9300E+01
             76                  4                  1         1.3600E+01
             76                  5                 71         1.4050E+01
             76                  6                282         1.4600E+01
             76                  7                783         1.5250E+01
             76                  8               1790         1.6000E+01
             76                  9               3220         1.6850E+01
             76                 10               4503         1.7800E+01
             76                 11               4263         1.8850E+01
             76                 12               2810         2.0000E+01
             76                 13               1364         2.1250E+01
             76                 14                596         2.2600E+01
             76                 15                155         2.4050E+01
             76                 16                 29         2.5600E+01
             76                 17                  1         2.7250E+01
             76                 18                  4         2.9000E+01
             77                  5                 11         1.5700E+01
             77                  6                 68         1.6250E+01
             77                  7                201         1.6900E+01
             77                  8                471         1.7650E+01
             77                  9                936         1.8500E+01
             77                 10               1234         1.9450E+01
             77                 11               1096         2.0500E+01
             77                 12                736         2.1650E+01
             77                 13                406         2.2900E+01
             77                 14                166         2.4250E+01
             77                 15                 20         2.5700E+01
             77                 16                 27         2.7250E+01
             78                  5                  3         1.7450E+01
             78                  6                  9         1.8000E+01
             78                  7                 36         1.8650E+01
             78                  8                 96         1.9400E+01
             78                  9                185         2.0250E+01
             78                 10                211         2.1200E+01
             78                 11                185         2.2250E+01
             78                 12                111         2.3400E+01
             78                 13                 93         2.4650E+01
             78                 14                 38         2.6000E+01
             78                 15                  4         2.7450E+01
             78                 16                  1         2.9000E+01
             79                  7                  6         2.0500E+01
             79                  8                 21         2.1250E+01
             79                  9                 22         2.2100E+01
             79                 10                 15         2.3050E+01
             79                 11                 10         2.4100E+01
             79                 12                 33         2.5250E+01
             79                 13                 42         2.6500E+01
             79                 14                 12         2.7850E+01
             79                 15                  3         2.9300E+01
             79                 16                  1         3.0850E+01
             80                  8                  7         2.3200E+01
             80                  9                  1         2.4050E+01
             80                 11                  6         2.6050E+01
             80                 12                  3         2.7200E+01
             80                 13                  4         2.8450E+01
