  #Crystal Size      Water Content              Count               Bias
             60                 13                 28         1.3450E+01
             60                 14                 13         1.4800E+01
             61                 12                  7         1.3250E+01
             61                 13                 74         1.4500E+01
             61                 14                 17         1.5850E+01
             62                  6                  6         9.0000E+00
             62                  7                 50         9.6500E+00
             62                  8                 57         1.0400E+01
             62                  9                162         1.1250E+01
             62                 10                 71         1.2200E+01
             62                 11                 88         1.3250E+01
             62                 12                 54         1.4400E+01
             62                 13                152         1.5650E+01
             62                 14                 24         1.7000E+01
             63                  6                 37         1.0250E+01
             63                  7                174         1.0900E+01
             63                  8                820         1.1650E+01
             63                  9                621         1.2500E+01
             63                 10                726         1.3450E+01
             63                 11               1037         1.4500E+01
             63                 12                858         1.5650E+01
             63                 13                539         1.6900E+01
             63                 14                110         1.8250E+01
             63                 15                 75         1.9700E+01
             63                 16                  4         2.1250E+01
             64                  5                 97         1.1050E+01
             64                  6                347         1.1600E+01
             64                  7               1222         1.2250E+01
             64                  8               2454         1.3000E+01
             64                  9               3220         1.3850E+01
             64                 10               4682         1.4800E+01
             64                 11               4906         1.5850E+01
             64                 12               4576         1.7000E+01
             64                 13               2764         1.8250E+01
             64                 14               1264         1.9600E+01
             64                 15                285         2.1050E+01
             64                 16                 56         2.2600E+01
             64                 17                 10         2.4250E+01
             65                  5                155         1.2500E+01
             65                  6               1195         1.3050E+01
             65                  7               3965         1.3700E+01
             65                  8               8054         1.4450E+01
             65                  9              12074         1.5300E+01
             65                 10              16592         1.6250E+01
             65                 11              17050         1.7300E+01
             65                 12              14760         1.8450E+01
             65                 13               8733         1.9700E+01
             65                 14               3386         2.1050E+01
             65                 15               1013         2.2500E+01
             65                 16                239         2.4050E+01
             65                 17                 37         2.5700E+01
             66                  5                560         1.4050E+01
             66                  6               2640         1.4600E+01
             66                  7               8913         1.5250E+01
             66                  8              16857         1.6000E+01
             66                  9              24738         1.6850E+01
             66                 10              32269         1.7800E+01
             66                 11              33837         1.8850E+01
             66                 12              28579         2.0000E+01
             66                 13              16708         2.1250E+01
             66                 14               6261         2.2600E+01
             66                 15               1570         2.4050E+01
             66                 16                348         2.5600E+01
             66                 17                133         2.7250E+01
             67                  3                  7         1.4900E+01
             67                  4                149         1.5250E+01
             67                  5               1208         1.5700E+01
             67                  6               4736         1.6250E+01
             67                  7              13192         1.6900E+01
             67                  8              23884         1.7650E+01
             67                  9              34389         1.8500E+01
             67                 10              44478         1.9450E+01
             67                 11              45266         2.0500E+01
             67                 12              37046         2.1650E+01
             67                 13              22206         2.2900E+01
             67                 14               8257         2.4250E+01
             67                 15               2032         2.5700E+01
             67                 16                670         2.7250E+01
             67                 17                127         2.8900E+01
             67                 18                  7         3.0650E+01
             68                  4                130         1.7000E+01
             68                  5               1319         1.7450E+01
             68                  6               4990         1.8000E+01
             68                  7              12668         1.8650E+01
             68                  8              22578         1.9400E+01
             68                  9              31234         2.0250E+01
             68                 10              41104         2.1200E+01
             68                 11              42429         2.2250E+01
             68                 12              33584         2.3400E+01
             68                 13              19170         2.4650E+01
             68                 14               7010         2.6000E+01
             68                 15               1739         2.7450E+01
             68                 16                375         2.9000E+01
             68                 17                 85         3.0650E+01
             68                 18                  4         3.2400E+01
             69                  4                 43         1.8850E+01
             69                  5                807         1.9300E+01
             69                  6               3662         1.9850E+01
             69                  7               9385         2.0500E+01
             69                  8              15929         2.1250E+01
             69                  9              21161         2.2100E+01
             69                 10              27971         2.3050E+01
             69                 11              28487         2.4100E+01
             69                 12              21554         2.5250E+01
             69                 13              12453         2.6500E+01
             69                 14               4597         2.7850E+01
             69                 15               1088         2.9300E+01
             69                 16                191         3.0850E+01
             69                 17                 52         3.2500E+01
             69                 18                  1         3.4250E+01
             70                  4                 38         2.0800E+01
             70                  5                642         2.1250E+01
             70                  6               2075         2.1800E+01
             70                  7               4601         2.2450E+01
             70                  8               7334         2.3200E+01
             70                  9              10330         2.4050E+01
             70                 10              13085         2.5000E+01
             70                 11              12893         2.6050E+01
             70                 12              10276         2.7200E+01
             70                 13               5302         2.8450E+01
             70                 14               1821         2.9800E+01
             70                 15                431         3.1250E+01
             70                 16                 69         3.2800E+01
             70                 17                  8         3.4450E+01
             70                 18                  1         3.6200E+01
             71                  4                 46         2.2850E+01
             71                  5                293         2.3300E+01
             71                  6                895         2.3850E+01
             71                  7               1930         2.4500E+01
             71                  8               2681         2.5250E+01
             71                  9               4399         2.6100E+01
             71                 10               5099         2.7050E+01
             71                 11               4455         2.8100E+01
             71                 12               3783         2.9250E+01
             71                 13               2030         3.0500E+01
             71                 14                661         3.1850E+01
             71                 15                183         3.3300E+01
             71                 16                 40         3.4850E+01
             71                 17                  1         3.6500E+01
             72                  4                  4         2.5000E+01
             72                  5                 68         2.5450E+01
             72                  6                146         2.6000E+01
             72                  7                619         2.6650E+01
             72                  8                904         2.7400E+01
             72                  9               1158         2.8250E+01
             72                 10               1587         2.9200E+01
             72                 11               1281         3.0250E+01
             72                 12                936         3.1400E+01
             72                 13                399         3.2650E+01
             72                 14                135         3.4000E+01
             72                 15                 37         3.5450E+01
             72                 16                  4         3.7000E+01
             73                  5                  6         2.7700E+01
             73                  6                 14         2.8250E+01
             73                  7                 68         2.8900E+01
             73                  8                176         2.9650E+01
             73                  9                158         3.0500E+01
             73                 10                267         3.1450E+01
             73                 11                264         3.2500E+01
             73                 12                160         3.3650E+01
             73                 13                 73         3.4900E+01
             73                 14                 86         3.6250E+01
             73                 15                 31         3.7700E+01
             73                 16                  1         3.9250E+01
             74                  6                  1         3.0600E+01
             74                  7                  6         3.1250E+01
             74                  8                 27         3.2000E+01
             74                  9                 27         3.2850E+01
             74                 10                 25         3.3800E+01
             74                 11                 38         3.4850E+01
             74                 12                 40         3.6000E+01
             74                 13                 17         3.7250E+01
             74                 14                  4         3.8600E+01
             75                  7                  1         3.3700E+01
             75                  8                  9         3.4450E+01
             75                 11                  1         3.7300E+01
             75                 12                 12         3.8450E+01
             75                 13                  1         3.9700E+01
