  #Crystal Size      Water Content              Count               Bias
             51                 24                  4         2.6000E+00
             51                 25                  3         3.0500E+00
             52                 21                 23         2.5000E+00
             52                 22                 24         2.6500E+00
             52                 23                  8         2.9000E+00
             52                 24                 15         3.2500E+00
             52                 25                 22         3.7000E+00
             52                 26                 15         4.2500E+00
             52                 27                  8         4.9000E+00
             53                 21                116         3.2500E+00
             53                 22                 89         3.4000E+00
             53                 23                 92         3.6500E+00
             53                 24                192         4.0000E+00
             53                 25                160         4.4500E+00
             53                 26                 93         5.0000E+00
             53                 27                 67         5.6500E+00
             53                 28                  6         6.4000E+00
             53                 29                  2         7.2500E+00
             54                 18                  1         4.2500E+00
             54                 19                 10         4.1000E+00
             54                 20                 88         4.0500E+00
             54                 21                259         4.1000E+00
             54                 22                429         4.2500E+00
             54                 23                667         4.5000E+00
             54                 24                704         4.8500E+00
             54                 25                630         5.3000E+00
             54                 26                410         5.8500E+00
             54                 27                125         6.5000E+00
             54                 28                 31         7.2500E+00
             54                 29                  4         8.1000E+00
             54                 30                  3         9.0500E+00
             54                 32                  2         1.1250E+01
             55                 18                 35         5.2000E+00
             55                 19                 94         5.0500E+00
             55                 20                319         5.0000E+00
             55                 21                881         5.0500E+00
             55                 22               1373         5.2000E+00
             55                 23               1968         5.4500E+00
             55                 24               2501         5.8000E+00
             55                 25               1786         6.2500E+00
             55                 26               1400         6.8000E+00
             55                 27                559         7.4500E+00
             55                 28                159         8.2000E+00
             55                 29                 62         9.0500E+00
             55                 30                 20         1.0000E+01
             55                 31                  9         1.1050E+01
             55                 32                  4         1.2200E+01
             56                 15                  1         7.3000E+00
             56                 16                 32         6.8500E+00
             56                 17                 64         6.5000E+00
             56                 18                231         6.2500E+00
             56                 19                442         6.1000E+00
             56                 20               1030         6.0500E+00
             56                 21               2706         6.1000E+00
             56                 22               4351         6.2500E+00
             56                 23               6279         6.5000E+00
             56                 24               6125         6.8500E+00
             56                 25               4743         7.3000E+00
             56                 26               3167         7.8500E+00
             56                 27               1349         8.5000E+00
             56                 28                348         9.2500E+00
             56                 29                140         1.0100E+01
             56                 30                 29         1.1050E+01
             56                 31                 26         1.2100E+01
             56                 32                  1         1.3250E+01
             57                 15                 10         8.4500E+00
             57                 16                 41         8.0000E+00
             57                 17                350         7.6500E+00
             57                 18                995         7.4000E+00
             57                 19               1540         7.2500E+00
             57                 20               3401         7.2000E+00
             57                 21               6315         7.2500E+00
             57                 22               9181         7.4000E+00
             57                 23              11222         7.6500E+00
             57                 24              12410         8.0000E+00
             57                 25              10217         8.4500E+00
             57                 26               5678         9.0000E+00
             57                 27               2706         9.6500E+00
             57                 28                873         1.0400E+01
             57                 29                208         1.1250E+01
             57                 30                 34         1.2200E+01
             57                 31                 11         1.3250E+01
             57                 32                  2         1.4400E+01
             58                 14                  3         1.0250E+01
             58                 15                 96         9.7000E+00
             58                 16                305         9.2500E+00
             58                 17               1135         8.9000E+00
             58                 18               2362         8.6500E+00
             58                 19               3918         8.5000E+00
             58                 20               6519         8.4500E+00
             58                 21              11422         8.5000E+00
             58                 22              15995         8.6500E+00
             58                 23              18610         8.9000E+00
             58                 24              18637         9.2500E+00
             58                 25              15028         9.7000E+00
             58                 26               8151         1.0250E+01
             58                 27               3233         1.0900E+01
             58                 28               1176         1.1650E+01
             58                 29                316         1.2500E+01
             58                 30                101         1.3450E+01
             58                 31                  3         1.4500E+01
             59                 14                  7         1.1600E+01
             59                 15                120         1.1050E+01
             59                 16                739         1.0600E+01
             59                 17               1928         1.0250E+01
             59                 18               4218         1.0000E+01
             59                 19               7464         9.8500E+00
             59                 20              11662         9.8000E+00
             59                 21              17428         9.8500E+00
             59                 22              21667         1.0000E+01
             59                 23              24445         1.0250E+01
             59                 24              23739         1.0600E+01
             59                 25              17104         1.1050E+01
             59                 26               8827         1.1600E+01
             59                 27               3785         1.2250E+01
             59                 28               1018         1.3000E+01
             59                 29                228         1.3850E+01
             59                 30                 80         1.4800E+01
             59                 31                 15         1.5850E+01
             60                 14                 17         1.3050E+01
             60                 15                265         1.2500E+01
             60                 16               1050         1.2050E+01
             60                 17               3735         1.1700E+01
             60                 18               7840         1.1450E+01
             60                 19              11873         1.1300E+01
             60                 20              18050         1.1250E+01
             60                 21              22786         1.1300E+01
             60                 22              24943         1.1450E+01
             60                 23              24717         1.1700E+01
             60                 24              20816         1.2050E+01
             60                 25              15072         1.2500E+01
             60                 26               8381         1.3050E+01
             60                 27               3454         1.3700E+01
             60                 28                864         1.4450E+01
             60                 29                284         1.5300E+01
             60                 30                183         1.6250E+01
             60                 31                 28         1.7300E+01
             61                 14                 86         1.4600E+01
             61                 15                624         1.4050E+01
             61                 16               1920         1.3600E+01
             61                 17               4880         1.3250E+01
             61                 18              10199         1.3000E+01
             61                 19              16223         1.2850E+01
             61                 20              21670         1.2800E+01
             61                 21              23542         1.2850E+01
             61                 22              23141         1.3000E+01
             61                 23              20227         1.3250E+01
             61                 24              15979         1.3600E+01
             61                 25              11043         1.4050E+01
             61                 26               5927         1.4600E+01
             61                 27               2422         1.5250E+01
             61                 28                736         1.6000E+01
             61                 29                317         1.6850E+01
             61                 30                 75         1.7800E+01
             61                 31                 31         1.8850E+01
             62                 13                 23         1.6900E+01
             62                 14                173         1.6250E+01
             62                 15                680         1.5700E+01
             62                 16               2591         1.5250E+01
             62                 17               5825         1.4900E+01
             62                 18              11138         1.4650E+01
             62                 19              16250         1.4500E+01
             62                 20              19768         1.4450E+01
             62                 21              19676         1.4500E+01
             62                 22              18067         1.4650E+01
             62                 23              14220         1.4900E+01
             62                 24              10021         1.5250E+01
             62                 25               6273         1.5700E+01
             62                 26               3405         1.6250E+01
             62                 27               1307         1.6900E+01
             62                 28                382         1.7650E+01
             62                 29                155         1.8500E+01
             62                 30                 29         1.9450E+01
             62                 31                  4         2.0500E+01
             63                 13                 16         1.8650E+01
             63                 14                 82         1.8000E+01
             63                 15                702         1.7450E+01
             63                 16               2086         1.7000E+01
             63                 17               4731         1.6650E+01
             63                 18               8477         1.6400E+01
             63                 19              12883         1.6250E+01
             63                 20              15130         1.6200E+01
             63                 21              14313         1.6250E+01
             63                 22              12135         1.6400E+01
             63                 23               9078         1.6650E+01
             63                 24               5878         1.7000E+01
             63                 25               3155         1.7450E+01
             63                 26               1619         1.8000E+01
             63                 27                583         1.8650E+01
             63                 28                189         1.9400E+01
             63                 29                 48         2.0250E+01
             63                 30                 10         2.1200E+01
             63                 31                  2         2.2250E+01
             64                 13                  4         2.0500E+01
             64                 14                 44         1.9850E+01
             64                 15                534         1.9300E+01
             64                 16               1560         1.8850E+01
             64                 17               3188         1.8500E+01
             64                 18               5629         1.8250E+01
             64                 19               7519         1.8100E+01
             64                 20               9485         1.8050E+01
             64                 21               9187         1.8100E+01
             64                 22               6727         1.8250E+01
             64                 23               5122         1.8500E+01
             64                 24               3129         1.8850E+01
             64                 25               1504         1.9300E+01
             64                 26                542         1.9850E+01
             64                 27                237         2.0500E+01
             64                 28                 81         2.1250E+01
             64                 29                 18         2.2100E+01
             64                 30                  5         2.3050E+01
             65                 13                  2         2.2450E+01
             65                 14                 58         2.1800E+01
             65                 15                202         2.1250E+01
             65                 16                788         2.0800E+01
             65                 17               1610         2.0450E+01
             65                 18               2710         2.0200E+01
             65                 19               3823         2.0050E+01
             65                 20               4418         2.0000E+01
             65                 21               4038         2.0050E+01
             65                 22               2679         2.0200E+01
             65                 23               2041         2.0450E+01
             65                 24               1396         2.0800E+01
             65                 25                439         2.1250E+01
             65                 26                153         2.1800E+01
             65                 27                 97         2.2450E+01
             65                 28                 35         2.3200E+01
             65                 29                  4         2.4050E+01
             66                 14                 22         2.3850E+01
             66                 15                 84         2.3300E+01
             66                 16                421         2.2850E+01
             66                 17                588         2.2500E+01
             66                 18               1107         2.2250E+01
             66                 19               1477         2.2100E+01
             66                 20               1617         2.2050E+01
             66                 21               1439         2.2100E+01
             66                 22               1215         2.2250E+01
             66                 23                827         2.2500E+01
             66                 24                397         2.2850E+01
             66                 25                212         2.3300E+01
             66                 26                 33         2.3850E+01
             66                 27                 19         2.4500E+01
             66                 28                  6         2.5250E+01
             67                 14                  4         2.6000E+01
             67                 15                 11         2.5450E+01
             67                 16                 92         2.5000E+01
             67                 17                220         2.4650E+01
             67                 18                316         2.4400E+01
             67                 19                530         2.4250E+01
             67                 20                403         2.4200E+01
             67                 21                423         2.4250E+01
             67                 22                383         2.4400E+01
             67                 23                207         2.4650E+01
             67                 24                157         2.5000E+01
             67                 25                 69         2.5450E+01
             67                 26                  7         2.6000E+01
             67                 27                  3         2.6650E+01
             68                 14                  1         2.8250E+01
             68                 15                  2         2.7700E+01
             68                 16                 50         2.7250E+01
             68                 17                 82         2.6900E+01
             68                 18                 87         2.6650E+01
             68                 19                210         2.6500E+01
             68                 20                123         2.6450E+01
             68                 21                 58         2.6500E+01
             68                 22                 65         2.6650E+01
             68                 23                 69         2.6900E+01
             68                 24                 18         2.7250E+01
             68                 25                 16         2.7700E+01
             68                 26                  4         2.8250E+01
             68                 27                  2         2.8900E+01
             69                 16                  7         2.9600E+01
             69                 17                 13         2.9250E+01
             69                 18                 18         2.9000E+01
             69                 19                 32         2.8850E+01
             69                 20                 54         2.8800E+01
             69                 21                 34         2.8850E+01
             69                 22                 10         2.9000E+01
             69                 23                 11         2.9250E+01
             69                 24                  1         2.9600E+01
             70                 21                 12         3.1300E+01
             70                 22                  1         3.1450E+01
             70                 23                  5         3.1700E+01
