  #Crystal Size      Water Content              Count               Bias
             66                 13                  3         7.2500E+00
             66                 14                  1         8.1000E+00
             67                  9                  1         4.0000E+00
             67                 10                  4         4.4500E+00
             67                 11                  5         5.0000E+00
             67                 12                  8         5.6500E+00
             67                 13                 21         6.4000E+00
             67                 14                 15         7.2500E+00
             67                 15                  8         8.2000E+00
             67                 16                  1         9.2500E+00
             68                  8                  3         2.9000E+00
             68                  9                  8         3.2500E+00
             68                 10                 28         3.7000E+00
             68                 11                 44         4.2500E+00
             68                 12                114         4.9000E+00
             68                 13                 91         5.6500E+00
             68                 14                 77         6.5000E+00
             68                 15                 68         7.4500E+00
             68                 16                 21         8.5000E+00
             69                  7                  7         2.0000E+00
             69                  8                 26         2.2500E+00
             69                  9                 49         2.6000E+00
             69                 10                161         3.0500E+00
             69                 11                351         3.6000E+00
             69                 12                518         4.2500E+00
             69                 13                543         5.0000E+00
             69                 14                409         5.8500E+00
             69                 15                223         6.8000E+00
             69                 16                 75         7.8500E+00
             69                 17                  4         9.0000E+00
             69                 18                  3         1.0250E+01
             70                  6                 19         1.3000E+00
             70                  7                 42         1.4500E+00
             70                  8                158         1.7000E+00
             70                  9                372         2.0500E+00
             70                 10                903         2.5000E+00
             70                 11               1731         3.0500E+00
             70                 12               2253         3.7000E+00
             70                 13               2087         4.4500E+00
             70                 14               1570         5.3000E+00
             70                 15                799         6.2500E+00
             70                 16                294         7.3000E+00
             70                 17                 71         8.4500E+00
             70                 18                 10         9.7000E+00
             70                 19                  2         1.1050E+01
             71                  5                  7         8.0000E-01
             71                  6                 82         8.5000E-01
             71                  7                192         1.0000E+00
             71                  8                671         1.2500E+00
             71                  9               1987         1.6000E+00
             71                 10               4216         2.0500E+00
             71                 11               6684         2.6000E+00
             71                 12               7701         3.2500E+00
             71                 13               6866         4.0000E+00
             71                 14               4530         4.8500E+00
             71                 15               2176         5.8000E+00
             71                 16                672         6.8500E+00
             71                 17                196         8.0000E+00
             71                 18                 34         9.2500E+00
             71                 19                  9         1.0600E+01
             72                  4                  6         5.0000E-01
             72                  5                 51         4.5000E-01
             72                  6                234         5.0000E-01
             72                  7                853         6.5000E-01
             72                  8               2533         9.0000E-01
             72                  9               6284         1.2500E+00
             72                 10              12121         1.7000E+00
             72                 11              17857         2.2500E+00
             72                 12              19679         2.9000E+00
             72                 13              16895         3.6500E+00
             72                 14              10233         4.5000E+00
             72                 15               4484         5.4500E+00
             72                 16               1392         6.5000E+00
             72                 17                317         7.6500E+00
             72                 18                 42         8.9000E+00
             72                 19                 11         1.0250E+01
             73                  4                 12         2.5000E-01
             73                  5                 84         2.0000E-01
             73                  6                600         2.5000E-01
             73                  7               2390         4.0000E-01
             73                  8               6774         6.5000E-01
             73                  9              14836         1.0000E+00
             73                 10              25660         1.4500E+00
             73                 11              35746         2.0000E+00
             73                 12              38389         2.6500E+00
             73                 13              29353         3.4000E+00
             73                 14              16059         4.2500E+00
             73                 15               6849         5.2000E+00
             73                 16               2109         6.2500E+00
             73                 17                396         7.4000E+00
             73                 18                 45         8.6500E+00
             73                 19                 35         1.0000E+01
             73                 20                  4         1.1450E+01
             74                  3                  2         2.5000E-01
             74                  4                 17         1.0000E-01
             74                  5                150         5.0000E-02
             74                  6               1138         1.0000E-01
             74                  7               4506         2.5000E-01
             74                  8              11293         5.0000E-01
             74                  9              23299         8.5000E-01
             74                 10              39124         1.3000E+00
             74                 11              52806         1.8500E+00
             74                 12              51480         2.5000E+00
             74                 13              36273         3.2500E+00
             74                 14              18221         4.1000E+00
             74                 15               7284         5.0500E+00
             74                 16               2117         6.1000E+00
             74                 17                455         7.2500E+00
             74                 18                 30         8.5000E+00
             74                 19                  5         9.8500E+00
             75                  4                 17         5.0000E-02
             75                  5                176         0.0000E+00
             75                  6               1486         5.0000E-02
             75                  7               5593         2.0000E-01
             75                  8              12296         4.5000E-01
             75                  9              24440         8.0000E-01
             75                 10              39758         1.2500E+00
             75                 11              51192         1.8000E+00
             75                 12              46415         2.4500E+00
             75                 13              30500         3.2000E+00
             75                 14              14946         4.0500E+00
             75                 15               5199         5.0000E+00
             75                 16               1509         6.0500E+00
             75                 17                305         7.2000E+00
             75                 18                 22         8.4500E+00
             76                  3                  2         2.5000E-01
             76                  4                 34         1.0000E-01
             76                  5                167         5.0000E-02
             76                  6               1165         1.0000E-01
             76                  7               4122         2.5000E-01
             76                  8               9358         5.0000E-01
             76                  9              17359         8.5000E-01
             76                 10              25418         1.3000E+00
             76                 11              29899         1.8500E+00
             76                 12              26693         2.5000E+00
             76                 13              16319         3.2500E+00
             76                 14               7532         4.1000E+00
             76                 15               2236         5.0500E+00
             76                 16                629         6.1000E+00
             76                 17                129         7.2500E+00
             76                 18                 11         8.5000E+00
             77                  4                  7         2.5000E-01
             77                  5                105         2.0000E-01
             77                  6                471         2.5000E-01
             77                  7               1735         4.0000E-01
             77                  8               3826         6.5000E-01
             77                  9               6658         1.0000E+00
             77                 10               9186         1.4500E+00
             77                 11              10164         2.0000E+00
             77                 12               8466         2.6500E+00
             77                 13               5051         3.4000E+00
             77                 14               2147         4.2500E+00
             77                 15                614         5.2000E+00
             77                 16                146         6.2500E+00
             77                 17                 25         7.4000E+00
             78                  5                  2         4.5000E-01
             78                  6                 61         5.0000E-01
             78                  7                247         6.5000E-01
             78                  8                488         9.0000E-01
             78                  9               1027         1.2500E+00
             78                 10               1337         1.7000E+00
             78                 11               1358         2.2500E+00
             78                 12               1254         2.9000E+00
             78                 13                657         3.6500E+00
             78                 14                240         4.5000E+00
             78                 15                 38         5.4500E+00
             78                 16                  6         6.5000E+00
