  #Crystal Size      Water Content              Count               Bias
             65                  9                  2         9.0500E+00
             66                  7                  2         6.5000E+00
             66                  8                  1         7.2500E+00
             66                  9                  1         8.1000E+00
             66                 12                  1         1.1250E+01
             67                  6                  1         5.0000E+00
             67                  7                  2         5.6500E+00
             67                  8                 13         6.4000E+00
             67                  9                 20         7.2500E+00
             67                 10                  5         8.2000E+00
             67                 11                  3         9.2500E+00
             67                 12                  5         1.0400E+01
             67                 13                  1         1.1650E+01
             68                  6                  9         4.2500E+00
             68                  7                 18         4.9000E+00
             68                  8                 54         5.6500E+00
             68                  9                 74         6.5000E+00
             68                 10                 79         7.4500E+00
             68                 11                 54         8.5000E+00
             68                 12                 46         9.6500E+00
             68                 13                 21         1.0900E+01
             68                 14                  7         1.2250E+01
             68                 15                  1         1.3700E+01
             69                  5                  5         3.0500E+00
             69                  6                 28         3.6000E+00
             69                  7                 97         4.2500E+00
             69                  8                289         5.0000E+00
             69                  9                432         5.8500E+00
             69                 10                618         6.8000E+00
             69                 11                489         7.8500E+00
             69                 12                340         9.0000E+00
             69                 13                230         1.0250E+01
             69                 14                100         1.1600E+01
             69                 15                 11         1.3050E+01
             70                  5                 21         2.5000E+00
             70                  6                159         3.0500E+00
             70                  7                451         3.7000E+00
             70                  8               1308         4.4500E+00
             70                  9               1887         5.3000E+00
             70                 10               2463         6.2500E+00
             70                 11               2169         7.3000E+00
             70                 12               1304         8.4500E+00
             70                 13                743         9.7000E+00
             70                 14                376         1.1050E+01
             70                 15                 77         1.2500E+01
             70                 16                  7         1.4050E+01
             71                  4                  4         1.6000E+00
             71                  5                125         2.0500E+00
             71                  6                746         2.6000E+00
             71                  7               1972         3.2500E+00
             71                  8               4489         4.0000E+00
             71                  9               6674         4.8500E+00
             71                 10               8179         5.8000E+00
             71                 11               6965         6.8500E+00
             71                 12               3970         8.0000E+00
             71                 13               2142         9.2500E+00
             71                 14                738         1.0600E+01
             71                 15                220         1.2050E+01
             71                 16                 20         1.3600E+01
             71                 17                  2         1.5250E+01
             72                  4                 19         1.2500E+00
             72                  5                453         1.7000E+00
             72                  6               2399         2.2500E+00
             72                  7               6618         2.9000E+00
             72                  8              12334         3.6500E+00
             72                  9              17654         4.5000E+00
             72                 10              20416         5.4500E+00
             72                 11              16175         6.5000E+00
             72                 12               9506         7.6500E+00
             72                 13               4630         8.9000E+00
             72                 14               1761         1.0250E+01
             72                 15                495         1.1700E+01
             72                 16                 67         1.3250E+01
             72                 17                  5         1.4900E+01
             73                  3                  7         6.5000E-01
             73                  4                126         1.0000E+00
             73                  5               1272         1.4500E+00
             73                  6               5842         2.0000E+00
             73                  7              14767         2.6500E+00
             73                  8              26607         3.4000E+00
             73                  9              34620         4.2500E+00
             73                 10              36583         5.2000E+00
             73                 11              28622         6.2500E+00
             73                 12              17201         7.4000E+00
             73                 13               7670         8.6500E+00
             73                 14               2709         1.0000E+01
             73                 15                683         1.1450E+01
             73                 16                147         1.3000E+01
             73                 17                 17         1.4650E+01
             74                  3                 16         5.0000E-01
             74                  4                284         8.5000E-01
             74                  5               2471         1.3000E+00
             74                  6              10146         1.8500E+00
             74                  7              24244         2.5000E+00
             74                  8              38968         3.2500E+00
             74                  9              48121         4.1000E+00
             74                 10              48292         5.0500E+00
             74                 11              36893         6.1000E+00
             74                 12              21446         7.2500E+00
             74                 13               9030         8.5000E+00
             74                 14               2622         9.8500E+00
             74                 15                518         1.1300E+01
             74                 16                113         1.2850E+01
             74                 17                  5         1.4500E+01
             75                  3                 18         4.5000E-01
             75                  4                415         8.0000E-01
             75                  5               2985         1.2500E+00
             75                  6              11368         1.8000E+00
             75                  7              26068         2.4500E+00
             75                  8              39334         3.2000E+00
             75                  9              46663         4.0500E+00
             75                 10              44600         5.0000E+00
             75                 11              32331         6.0500E+00
             75                 12              18443         7.2000E+00
             75                 13               7132         8.4500E+00
             75                 14               1949         9.8000E+00
             75                 15                401         1.1250E+01
             75                 16                 55         1.2800E+01
             75                 17                  4         1.4450E+01
             76                  3                  6         5.0000E-01
             76                  4                306         8.5000E-01
             76                  5               2357         1.3000E+00
             76                  6               8956         1.8500E+00
             76                  7              18281         2.5000E+00
             76                  8              25400         3.2500E+00
             76                  9              28679         4.1000E+00
             76                 10              26447         5.0500E+00
             76                 11              19514         6.1000E+00
             76                 12              10082         7.2500E+00
             76                 13               3631         8.5000E+00
             76                 14                887         9.8500E+00
             76                 15                154         1.1300E+01
             76                 16                 17         1.2850E+01
             77                  3                 17         6.5000E-01
             77                  4                168         1.0000E+00
             77                  5               1221         1.4500E+00
             77                  6               4281         2.0000E+00
             77                  7               7559         2.6500E+00
             77                  8               8903         3.4000E+00
             77                  9              10111         4.2500E+00
             77                 10               9321         5.2000E+00
             77                 11               6551         6.2500E+00
             77                 12               3092         7.4000E+00
             77                 13                942         8.6500E+00
             77                 14                176         1.0000E+01
             77                 15                 42         1.1450E+01
             77                 16                  2         1.3000E+01
             78                  3                  1         9.0000E-01
             78                  4                 23         1.2500E+00
             78                  5                338         1.7000E+00
             78                  6                818         2.2500E+00
             78                  7               1150         2.9000E+00
             78                  8               1387         3.6500E+00
             78                  9               1523         4.5000E+00
             78                 10               1424         5.4500E+00
             78                 11                979         6.5000E+00
             78                 12                538         7.6500E+00
             78                 13                 99         8.9000E+00
             78                 14                  7         1.0250E+01
