  #Crystal Size      Water Content              Count               Bias
             65                 19                  1         5.0500E+00
             65                 20                  1         5.0000E+00
             65                 21                  3         5.0500E+00
             65                 23                  3         5.4500E+00
             65                 24                  1         5.8000E+00
             66                 17                  3         4.5000E+00
             66                 18                  6         4.2500E+00
             66                 19                  8         4.1000E+00
             66                 20                  6         4.0500E+00
             66                 21                 14         4.1000E+00
             66                 22                  2         4.2500E+00
             66                 23                 15         4.5000E+00
             66                 24                  9         4.8500E+00
             66                 25                  4         5.3000E+00
             67                 16                 22         4.0000E+00
             67                 17                 50         3.6500E+00
             67                 18                 55         3.4000E+00
             67                 19                 86         3.2500E+00
             67                 20                114         3.2000E+00
             67                 21                112         3.2500E+00
             67                 22                 91         3.4000E+00
             67                 23                 68         3.6500E+00
             67                 24                 39         4.0000E+00
             67                 25                 26         4.4500E+00
             67                 26                  3         5.0000E+00
             68                 10                  1         7.4500E+00
             68                 11                  1         6.5000E+00
             68                 14                  9         4.2500E+00
             68                 15                 19         3.7000E+00
             68                 16                 97         3.2500E+00
             68                 17                232         2.9000E+00
             68                 18                312         2.6500E+00
             68                 19                627         2.5000E+00
             68                 20                783         2.4500E+00
             68                 21                660         2.5000E+00
             68                 22                559         2.6500E+00
             68                 23                501         2.9000E+00
             68                 24                293         3.2500E+00
             68                 25                168         3.7000E+00
             68                 26                 19         4.2500E+00
             68                 28                  2         5.6500E+00
             69                 10                  6         6.8000E+00
             69                 11                  2         5.8500E+00
             69                 12                  3         5.0000E+00
             69                 13                  1         4.2500E+00
             69                 14                 13         3.6000E+00
             69                 15                106         3.0500E+00
             69                 16                353         2.6000E+00
             69                 17                804         2.2500E+00
             69                 18               1541         2.0000E+00
             69                 19               2846         1.8500E+00
             69                 20               3386         1.8000E+00
             69                 21               3086         1.8500E+00
             69                 22               2563         2.0000E+00
             69                 23               1763         2.2500E+00
             69                 24                886         2.6000E+00
             69                 25                303         3.0500E+00
             69                 26                 72         3.6000E+00
             69                 27                 33         4.2500E+00
             69                 28                  1         5.0000E+00
             69                 29                  1         5.8500E+00
             69                 30                  2         6.8000E+00
             70                 10                  1         6.2500E+00
             70                 11                  7         5.3000E+00
             70                 12                 12         4.4500E+00
             70                 13                  1         3.7000E+00
             70                 14                 64         3.0500E+00
             70                 15                416         2.5000E+00
             70                 16               1274         2.0500E+00
             70                 17               2824         1.7000E+00
             70                 18               5280         1.4500E+00
             70                 19               8455         1.3000E+00
             70                 20              10243         1.2500E+00
             70                 21               9643         1.3000E+00
             70                 22               7161         1.4500E+00
             70                 23               4640         1.7000E+00
             70                 24               2201         2.0500E+00
             70                 25                853         2.5000E+00
             70                 26                285         3.0500E+00
             70                 27                 74         3.7000E+00
             70                 28                 36         4.4500E+00
             70                 29                  7         5.3000E+00
             70                 30                  3         6.2500E+00
             71                 10                  6         5.8000E+00
             71                 11                 14         4.8500E+00
             71                 12                 30         4.0000E+00
             71                 13                 48         3.2500E+00
             71                 14                193         2.6000E+00
             71                 15               1088         2.0500E+00
             71                 16               2961         1.6000E+00
             71                 17               6958         1.2500E+00
             71                 18              12720         1.0000E+00
             71                 19              19479         8.5000E-01
             71                 20              23339         8.0000E-01
             71                 21              22492         8.5000E-01
             71                 22              16507         1.0000E+00
             71                 23               9855         1.2500E+00
             71                 24               5228         1.6000E+00
             71                 25               2068         2.0500E+00
             71                 26                829         2.6000E+00
             71                 27                260         3.2500E+00
             71                 28                100         4.0000E+00
             71                 29                 11         4.8500E+00
             72                 10                 10         5.4500E+00
             72                 11                 18         4.5000E+00
             72                 12                 33         3.6500E+00
             72                 13                171         2.9000E+00
             72                 14                462         2.2500E+00
             72                 15               1768         1.7000E+00
             72                 16               5293         1.2500E+00
             72                 17              11935         9.0000E-01
             72                 18              21491         6.5000E-01
             72                 19              32332         5.0000E-01
             72                 20              39371         4.5000E-01
             72                 21              37017         5.0000E-01
             72                 22              27845         6.5000E-01
             72                 23              16917         9.0000E-01
             72                 24               8572         1.2500E+00
             72                 25               3628         1.7000E+00
             72                 26               1468         2.2500E+00
             72                 27                523         2.9000E+00
             72                 28                231         3.6500E+00
             72                 29                 31         4.5000E+00
             73                 10                  2         5.2000E+00
             73                 11                 24         4.2500E+00
             73                 12                 94         3.4000E+00
             73                 13                180         2.6500E+00
             73                 14                605         2.0000E+00
             73                 15               2163         1.4500E+00
             73                 16               6027         1.0000E+00
             73                 17              14470         6.5000E-01
             73                 18              27028         4.0000E-01
             73                 19              39708         2.5000E-01
             73                 20              46714         2.0000E-01
             73                 21              42893         2.5000E-01
             73                 22              32091         4.0000E-01
             73                 23              20069         6.5000E-01
             73                 24              10119         1.0000E+00
             73                 25               4232         1.4500E+00
             73                 26               1780         2.0000E+00
             73                 27                770         2.6500E+00
             73                 28                338         3.4000E+00
             73                 29                 72         4.2500E+00
             73                 30                  2         5.2000E+00
             74                 11                  8         4.1000E+00
             74                 12                 92         3.2500E+00
             74                 13                170         2.5000E+00
             74                 14                672         1.8500E+00
             74                 15               2033         1.3000E+00
             74                 16               5276         8.5000E-01
             74                 17              11821         5.0000E-01
             74                 18              23115         2.5000E-01
             74                 19              31539         1.0000E-01
             74                 20              36950         5.0000E-02
             74                 21              33598         1.0000E-01
             74                 22              25181         2.5000E-01
             74                 23              15405         5.0000E-01
             74                 24               8050         8.5000E-01
             74                 25               3575         1.3000E+00
             74                 26               1539         1.8500E+00
             74                 27                815         2.5000E+00
             74                 28                382         3.2500E+00
             74                 29                 59         4.1000E+00
             74                 30                  3         5.0500E+00
             75                 11                 10         4.0500E+00
             75                 12                 42         3.2000E+00
             75                 13                 63         2.4500E+00
             75                 14                357         1.8000E+00
             75                 15               1172         1.2500E+00
             75                 16               3003         8.0000E-01
             75                 17               6995         4.5000E-01
             75                 18              12244         2.0000E-01
             75                 19              16063         5.0000E-02
             75                 20              18759         0.0000E+00
             75                 21              17209         5.0000E-02
             75                 22              13249         2.0000E-01
             75                 23               8202         4.5000E-01
             75                 24               4402         8.0000E-01
             75                 25               1828         1.2500E+00
             75                 26               1003         1.8000E+00
             75                 27                633         2.4500E+00
             75                 28                239         3.2000E+00
             75                 29                 47         4.0500E+00
             75                 30                 18         5.0000E+00
             75                 31                  2         6.0500E+00
             76                 11                  2         4.1000E+00
             76                 12                  9         3.2500E+00
             76                 13                 42         2.5000E+00
             76                 14                126         1.8500E+00
             76                 15                355         1.3000E+00
             76                 16                877         8.5000E-01
             76                 17               2221         5.0000E-01
             76                 18               3435         2.5000E-01
             76                 19               4434         1.0000E-01
             76                 20               5480         5.0000E-02
             76                 21               5001         1.0000E-01
             76                 22               4152         2.5000E-01
             76                 23               2566         5.0000E-01
             76                 24               1386         8.5000E-01
             76                 25                535         1.3000E+00
             76                 26                390         1.8500E+00
             76                 27                264         2.5000E+00
             76                 28                112         3.2500E+00
             76                 29                 23         4.1000E+00
             76                 30                 14         5.0500E+00
             76                 31                  6         6.1000E+00
             77                 11                  1         4.2500E+00
             77                 12                  5         3.4000E+00
             77                 13                  9         2.6500E+00
             77                 14                 21         2.0000E+00
             77                 15                 62         1.4500E+00
             77                 16                128         1.0000E+00
             77                 17                243         6.5000E-01
             77                 18                413         4.0000E-01
             77                 19                527         2.5000E-01
             77                 20                591         2.0000E-01
             77                 21                613         2.5000E-01
             77                 22                458         4.0000E-01
             77                 23                280         6.5000E-01
             77                 24                162         1.0000E+00
             77                 25                109         1.4500E+00
             77                 26                100         2.0000E+00
             77                 27                 39         2.6500E+00
             77                 28                  6         3.4000E+00
             77                 29                  4         4.2500E+00
             77                 30                  9         5.2000E+00
             77                 31                  8         6.2500E+00
