  #Crystal Size      Water Content              Count               Bias
             63                 12                  1         4.0000E-01
             63                 13                  1         6.5000E-01
             63                 14                  1         1.0000E+00
             63                 15                  2         1.4500E+00
             63                 16                  2         2.0000E+00
             64                 12                  4         2.5000E-01
             64                 13                 12         5.0000E-01
             64                 14                  6         8.5000E-01
             64                 15                 14         1.3000E+00
             64                 16                  8         1.8500E+00
             64                 17                  3         2.5000E+00
             65                 11                 11         5.0000E-02
             65                 12                 40         2.0000E-01
             65                 13                 81         4.5000E-01
             65                 14                 70         8.0000E-01
             65                 15                 71         1.2500E+00
             65                 16                 32         1.8000E+00
             65                 17                 17         2.4500E+00
             66                  9                 19         1.0000E-01
             66                 10                 32         5.0000E-02
             66                 11                104         1.0000E-01
             66                 12                337         2.5000E-01
             66                 13                492         5.0000E-01
             66                 14                635         8.5000E-01
             66                 15                460         1.3000E+00
             66                 16                263         1.8500E+00
             66                 17                101         2.5000E+00
             66                 18                 31         3.2500E+00
             66                 19                  6         4.1000E+00
             67                  8                  2         4.0000E-01
             67                  9                 78         2.5000E-01
             67                 10                306         2.0000E-01
             67                 11                658         2.5000E-01
             67                 12               1546         4.0000E-01
             67                 13               2208         6.5000E-01
             67                 14               2555         1.0000E+00
             67                 15               2050         1.4500E+00
             67                 16               1135         2.0000E+00
             67                 17                563         2.6500E+00
             67                 18                122         3.4000E+00
             67                 19                 38         4.2500E+00
             67                 20                  1         5.2000E+00
             68                  7                 11         9.0000E-01
             68                  8                 56         6.5000E-01
             68                  9                329         5.0000E-01
             68                 10               1137         4.5000E-01
             68                 11               2541         5.0000E-01
             68                 12               5141         6.5000E-01
             68                 13               7681         9.0000E-01
             68                 14               7752         1.2500E+00
             68                 15               5851         1.7000E+00
             68                 16               3193         2.2500E+00
             68                 17               1213         2.9000E+00
             68                 18                419         3.6500E+00
             68                 19                 86         4.5000E+00
             68                 20                 17         5.4500E+00
             69                  7                 29         1.2500E+00
             69                  8                228         1.0000E+00
             69                  9               1046         8.5000E-01
             69                 10               2664         8.0000E-01
             69                 11               6678         8.5000E-01
             69                 12              12697         1.0000E+00
             69                 13              19088         1.2500E+00
             69                 14              18979         1.6000E+00
             69                 15              13432         2.0500E+00
             69                 16               7314         2.6000E+00
             69                 17               2799         3.2500E+00
             69                 18                718         4.0000E+00
             69                 19                160         4.8500E+00
             69                 20                 31         5.8000E+00
             69                 21                  1         6.8500E+00
             70                  6                  5         2.0500E+00
             70                  7                 99         1.7000E+00
             70                  8                611         1.4500E+00
             70                  9               2334         1.3000E+00
             70                 10               5748         1.2500E+00
             70                 11              13007         1.3000E+00
             70                 12              24524         1.4500E+00
             70                 13              34916         1.7000E+00
             70                 14              33032         2.0500E+00
             70                 15              23397         2.5000E+00
             70                 16              12296         3.0500E+00
             70                 17               4778         3.7000E+00
             70                 18               1164         4.4500E+00
             70                 19                253         5.3000E+00
             70                 20                 29         6.2500E+00
             71                  6                  6         2.6000E+00
             71                  7                209         2.2500E+00
             71                  8               1085         2.0000E+00
             71                  9               3857         1.8500E+00
             71                 10               9174         1.8000E+00
             71                 11              20314         1.8500E+00
             71                 12              35895         2.0000E+00
             71                 13              47940         2.2500E+00
             71                 14              44667         2.6000E+00
             71                 15              30859         3.0500E+00
             71                 16              15285         3.6000E+00
             71                 17               5337         4.2500E+00
             71                 18               1354         5.0000E+00
             71                 19                298         5.8500E+00
             71                 20                 40         6.8000E+00
             71                 21                  3         7.8500E+00
             72                  6                 10         3.2500E+00
             72                  7                228         2.9000E+00
             72                  8               1200         2.6500E+00
             72                  9               4214         2.5000E+00
             72                 10              10870         2.4500E+00
             72                 11              22469         2.5000E+00
             72                 12              39178         2.6500E+00
             72                 13              48457         2.9000E+00
             72                 14              43459         3.2500E+00
             72                 15              28813         3.7000E+00
             72                 16              13862         4.2500E+00
             72                 17               4486         4.9000E+00
             72                 18               1058         5.6500E+00
             72                 19                236         6.5000E+00
             72                 20                 52         7.4500E+00
             72                 21                  2         8.5000E+00
             73                  6                 11         4.0000E+00
             73                  7                182         3.6500E+00
             73                  8               1249         3.4000E+00
             73                  9               4053         3.2500E+00
             73                 10               9068         3.2000E+00
             73                 11              18611         3.2500E+00
             73                 12              29780         3.4000E+00
             73                 13              34838         3.6500E+00
             73                 14              29724         4.0000E+00
             73                 15              19274         4.4500E+00
             73                 16               8592         5.0000E+00
             73                 17               2675         5.6500E+00
             73                 18                669         6.4000E+00
             73                 19                115         7.2500E+00
             73                 20                 21         8.2000E+00
             74                  6                 10         4.8500E+00
             74                  7                167         4.5000E+00
             74                  8                767         4.2500E+00
             74                  9               2315         4.1000E+00
             74                 10               5173         4.0500E+00
             74                 11              10566         4.1000E+00
             74                 12              16591         4.2500E+00
             74                 13              17053         4.5000E+00
             74                 14              13715         4.8500E+00
             74                 15               8354         5.3000E+00
             74                 16               3754         5.8500E+00
             74                 17               1034         6.5000E+00
             74                 18                233         7.2500E+00
             74                 19                 25         8.1000E+00
             74                 20                  8         9.0500E+00
             75                  5                  2         6.2500E+00
             75                  6                 22         5.8000E+00
             75                  7                 66         5.4500E+00
             75                  8                382         5.2000E+00
             75                  9                939         5.0500E+00
             75                 10               2045         5.0000E+00
             75                 11               4004         5.0500E+00
             75                 12               5979         5.2000E+00
             75                 13               5846         5.4500E+00
             75                 14               4486         5.8000E+00
             75                 15               2439         6.2500E+00
             75                 16               1050         6.8000E+00
             75                 17                359         7.4500E+00
             75                 18                117         8.2000E+00
             75                 19                 10         9.0500E+00
             75                 20                  4         1.0000E+01
             76                  6                 12         6.8500E+00
             76                  7                 20         6.5000E+00
             76                  8                 87         6.2500E+00
             76                  9                343         6.1000E+00
             76                 10                507         6.0500E+00
             76                 11                938         6.1000E+00
             76                 12               1376         6.2500E+00
             76                 13               1226         6.5000E+00
             76                 14                934         6.8500E+00
             76                 15                515         7.3000E+00
             76                 16                260         7.8500E+00
             76                 17                 61         8.5000E+00
             76                 18                 24         9.2500E+00
             77                  6                  1         8.0000E+00
             77                  7                  4         7.6500E+00
             77                  8                 26         7.4000E+00
             77                  9                 57         7.2500E+00
             77                 10                 97         7.2000E+00
             77                 11                106         7.2500E+00
             77                 12                148         7.4000E+00
             77                 13                119         7.6500E+00
             77                 14                119         8.0000E+00
             77                 15                 63         8.4500E+00
             77                 16                 19         9.0000E+00
             77                 17                  1         9.6500E+00
             77                 18                  1         1.0400E+01
             78                 10                 18         8.4500E+00
             78                 11                  7         8.5000E+00
             78                 12                  1         8.6500E+00
             78                 13                  2         8.9000E+00
             78                 14                  7         9.2500E+00
             78                 15                  5         9.7000E+00
