  #Crystal Size      Water Content              Count               Bias
             56                 24                  3         1.0000E-01
             56                 26                 10         1.0000E-01
             56                 27                  1         2.5000E-01
             57                 19                  2         2.0000E+00
             57                 20                  7         1.4500E+00
             57                 21                 12         1.0000E+00
             57                 22                  4         6.5000E-01
             57                 23                 16         4.0000E-01
             57                 24                 20         2.5000E-01
             57                 25                 12         2.0000E-01
             57                 26                  8         2.5000E-01
             57                 27                  5         4.0000E-01
             57                 28                  5         6.5000E-01
             57                 29                  2         1.0000E+00
             57                 30                  1         1.4500E+00
             57                 31                  5         2.0000E+00
             58                 18                  1         2.9000E+00
             58                 19                  1         2.2500E+00
             58                 20                 30         1.7000E+00
             58                 21                 24         1.2500E+00
             58                 22                 38         9.0000E-01
             58                 23                 77         6.5000E-01
             58                 24                100         5.0000E-01
             58                 25                 88         4.5000E-01
             58                 26                 90         5.0000E-01
             58                 27                 72         6.5000E-01
             58                 28                 26         9.0000E-01
             58                 29                  4         1.2500E+00
             58                 30                 19         1.7000E+00
             58                 31                 14         2.2500E+00
             59                 17                  3         4.0000E+00
             59                 18                 29         3.2500E+00
             59                 19                 51         2.6000E+00
             59                 20                156         2.0500E+00
             59                 21                156         1.6000E+00
             59                 22                263         1.2500E+00
             59                 23                321         1.0000E+00
             59                 24                492         8.5000E-01
             59                 25                406         8.0000E-01
             59                 26                349         8.5000E-01
             59                 27                241         1.0000E+00
             59                 28                116         1.2500E+00
             59                 29                 72         1.6000E+00
             59                 30                 43         2.0500E+00
             59                 31                 50         2.6000E+00
             59                 32                  6         3.2500E+00
             59                 33                  1         4.0000E+00
             59                 34                  1         4.8500E+00
             59                 35                  1         5.8000E+00
             60                 15                  2         6.2500E+00
             60                 16                 11         5.3000E+00
             60                 17                 40         4.4500E+00
             60                 18                147         3.7000E+00
             60                 19                210         3.0500E+00
             60                 20                419         2.5000E+00
             60                 21                749         2.0500E+00
             60                 22               1171         1.7000E+00
             60                 23               1477         1.4500E+00
             60                 24               1715         1.3000E+00
             60                 25               1695         1.2500E+00
             60                 26               1263         1.3000E+00
             60                 27                882         1.4500E+00
             60                 28                571         1.7000E+00
             60                 29                360         2.0500E+00
             60                 30                302         2.5000E+00
             60                 31                155         3.0500E+00
             60                 32                 42         3.7000E+00
             60                 33                  6         4.4500E+00
             60                 34                  1         5.3000E+00
             60                 35                  1         6.2500E+00
             61                 15                 11         6.8000E+00
             61                 16                 45         5.8500E+00
             61                 17                149         5.0000E+00
             61                 18                374         4.2500E+00
             61                 19                680         3.6000E+00
             61                 20               1217         3.0500E+00
             61                 21               2313         2.6000E+00
             61                 22               3365         2.2500E+00
             61                 23               4326         2.0000E+00
             61                 24               5063         1.8500E+00
             61                 25               4680         1.8000E+00
             61                 26               3547         1.8500E+00
             61                 27               2813         2.0000E+00
             61                 28               1862         2.2500E+00
             61                 29               1213         2.6000E+00
             61                 30                856         3.0500E+00
             61                 31                352         3.6000E+00
             61                 32                120         4.2500E+00
             61                 33                 34         5.0000E+00
             61                 34                  5         5.8500E+00
             61                 35                  2         6.8000E+00
             62                 14                  1         8.5000E+00
             62                 15                 37         7.4500E+00
             62                 16                 99         6.5000E+00
             62                 17                291         5.6500E+00
             62                 18                661         4.9000E+00
             62                 19               1549         4.2500E+00
             62                 20               2945         3.7000E+00
             62                 21               5226         3.2500E+00
             62                 22               7806         2.9000E+00
             62                 23              10117         2.6500E+00
             62                 24              10438         2.5000E+00
             62                 25               9621         2.4500E+00
             62                 26               8408         2.5000E+00
             62                 27               6557         2.6500E+00
             62                 28               4258         2.9000E+00
             62                 29               2968         3.2500E+00
             62                 30               2015         3.7000E+00
             62                 31                960         4.2500E+00
             62                 32                395         4.9000E+00
             62                 33                102         5.6500E+00
             62                 34                 20         6.5000E+00
             63                 14                  1         9.2500E+00
             63                 15                 44         8.2000E+00
             63                 16                227         7.2500E+00
             63                 17                422         6.4000E+00
             63                 18               1205         5.6500E+00
             63                 19               2863         5.0000E+00
             63                 20               5287         4.4500E+00
             63                 21               8784         4.0000E+00
             63                 22              14088         3.6500E+00
             63                 23              17570         3.4000E+00
             63                 24              18512         3.2500E+00
             63                 25              17004         3.2000E+00
             63                 26              15220         3.2500E+00
             63                 27              11341         3.4000E+00
             63                 28               7449         3.6500E+00
             63                 29               4857         4.0000E+00
             63                 30               3332         4.4500E+00
             63                 31               1929         5.0000E+00
             63                 32                720         5.6500E+00
             63                 33                223         6.4000E+00
             63                 34                 38         7.2500E+00
             63                 35                  5         8.2000E+00
             64                 14                  1         1.0100E+01
             64                 15                 48         9.0500E+00
             64                 16                238         8.1000E+00
             64                 17                710         7.2500E+00
             64                 18               1775         6.5000E+00
             64                 19               3866         5.8500E+00
             64                 20               7338         5.3000E+00
             64                 21              13008         4.8500E+00
             64                 22              19623         4.5000E+00
             64                 23              23785         4.2500E+00
             64                 24              25879         4.1000E+00
             64                 25              23420         4.0500E+00
             64                 26              21028         4.1000E+00
             64                 27              16062         4.2500E+00
             64                 28              10491         4.5000E+00
             64                 29               7035         4.8500E+00
             64                 30               4244         5.3000E+00
             64                 31               2036         5.8500E+00
             64                 32                769         6.5000E+00
             64                 33                193         7.2500E+00
             64                 34                 21         8.1000E+00
             64                 35                  1         9.0500E+00
             65                 15                 22         1.0000E+01
             65                 16                244         9.0500E+00
             65                 17                647         8.2000E+00
             65                 18               1849         7.4500E+00
             65                 19               4165         6.8000E+00
             65                 20               8158         6.2500E+00
             65                 21              13658         5.8000E+00
             65                 22              21241         5.4500E+00
             65                 23              26500         5.2000E+00
             65                 24              28812         5.0500E+00
             65                 25              27594         5.0000E+00
             65                 26              23781         5.0500E+00
             65                 27              17967         5.2000E+00
             65                 28              11969         5.4500E+00
             65                 29               8020         5.8000E+00
             65                 30               4444         6.2500E+00
             65                 31               2231         6.8000E+00
             65                 32                735         7.4500E+00
             65                 33                180         8.2000E+00
             65                 34                 35         9.0500E+00
             66                 15                 39         1.1050E+01
             66                 16                196         1.0100E+01
             66                 17                584         9.2500E+00
             66                 18               1479         8.5000E+00
             66                 19               3670         7.8500E+00
             66                 20               6538         7.3000E+00
             66                 21              11206         6.8500E+00
             66                 22              17214         6.5000E+00
             66                 23              22930         6.2500E+00
             66                 24              24918         6.1000E+00
             66                 25              23963         6.0500E+00
             66                 26              20270         6.1000E+00
             66                 27              15445         6.2500E+00
             66                 28              10347         6.5000E+00
             66                 29               5992         6.8500E+00
             66                 30               3677         7.3000E+00
             66                 31               1789         7.8500E+00
             66                 32                631         8.5000E+00
             66                 33                136         9.2500E+00
             66                 34                  7         1.0100E+01
             67                 15                  9         1.2200E+01
             67                 16                103         1.1250E+01
             67                 17                498         1.0400E+01
             67                 18               1069         9.6500E+00
             67                 19               2475         9.0000E+00
             67                 20               4128         8.4500E+00
             67                 21               7087         8.0000E+00
             67                 22              11167         7.6500E+00
             67                 23              15358         7.4000E+00
             67                 24              16507         7.2500E+00
             67                 25              15522         7.2000E+00
             67                 26              13216         7.2500E+00
             67                 27               9340         7.4000E+00
             67                 28               5907         7.6500E+00
             67                 29               3451         8.0000E+00
             67                 30               2107         8.4500E+00
             67                 31               1238         9.0000E+00
             67                 32                400         9.6500E+00
             67                 33                 61         1.0400E+01
             67                 34                 11         1.1250E+01
             68                 15                 10         1.3450E+01
             68                 16                 52         1.2500E+01
             68                 17                261         1.1650E+01
             68                 18                540         1.0900E+01
             68                 19               1075         1.0250E+01
             68                 20               1941         9.7000E+00
             68                 21               3474         9.2500E+00
             68                 22               5778         8.9000E+00
             68                 23               7441         8.6500E+00
             68                 24               8282         8.5000E+00
             68                 25               7807         8.4500E+00
             68                 26               6924         8.5000E+00
             68                 27               4661         8.6500E+00
             68                 28               2730         8.9000E+00
             68                 29               1600         9.2500E+00
             68                 30               1065         9.7000E+00
             68                 31                676         1.0250E+01
             68                 32                237         1.0900E+01
             68                 33                 59         1.1650E+01
             68                 34                  2         1.2500E+01
             69                 15                  4         1.4800E+01
             69                 16                 27         1.3850E+01
             69                 17                 96         1.3000E+01
             69                 18                177         1.2250E+01
             69                 19                357         1.1600E+01
             69                 20                775         1.1050E+01
             69                 21               1408         1.0600E+01
             69                 22               2316         1.0250E+01
             69                 23               2900         1.0000E+01
             69                 24               3275         9.8500E+00
             69                 25               2767         9.8000E+00
             69                 26               2515         9.8500E+00
             69                 27               1510         1.0000E+01
             69                 28                867         1.0250E+01
             69                 29                504         1.0600E+01
             69                 30                416         1.1050E+01
             69                 31                255         1.1600E+01
             69                 32                105         1.2250E+01
             69                 33                 36         1.3000E+01
             69                 34                  4         1.3850E+01
             70                 15                  1         1.6250E+01
             70                 16                  2         1.5300E+01
             70                 17                 16         1.4450E+01
             70                 18                 61         1.3700E+01
             70                 19                117         1.3050E+01
             70                 20                201         1.2500E+01
             70                 21                430         1.2050E+01
             70                 22                711         1.1700E+01
             70                 23                882         1.1450E+01
             70                 24               1109         1.1300E+01
             70                 25                867         1.1250E+01
             70                 26                624         1.1300E+01
             70                 27                352         1.1450E+01
             70                 28                206         1.1700E+01
             70                 29                 95         1.2050E+01
             70                 30                 82         1.2500E+01
             70                 31                 79         1.3050E+01
             70                 32                 35         1.3700E+01
             70                 33                 18         1.4450E+01
             71                 18                 18         1.5250E+01
             71                 19                 41         1.4600E+01
             71                 20                 36         1.4050E+01
             71                 21                117         1.3600E+01
             71                 22                199         1.3250E+01
             71                 23                156         1.3000E+01
             71                 24                257         1.2850E+01
             71                 25                210         1.2800E+01
             71                 26                107         1.2850E+01
             71                 27                 62         1.3000E+01
             71                 28                 29         1.3250E+01
             71                 29                 15         1.3600E+01
             71                 30                  3         1.4050E+01
             71                 31                  1         1.4600E+01
             71                 32                  2         1.5250E+01
             71                 33                  1         1.6000E+01
             72                 18                  2         1.6900E+01
             72                 20                  3         1.5700E+01
             72                 21                 14         1.5250E+01
             72                 22                 22         1.4900E+01
             72                 23                 13         1.4650E+01
             72                 24                 21         1.4500E+01
             72                 25                 19         1.4450E+01
             72                 26                 19         1.4500E+01
             72                 27                  4         1.4650E+01
             72                 28                  2         1.4900E+01
             73                 22                  4         1.6650E+01
             73                 25                  1         1.6200E+01
             73                 26                  2         1.6250E+01
