  #Crystal Size      Water Content              Count               Bias
             60                 13                  1         4.5000E-01
             60                 14                  4         8.0000E-01
             60                 15                  8         1.2500E+00
             60                 16                  2         1.8000E+00
             61                 13                  3         5.0000E-01
             61                 14                 12         8.5000E-01
             61                 15                 24         1.3000E+00
             61                 16                 11         1.8500E+00
             61                 17                  7         2.5000E+00
             61                 18                  9         3.2500E+00
             61                 19                  2         4.1000E+00
             62                 10                  1         2.0000E-01
             62                 11                  7         2.5000E-01
             62                 12                 18         4.0000E-01
             62                 13                 73         6.5000E-01
             62                 14                100         1.0000E+00
             62                 15                145         1.4500E+00
             62                 16                138         2.0000E+00
             62                 17                102         2.6500E+00
             62                 18                 45         3.4000E+00
             62                 19                 15         4.2500E+00
             62                 20                 14         5.2000E+00
             62                 21                  7         6.2500E+00
             62                 22                  1         7.4000E+00
             63                  9                  4         5.0000E-01
             63                 10                 18         4.5000E-01
             63                 11                133         5.0000E-01
             63                 12                189         6.5000E-01
             63                 13                463         9.0000E-01
             63                 14                589         1.2500E+00
             63                 15                833         1.7000E+00
             63                 16                567         2.2500E+00
             63                 17                434         2.9000E+00
             63                 18                242         3.6500E+00
             63                 19                127         4.5000E+00
             63                 20                 46         5.4500E+00
             63                 21                 14         6.5000E+00
             64                  8                  5         1.0000E+00
             64                  9                 11         8.5000E-01
             64                 10                 63         8.0000E-01
             64                 11                379         8.5000E-01
             64                 12                854         1.0000E+00
             64                 13               1753         1.2500E+00
             64                 14               2454         1.6000E+00
             64                 15               2993         2.0500E+00
             64                 16               2424         2.6000E+00
             64                 17               1645         3.2500E+00
             64                 18               1028         4.0000E+00
             64                 19                436         4.8500E+00
             64                 20                150         5.8000E+00
             64                 21                 54         6.8500E+00
             64                 22                  1         8.0000E+00
             64                 23                  3         9.2500E+00
             65                  8                 13         1.4500E+00
             65                  9                 49         1.3000E+00
             65                 10                332         1.2500E+00
             65                 11               1169         1.3000E+00
             65                 12               2854         1.4500E+00
             65                 13               5514         1.7000E+00
             65                 14               7295         2.0500E+00
             65                 15               8183         2.5000E+00
             65                 16               6595         3.0500E+00
             65                 17               4743         3.7000E+00
             65                 18               2825         4.4500E+00
             65                 19               1207         5.3000E+00
             65                 20                403         6.2500E+00
             65                 21                 94         7.3000E+00
             65                 22                  9         8.4500E+00
             65                 23                  2         9.7000E+00
             66                  7                  2         2.2500E+00
             66                  8                 49         2.0000E+00
             66                  9                153         1.8500E+00
             66                 10                931         1.8000E+00
             66                 11               3196         1.8500E+00
             66                 12               7090         2.0000E+00
             66                 13              12950         2.2500E+00
             66                 14              17029         2.6000E+00
             66                 15              17169         3.0500E+00
             66                 16              14356         3.6000E+00
             66                 17               9231         4.2500E+00
             66                 18               5026         5.0000E+00
             66                 19               2291         5.8500E+00
             66                 20                708         6.8000E+00
             66                 21                186         7.8500E+00
             66                 22                 38         9.0000E+00
             66                 23                  5         1.0250E+01
             67                  7                  9         2.9000E+00
             67                  8                 78         2.6500E+00
             67                  9                482         2.5000E+00
             67                 10               1963         2.4500E+00
             67                 11               6040         2.5000E+00
             67                 12              13990         2.6500E+00
             67                 13              23651         2.9000E+00
             67                 14              28049         3.2500E+00
             67                 15              28156         3.7000E+00
             67                 16              21943         4.2500E+00
             67                 17              13761         4.9000E+00
             67                 18               7543         5.6500E+00
             67                 19               3323         6.5000E+00
             67                 20               1023         7.4500E+00
             67                 21                259         8.5000E+00
             67                 22                 62         9.6500E+00
             67                 23                 13         1.0900E+01
             68                  7                 20         3.6500E+00
             68                  8                199         3.4000E+00
             68                  9                756         3.2500E+00
             68                 10               3066         3.2000E+00
             68                 11               9267         3.2500E+00
             68                 12              20961         3.4000E+00
             68                 13              33071         3.6500E+00
             68                 14              38715         4.0000E+00
             68                 15              36207         4.4500E+00
             68                 16              27204         5.0000E+00
             68                 17              16161         5.6500E+00
             68                 18               8328         6.4000E+00
             68                 19               3253         7.2500E+00
             68                 20               1167         8.2000E+00
             68                 21                294         9.2500E+00
             68                 22                 52         1.0400E+01
             68                 23                  4         1.1650E+01
             68                 24                  3         1.3000E+01
             69                  5                  1         5.3000E+00
             69                  6                  5         4.8500E+00
             69                  7                 27         4.5000E+00
             69                  8                213         4.2500E+00
             69                  9               1105         4.1000E+00
             69                 10               4043         4.0500E+00
             69                 11              11565         4.1000E+00
             69                 12              23739         4.2500E+00
             69                 13              35619         4.5000E+00
             69                 14              40451         4.8500E+00
             69                 15              35297         5.3000E+00
             69                 16              24944         5.8500E+00
             69                 17              14238         6.5000E+00
             69                 18               6438         7.2500E+00
             69                 19               2295         8.1000E+00
             69                 20                673         9.0500E+00
             69                 21                193         1.0100E+01
             69                 22                 46         1.1250E+01
             69                 23                 13         1.2500E+01
             70                  5                  1         6.2500E+00
             70                  6                 17         5.8000E+00
             70                  7                 29         5.4500E+00
             70                  8                211         5.2000E+00
             70                  9               1083         5.0500E+00
             70                 10               3885         5.0000E+00
             70                 11              10127         5.0500E+00
             70                 12              20050         5.2000E+00
             70                 13              29734         5.4500E+00
             70                 14              31567         5.8000E+00
             70                 15              26706         6.2500E+00
             70                 16              17282         6.8000E+00
             70                 17               9180         7.4500E+00
             70                 18               3880         8.2000E+00
             70                 19               1381         9.0500E+00
             70                 20                374         1.0000E+01
             70                 21                107         1.1050E+01
             70                 22                 10         1.2200E+01
             70                 23                 14         1.3450E+01
             70                 24                  1         1.4800E+01
             71                  6                  6         6.8500E+00
             71                  7                 34         6.5000E+00
             71                  8                203         6.2500E+00
             71                  9                731         6.1000E+00
             71                 10               2355         6.0500E+00
             71                 11               6446         6.1000E+00
             71                 12              12416         6.2500E+00
             71                 13              18491         6.5000E+00
             71                 14              18677         6.8500E+00
             71                 15              14516         7.3000E+00
             71                 16               9530         7.8500E+00
             71                 17               4650         8.5000E+00
             71                 18               1931         9.2500E+00
             71                 19                674         1.0100E+01
             71                 20                126         1.1050E+01
             71                 21                 24         1.2100E+01
             71                 22                  2         1.3250E+01
             72                  7                 33         7.6500E+00
             72                  8                132         7.4000E+00
             72                  9                292         7.2500E+00
             72                 10               1221         7.2000E+00
             72                 11               3219         7.2500E+00
             72                 12               5814         7.4000E+00
             72                 13               8063         7.6500E+00
             72                 14               7874         8.0000E+00
             72                 15               5775         8.4500E+00
             72                 16               3652         9.0000E+00
             72                 17               1718         9.6500E+00
             72                 18                653         1.0400E+01
             72                 19                200         1.1250E+01
             72                 20                 40         1.2200E+01
             72                 21                 26         1.3250E+01
             72                 22                  1         1.4400E+01
             73                  7                  4         8.9000E+00
             73                  8                 40         8.6500E+00
             73                  9                106         8.5000E+00
             73                 10                396         8.4500E+00
             73                 11               1067         8.5000E+00
             73                 12               1939         8.6500E+00
             73                 13               2475         8.9000E+00
             73                 14               2373         9.2500E+00
             73                 15               1776         9.7000E+00
             73                 16               1068         1.0250E+01
             73                 17                449         1.0900E+01
             73                 18                135         1.1650E+01
             73                 19                 21         1.2500E+01
             73                 20                  3         1.3450E+01
             74                  8                  9         1.0000E+01
             74                  9                 28         9.8500E+00
             74                 10                108         9.8000E+00
             74                 11                258         9.8500E+00
             74                 12                407         1.0000E+01
             74                 13                389         1.0250E+01
             74                 14                425         1.0600E+01
             74                 15                347         1.1050E+01
             74                 16                248         1.1600E+01
             74                 17                 83         1.2250E+01
             74                 18                 37         1.3000E+01
             74                 19                  3         1.3850E+01
             75                  9                  9         1.1300E+01
             75                 10                 11         1.1250E+01
             75                 11                 63         1.1300E+01
             75                 12                 49         1.1450E+01
             75                 13                 36         1.1700E+01
             75                 14                 41         1.2050E+01
             75                 15                 34         1.2500E+01
             75                 16                 31         1.3050E+01
             75                 17                 19         1.3700E+01
             75                 18                  4         1.4450E+01
             76                 10                  1         1.2800E+01
             76                 11                  1         1.2850E+01
             76                 12                  1         1.3000E+01
             76                 13                  2         1.3250E+01
             76                 14                  3         1.3600E+01
             76                 15                  1         1.4050E+01
