  #Crystal Size      Water Content              Count               Bias
             63                 11                  1         2.0000E+00
             63                 14                  1         4.2500E+00
             64                 10                  3         1.3000E+00
             64                 11                  8         1.8500E+00
             64                 12                  6         2.5000E+00
             64                 13                 10         3.2500E+00
             64                 14                 12         4.1000E+00
             64                 15                  4         5.0500E+00
             64                 16                  2         6.1000E+00
             64                 17                  5         7.2500E+00
             65                  7                  5         2.0000E-01
             65                  8                 18         4.5000E-01
             65                  9                 58         8.0000E-01
             65                 10                 46         1.2500E+00
             65                 11                 71         1.8000E+00
             65                 12                 92         2.4500E+00
             65                 13                129         3.2000E+00
             65                 14                 66         4.0500E+00
             65                 15                 52         5.0000E+00
             65                 16                 23         6.0500E+00
             65                 17                 17         7.2000E+00
             66                  7                 12         2.5000E-01
             66                  8                 78         5.0000E-01
             66                  9                131         8.5000E-01
             66                 10                297         1.3000E+00
             66                 11                486         1.8500E+00
             66                 12                694         2.5000E+00
             66                 13                678         3.2500E+00
             66                 14                480         4.1000E+00
             66                 15                302         5.0500E+00
             66                 16                116         6.1000E+00
             66                 17                 47         7.2500E+00
             66                 18                 11         8.5000E+00
             66                 19                 15         9.8500E+00
             67                  6                  8         2.5000E-01
             67                  7                 53         4.0000E-01
             67                  8                325         6.5000E-01
             67                  9                593         1.0000E+00
             67                 10               1424         1.4500E+00
             67                 11               2071         2.0000E+00
             67                 12               2515         2.6500E+00
             67                 13               2587         3.4000E+00
             67                 14               1800         4.2500E+00
             67                 15               1076         5.2000E+00
             67                 16                430         6.2500E+00
             67                 17                135         7.4000E+00
             67                 18                 52         8.6500E+00
             67                 19                 16         1.0000E+01
             68                  5                  1         4.5000E-01
             68                  6                 18         5.0000E-01
             68                  7                225         6.5000E-01
             68                  8                791         9.0000E-01
             68                  9               2129         1.2500E+00
             68                 10               4424         1.7000E+00
             68                 11               7053         2.2500E+00
             68                 12               8520         2.9000E+00
             68                 13               7490         3.6500E+00
             68                 14               5393         4.5000E+00
             68                 15               3136         5.4500E+00
             68                 16               1269         6.5000E+00
             68                 17                583         7.6500E+00
             68                 18                122         8.9000E+00
             68                 19                 24         1.0250E+01
             68                 20                  6         1.1700E+01
             69                  5                  4         8.0000E-01
             69                  6                135         8.5000E-01
             69                  7                577         1.0000E+00
             69                  8               2142         1.2500E+00
             69                  9               5271         1.6000E+00
             69                 10              11403         2.0500E+00
             69                 11              17257         2.6000E+00
             69                 12              20263         3.2500E+00
             69                 13              17867         4.0000E+00
             69                 14              12138         4.8500E+00
             69                 15               6894         5.8000E+00
             69                 16               2578         6.8500E+00
             69                 17               1024         8.0000E+00
             69                 18                316         9.2500E+00
             69                 19                 39         1.0600E+01
             69                 20                  5         1.2050E+01
             69                 21                  3         1.3600E+01
             70                  5                 31         1.2500E+00
             70                  6                311         1.3000E+00
             70                  7               1326         1.4500E+00
             70                  8               4182         1.7000E+00
             70                  9               9958         2.0500E+00
             70                 10              20345         2.5000E+00
             70                 11              31291         3.0500E+00
             70                 12              36472         3.7000E+00
             70                 13              31937         4.4500E+00
             70                 14              21392         5.3000E+00
             70                 15              10695         6.2500E+00
             70                 16               4128         7.3000E+00
             70                 17               1264         8.4500E+00
             70                 18                309         9.7000E+00
             70                 19                 86         1.1050E+01
             70                 20                 16         1.2500E+01
             70                 21                  1         1.4050E+01
             71                  4                  3         1.8500E+00
             71                  5                 35         1.8000E+00
             71                  6                469         1.8500E+00
             71                  7               1953         2.0000E+00
             71                  8               5954         2.2500E+00
             71                  9              13693         2.6000E+00
             71                 10              26363         3.0500E+00
             71                 11              40803         3.6000E+00
             71                 12              47387         4.2500E+00
             71                 13              40332         5.0000E+00
             71                 14              25580         5.8500E+00
             71                 15              12233         6.8000E+00
             71                 16               4387         7.8500E+00
             71                 17               1316         9.0000E+00
             71                 18                323         1.0250E+01
             71                 19                 66         1.1600E+01
             71                 20                 27         1.3050E+01
             71                 21                  1         1.4600E+01
             72                  4                  1         2.5000E+00
             72                  5                 82         2.4500E+00
             72                  6                610         2.5000E+00
             72                  7               2127         2.6500E+00
             72                  8               6007         2.9000E+00
             72                  9              13566         3.2500E+00
             72                 10              26183         3.7000E+00
             72                 11              39513         4.2500E+00
             72                 12              44236         4.9000E+00
             72                 13              36736         5.6500E+00
             72                 14              21793         6.5000E+00
             72                 15              10390         7.4500E+00
             72                 16               3404         8.5000E+00
             72                 17                863         9.6500E+00
             72                 18                150         1.0900E+01
             72                 19                 55         1.2250E+01
             72                 20                  8         1.3700E+01
             73                  4                 11         3.2500E+00
             73                  5                118         3.2000E+00
             73                  6                393         3.2500E+00
             73                  7               1573         3.4000E+00
             73                  8               4297         3.6500E+00
             73                  9               9923         4.0000E+00
             73                 10              19103         4.4500E+00
             73                 11              28328         5.0000E+00
             73                 12              30941         5.6500E+00
             73                 13              24762         6.4000E+00
             73                 14              14204         7.2500E+00
             73                 15               6004         8.2000E+00
             73                 16               1779         9.2500E+00
             73                 17                410         1.0400E+01
             73                 18                 29         1.1650E+01
             73                 19                  9         1.3000E+01
             73                 20                  2         1.4450E+01
             73                 21                  2         1.6000E+01
             74                  4                 18         4.1000E+00
             74                  5                 60         4.0500E+00
             74                  6                196         4.1000E+00
             74                  7                736         4.2500E+00
             74                  8               2287         4.5000E+00
             74                  9               5511         4.8500E+00
             74                 10              10069         5.3000E+00
             74                 11              14580         5.8500E+00
             74                 12              15491         6.5000E+00
             74                 13              11830         7.2500E+00
             74                 14               6927         8.1000E+00
             74                 15               2726         9.0500E+00
             74                 16                921         1.0100E+01
             74                 17                149         1.1250E+01
             74                 18                 22         1.2500E+01
             74                 19                  1         1.3850E+01
             75                  4                  3         5.0500E+00
             75                  5                 13         5.0000E+00
             75                  6                 60         5.0500E+00
             75                  7                340         5.2000E+00
             75                  8                859         5.4500E+00
             75                  9               1944         5.8000E+00
             75                 10               3589         6.2500E+00
             75                 11               5120         6.8000E+00
             75                 12               5681         7.4500E+00
             75                 13               4058         8.2000E+00
             75                 14               1896         9.0500E+00
             75                 15                585         1.0000E+01
             75                 16                169         1.1050E+01
             75                 17                 23         1.2200E+01
             76                  5                  3         6.0500E+00
             76                  6                 29         6.1000E+00
             76                  7                 85         6.2500E+00
             76                  8                166         6.5000E+00
             76                  9                458         6.8500E+00
             76                 10                813         7.3000E+00
             76                 11               1083         7.8500E+00
             76                 12               1204         8.5000E+00
             76                 13                852         9.2500E+00
             76                 14                333         1.0100E+01
             76                 15                 70         1.1050E+01
             76                 16                 29         1.2100E+01
             76                 17                  4         1.3250E+01
             76                 18                  2         1.4500E+01
             77                  7                  8         7.4000E+00
             77                  8                 30         7.6500E+00
             77                  9                 63         8.0000E+00
             77                 10                 65         8.4500E+00
             77                 11                104         9.0000E+00
             77                 12                132         9.6500E+00
             77                 13                 84         1.0400E+01
             77                 14                 39         1.1250E+01
             77                 15                  3         1.2200E+01
             77                 16                  6         1.3250E+01
             77                 17                  2         1.4400E+01
             78                  8                  1         8.9000E+00
             78                 11                  2         1.0250E+01
             78                 12                 17         1.0900E+01
             78                 13                  6         1.1650E+01
             78                 14                  1         1.2500E+01
