  #Crystal Size      Water Content              Count               Bias
             55                  9                  1         4.0500E+00
             56                 10                  2         5.0500E+00
             57                  8                  4         3.4000E+00
             57                  9                  9         4.2500E+00
             57                 10                 18         5.2000E+00
             57                 11                  5         6.2500E+00
             57                 12                  8         7.4000E+00
             58                  7                  1         2.9000E+00
             58                  8                 23         3.6500E+00
             58                  9                 29         4.5000E+00
             58                 10                 38         5.4500E+00
             58                 11                 23         6.5000E+00
             58                 12                 16         7.6500E+00
             58                 13                 11         8.9000E+00
             58                 14                  2         1.0250E+01
             58                 15                  4         1.1700E+01
             59                  7                 22         3.2500E+00
             59                  8                 74         4.0000E+00
             59                  9                128         4.8500E+00
             59                 10                188         5.8000E+00
             59                 11                175         6.8500E+00
             59                 12                124         8.0000E+00
             59                 13                 67         9.2500E+00
             59                 14                 30         1.0600E+01
             59                 15                  7         1.2050E+01
             60                  6                 12         3.0500E+00
             60                  7                 78         3.7000E+00
             60                  8                267         4.4500E+00
             60                  9                465         5.3000E+00
             60                 10                679         6.2500E+00
             60                 11                589         7.3000E+00
             60                 12                536         8.4500E+00
             60                 13                265         9.7000E+00
             60                 14                108         1.1050E+01
             60                 15                 39         1.2500E+01
             60                 16                  1         1.4050E+01
             61                  6                 76         3.6000E+00
             61                  7                307         4.2500E+00
             61                  8               1104         5.0000E+00
             61                  9               1868         5.8500E+00
             61                 10               2481         6.8000E+00
             61                 11               2362         7.8500E+00
             61                 12               1805         9.0000E+00
             61                 13                825         1.0250E+01
             61                 14                317         1.1600E+01
             61                 15                108         1.3050E+01
             61                 16                  7         1.4600E+01
             62                  5                  3         3.7000E+00
             62                  6                195         4.2500E+00
             62                  7               1004         4.9000E+00
             62                  8               3156         5.6500E+00
             62                  9               5406         6.5000E+00
             62                 10               6549         7.4500E+00
             62                 11               6519         8.5000E+00
             62                 12               4643         9.6500E+00
             62                 13               2661         1.0900E+01
             62                 14                905         1.2250E+01
             62                 15                326         1.3700E+01
             62                 16                 65         1.5250E+01
             62                 17                  7         1.6900E+01
             62                 18                  2         1.8650E+01
             63                  5                 54         4.4500E+00
             63                  6                637         5.0000E+00
             63                  7               2917         5.6500E+00
             63                  8               7645         6.4000E+00
             63                  9              11740         7.2500E+00
             63                 10              14089         8.2000E+00
             63                 11              14010         9.2500E+00
             63                 12              10534         1.0400E+01
             63                 13               5725         1.1650E+01
             63                 14               2270         1.3000E+01
             63                 15                732         1.4450E+01
             63                 16                146         1.6000E+01
             63                 17                 22         1.7650E+01
             63                 18                  5         1.9400E+01
             64                  4                 15         4.8500E+00
             64                  5                117         5.3000E+00
             64                  6               1410         5.8500E+00
             64                  7               6254         6.5000E+00
             64                  8              14569         7.2500E+00
             64                  9              22010         8.1000E+00
             64                 10              24914         9.0500E+00
             64                 11              23607         1.0100E+01
             64                 12              16965         1.1250E+01
             64                 13               9296         1.2500E+01
             64                 14               3708         1.3850E+01
             64                 15               1172         1.5300E+01
             64                 16                293         1.6850E+01
             64                 17                 26         1.8500E+01
             64                 18                 18         2.0250E+01
             64                 19                  1         2.2100E+01
             65                  3                  9         5.4500E+00
             65                  4                 19         5.8000E+00
             65                  5                290         6.2500E+00
             65                  6               2593         6.8000E+00
             65                  7              10027         7.4500E+00
             65                  8              22623         8.2000E+00
             65                  9              32925         9.0500E+00
             65                 10              34862         1.0000E+01
             65                 11              30714         1.1050E+01
             65                 12              22047         1.2200E+01
             65                 13              12829         1.3450E+01
             65                 14               4550         1.4800E+01
             65                 15               1277         1.6250E+01
             65                 16                331         1.7800E+01
             65                 17                 68         1.9450E+01
             65                 18                 16         2.1200E+01
             66                  3                  4         6.5000E+00
             66                  4                 30         6.8500E+00
             66                  5                417         7.3000E+00
             66                  6               3483         7.8500E+00
             66                  7              12772         8.5000E+00
             66                  8              27619         9.2500E+00
             66                  9              36908         1.0100E+01
             66                 10              37941         1.1050E+01
             66                 11              33164         1.2100E+01
             66                 12              21949         1.3250E+01
             66                 13              11772         1.4500E+01
             66                 14               4615         1.5850E+01
             66                 15               1350         1.7300E+01
             66                 16                239         1.8850E+01
             66                 17                 78         2.0500E+01
             66                 18                  9         2.2250E+01
             67                  3                 14         7.6500E+00
             67                  4                  9         8.0000E+00
             67                  5                577         8.4500E+00
             67                  6               3703         9.0000E+00
             67                  7              12807         9.6500E+00
             67                  8              25738         1.0400E+01
             67                  9              33412         1.1250E+01
             67                 10              32880         1.2200E+01
             67                 11              26815         1.3250E+01
             67                 12              17432         1.4400E+01
             67                 13               8981         1.5650E+01
             67                 14               3614         1.7000E+01
             67                 15               1011         1.8450E+01
             67                 16                206         2.0000E+01
             67                 17                 30         2.1650E+01
             67                 18                  2         2.3400E+01
             68                  3                  1         8.9000E+00
             68                  4                 18         9.2500E+00
             68                  5                566         9.7000E+00
             68                  6               3641         1.0250E+01
             68                  7               9975         1.0900E+01
             68                  8              18779         1.1650E+01
             68                  9              24426         1.2500E+01
             68                 10              22402         1.3450E+01
             68                 11              17025         1.4500E+01
             68                 12              11567         1.5650E+01
             68                 13               6096         1.6900E+01
             68                 14               2343         1.8250E+01
             68                 15                717         1.9700E+01
             68                 16                149         2.1250E+01
             68                 17                 26         2.2900E+01
             68                 18                  1         2.4650E+01
             69                  4                 53         1.0600E+01
             69                  5                352         1.1050E+01
             69                  6               2100         1.1600E+01
             69                  7               6120         1.2250E+01
             69                  8              11386         1.3000E+01
             69                  9              13409         1.3850E+01
             69                 10              12223         1.4800E+01
             69                 11               9275         1.5850E+01
             69                 12               6384         1.7000E+01
             69                 13               2928         1.8250E+01
             69                 14               1238         1.9600E+01
             69                 15                327         2.1050E+01
             69                 16                 78         2.2600E+01
             69                 17                 22         2.4250E+01
             69                 18                  2         2.6000E+01
             70                  4                 20         1.2050E+01
             70                  5                202         1.2500E+01
             70                  6               1211         1.3050E+01
             70                  7               2655         1.3700E+01
             70                  8               5023         1.4450E+01
             70                  9               5779         1.5300E+01
             70                 10               5188         1.6250E+01
             70                 11               3972         1.7300E+01
             70                 12               2507         1.8450E+01
             70                 13               1323         1.9700E+01
             70                 14                424         2.1050E+01
             70                 15                103         2.2500E+01
             70                 16                  8         2.4050E+01
             70                 17                  3         2.5700E+01
             71                  4                 10         1.3600E+01
             71                  5                 61         1.4050E+01
             71                  6                463         1.4600E+01
             71                  7                844         1.5250E+01
             71                  8               1411         1.6000E+01
             71                  9               1912         1.6850E+01
             71                 10               1717         1.7800E+01
             71                 11               1291         1.8850E+01
             71                 12                842         2.0000E+01
             71                 13                368         2.1250E+01
             71                 14                130         2.2600E+01
             71                 15                 24         2.4050E+01
             71                 16                  4         2.5600E+01
             72                  5                 18         1.5700E+01
             72                  6                 98         1.6250E+01
             72                  7                112         1.6900E+01
             72                  8                271         1.7650E+01
             72                  9                474         1.8500E+01
             72                 10                411         1.9450E+01
             72                 11                332         2.0500E+01
             72                 12                210         2.1650E+01
             72                 13                 85         2.2900E+01
             72                 14                 27         2.4250E+01
             73                  5                 18         1.7450E+01
             73                  6                 39         1.8000E+01
             73                  7                 14         1.8650E+01
             73                  8                 48         1.9400E+01
             73                  9                 73         2.0250E+01
             73                 10                 85         2.1200E+01
             73                 11                 65         2.2250E+01
             73                 12                 23         2.3400E+01
             73                 13                 23         2.4650E+01
             73                 14                  8         2.6000E+01
             74                  7                  5         2.0500E+01
             74                  8                  5         2.1250E+01
             74                  9                 11         2.2100E+01
             74                 10                  7         2.3050E+01
             74                 13                  2         2.6500E+01
             75                  7                  1         2.2450E+01
