  #Crystal Size      Water Content              Count               Bias
             64                 11                  1         3.6000E+00
             64                 12                  1         4.2500E+00
             65                  8                  1         1.7000E+00
             65                  9                  5         2.0500E+00
             65                 10                  8         2.5000E+00
             65                 11                  5         3.0500E+00
             65                 12                 13         3.7000E+00
             65                 13                  4         4.4500E+00
             65                 14                  5         5.3000E+00
             66                  8                 18         1.2500E+00
             66                  9                 24         1.6000E+00
             66                 10                 34         2.0500E+00
             66                 11                 33         2.6000E+00
             66                 12                 68         3.2500E+00
             66                 13                 56         4.0000E+00
             66                 14                 29         4.8500E+00
             66                 15                 11         5.8000E+00
             66                 16                  1         6.8500E+00
             67                  6                  1         5.0000E-01
             67                  7                  7         6.5000E-01
             67                  8                 37         9.0000E-01
             67                  9                 98         1.2500E+00
             67                 10                147         1.7000E+00
             67                 11                307         2.2500E+00
             67                 12                383         2.9000E+00
             67                 13                288         3.6500E+00
             67                 14                154         4.5000E+00
             67                 15                 80         5.4500E+00
             67                 16                 15         6.5000E+00
             67                 19                  2         1.0250E+01
             68                  6                  8         2.5000E-01
             68                  7                 47         4.0000E-01
             68                  8                129         6.5000E-01
             68                  9                448         1.0000E+00
             68                 10                780         1.4500E+00
             68                 11               1242         2.0000E+00
             68                 12               1597         2.6500E+00
             68                 13               1162         3.4000E+00
             68                 14                667         4.2500E+00
             68                 15                259         5.2000E+00
             68                 16                 67         6.2500E+00
             68                 17                 10         7.4000E+00
             68                 19                  6         1.0000E+01
             68                 20                  2         1.1450E+01
             69                  6                 16         1.0000E-01
             69                  7                205         2.5000E-01
             69                  8                595         5.0000E-01
             69                  9               1554         8.5000E-01
             69                 10               2793         1.3000E+00
             69                 11               4363         1.8500E+00
             69                 12               5270         2.5000E+00
             69                 13               4109         3.2500E+00
             69                 14               2134         4.1000E+00
             69                 15                946         5.0500E+00
             69                 16                244         6.1000E+00
             69                 17                 65         7.2500E+00
             69                 18                 12         8.5000E+00
             69                 19                 12         9.8500E+00
             69                 20                  5         1.1300E+01
             70                  5                  4         0.0000E+00
             70                  6                 48         5.0000E-02
             70                  7                490         2.0000E-01
             70                  8               1693         4.5000E-01
             70                  9               4310         8.0000E-01
             70                 10               7846         1.2500E+00
             70                 11              11757         1.8000E+00
             70                 12              13761         2.4500E+00
             70                 13              10869         3.2000E+00
             70                 14               6221         4.0500E+00
             70                 15               2516         5.0000E+00
             70                 16                782         6.0500E+00
             70                 17                201         7.2000E+00
             70                 18                 44         8.4500E+00
             70                 19                 49         9.8000E+00
             70                 20                 11         1.1250E+01
             70                 21                  2         1.2800E+01
             71                  5                  2         5.0000E-02
             71                  6                130         1.0000E-01
             71                  7                916         2.5000E-01
             71                  8               3256         5.0000E-01
             71                  9               9115         8.5000E-01
             71                 10              17048         1.3000E+00
             71                 11              25373         1.8500E+00
             71                 12              28940         2.5000E+00
             71                 13              22868         3.2500E+00
             71                 14              13076         4.1000E+00
             71                 15               5207         5.0500E+00
             71                 16               1767         6.1000E+00
             71                 17                450         7.2500E+00
             71                 18                 92         8.5000E+00
             71                 19                 59         9.8500E+00
             71                 20                 20         1.1300E+01
             71                 22                  1         1.4500E+01
             72                  5                 14         2.0000E-01
             72                  6                236         2.5000E-01
             72                  7               1555         4.0000E-01
             72                  8               5478         6.5000E-01
             72                  9              14816         1.0000E+00
             72                 10              28294         1.4500E+00
             72                 11              41385         2.0000E+00
             72                 12              45428         2.6500E+00
             72                 13              35671         3.4000E+00
             72                 14              19586         4.2500E+00
             72                 15               7912         5.2000E+00
             72                 16               2558         6.2500E+00
             72                 17                618         7.4000E+00
             72                 18                128         8.6500E+00
             72                 19                 45         1.0000E+01
             72                 20                 20         1.1450E+01
             72                 21                  1         1.3000E+01
             73                  3                  1         6.5000E-01
             73                  4                 11         5.0000E-01
             73                  5                 19         4.5000E-01
             73                  6                331         5.0000E-01
             73                  7               1886         6.5000E-01
             73                  8               6465         9.0000E-01
             73                  9              17378         1.2500E+00
             73                 10              33932         1.7000E+00
             73                 11              50242         2.2500E+00
             73                 12              53568         2.9000E+00
             73                 13              40698         3.6500E+00
             73                 14              20843         4.5000E+00
             73                 15               8023         5.4500E+00
             73                 16               2721         6.5000E+00
             73                 17                628         7.6500E+00
             73                 18                120         8.9000E+00
             73                 19                 22         1.0250E+01
             73                 20                 18         1.1700E+01
             73                 21                  2         1.3250E+01
             74                  3                  3         1.0000E+00
             74                  4                  9         8.5000E-01
             74                  5                 42         8.0000E-01
             74                  6                296         8.5000E-01
             74                  7               1546         1.0000E+00
             74                  8               5637         1.2500E+00
             74                  9              14493         1.6000E+00
             74                 10              29661         2.0500E+00
             74                 11              41430         2.6000E+00
             74                 12              44031         3.2500E+00
             74                 13              30713         4.0000E+00
             74                 14              15371         4.8500E+00
             74                 15               5835         5.8000E+00
             74                 16               1749         6.8500E+00
             74                 17                469         8.0000E+00
             74                 18                 58         9.2500E+00
             74                 19                 17         1.0600E+01
             74                 20                  1         1.2050E+01
             75                  4                  2         1.3000E+00
             75                  5                 23         1.2500E+00
             75                  6                203         1.3000E+00
             75                  7                983         1.4500E+00
             75                  8               3253         1.7000E+00
             75                  9               8858         2.0500E+00
             75                 10              17717         2.5000E+00
             75                 11              24445         3.0500E+00
             75                 12              23286         3.7000E+00
             75                 13              15809         4.4500E+00
             75                 14               7265         5.3000E+00
             75                 15               2677         6.2500E+00
             75                 16                910         7.3000E+00
             75                 17                218         8.4500E+00
             75                 18                 11         9.7000E+00
             76                  5                  1         1.8000E+00
             76                  6                 52         1.8500E+00
             76                  7                387         2.0000E+00
             76                  8               1133         2.2500E+00
             76                  9               3446         2.6000E+00
             76                 10               6421         3.0500E+00
             76                 11               8265         3.6000E+00
             76                 12               8132         4.2500E+00
             76                 13               4879         5.0000E+00
             76                 14               2258         5.8500E+00
             76                 15                756         6.8000E+00
             76                 16                230         7.8500E+00
             76                 17                 50         9.0000E+00
             76                 18                  5         1.0250E+01
             77                  6                 21         2.5000E+00
             77                  7                 78         2.6500E+00
             77                  8                250         2.9000E+00
             77                  9                699         3.2500E+00
             77                 10               1192         3.7000E+00
             77                 11               1477         4.2500E+00
             77                 12               1347         4.9000E+00
             77                 13                725         5.6500E+00
             77                 14                343         6.5000E+00
             77                 15                112         7.4500E+00
             77                 16                 22         8.5000E+00
             77                 17                  5         9.6500E+00
             78                  7                  8         3.4000E+00
             78                  8                 18         3.6500E+00
             78                  9                 55         4.0000E+00
             78                 10                104         4.4500E+00
             78                 11                135         5.0000E+00
             78                 12                110         5.6500E+00
             78                 13                 68         6.4000E+00
             78                 14                 30         7.2500E+00
             78                 15                  2         8.2000E+00
             78                 16                  3         9.2500E+00
