  #Crystal Size      Water Content              Count               Bias
             51                 15                  7         1.3000E+00
             51                 16                  4         1.8500E+00
             51                 17                  1         2.5000E+00
             52                 14                  7         1.0000E+00
             52                 15                 24         1.4500E+00
             52                 16                 30         2.0000E+00
             52                 17                  8         2.6500E+00
             52                 18                 10         3.4000E+00
             52                 19                 10         4.2500E+00
             52                 20                 24         5.2000E+00
             52                 22                  2         7.4000E+00
             52                 25                  2         1.1450E+01
             53                 13                  8         9.0000E-01
             53                 14                 34         1.2500E+00
             53                 15                 94         1.7000E+00
             53                 16                115         2.2500E+00
             53                 17                118         2.9000E+00
             53                 18                138         3.6500E+00
             53                 19                 47         4.5000E+00
             53                 20                 51         5.4500E+00
             53                 21                 28         6.5000E+00
             53                 22                  8         7.6500E+00
             53                 24                  1         1.0250E+01
             53                 25                  3         1.1700E+01
             54                 11                  6         8.5000E-01
             54                 12                 11         1.0000E+00
             54                 13                 67         1.2500E+00
             54                 14                154         1.6000E+00
             54                 15                324         2.0500E+00
             54                 16                379         2.6000E+00
             54                 17                527         3.2500E+00
             54                 18                606         4.0000E+00
             54                 19                443         4.8500E+00
             54                 20                310         5.8000E+00
             54                 21                137         6.8500E+00
             54                 22                 44         8.0000E+00
             54                 23                 20         9.2500E+00
             54                 24                 15         1.0600E+01
             54                 25                  2         1.2050E+01
             55                 11                  2         1.3000E+00
             55                 12                 36         1.4500E+00
             55                 13                132         1.7000E+00
             55                 14                455         2.0500E+00
             55                 15               1082         2.5000E+00
             55                 16               1479         3.0500E+00
             55                 17               1573         3.7000E+00
             55                 18               1859         4.4500E+00
             55                 19               1489         5.3000E+00
             55                 20                949         6.2500E+00
             55                 21                529         7.3000E+00
             55                 22                200         8.4500E+00
             55                 23                 49         9.7000E+00
             55                 24                 60         1.1050E+01
             55                 25                  2         1.2500E+01
             56                 10                  3         1.8000E+00
             56                 11                 53         1.8500E+00
             56                 12                172         2.0000E+00
             56                 13                594         2.2500E+00
             56                 14               1379         2.6000E+00
             56                 15               2781         3.0500E+00
             56                 16               3904         3.6000E+00
             56                 17               4624         4.2500E+00
             56                 18               4824         5.0000E+00
             56                 19               3676         5.8500E+00
             56                 20               2577         6.8000E+00
             56                 21               1223         7.8500E+00
             56                 22                454         9.0000E+00
             56                 23                151         1.0250E+01
             56                 24                 47         1.1600E+01
             56                 25                 15         1.3050E+01
             56                 26                  1         1.4600E+01
             57                 10                  5         2.4500E+00
             57                 11                156         2.5000E+00
             57                 12                491         2.6500E+00
             57                 13               1470         2.9000E+00
             57                 14               3710         3.2500E+00
             57                 15               7070         3.7000E+00
             57                 16               9633         4.2500E+00
             57                 17              10725         4.9000E+00
             57                 18               9682         5.6500E+00
             57                 19               7276         6.5000E+00
             57                 20               4801         7.4500E+00
             57                 21               2380         8.5000E+00
             57                 22                919         9.6500E+00
             57                 23                214         1.0900E+01
             57                 24                 99         1.2250E+01
             57                 25                 11         1.3700E+01
             57                 26                  1         1.5250E+01
             58                  9                  2         3.2500E+00
             58                 10                 30         3.2000E+00
             58                 11                255         3.2500E+00
             58                 12               1279         3.4000E+00
             58                 13               3223         3.6500E+00
             58                 14               7932         4.0000E+00
             58                 15              13887         4.4500E+00
             58                 16              18291         5.0000E+00
             58                 17              18035         5.6500E+00
             58                 18              16071         6.4000E+00
             58                 19              10996         7.2500E+00
             58                 20               7030         8.2000E+00
             58                 21               3071         9.2500E+00
             58                 22               1268         1.0400E+01
             58                 23                367         1.1650E+01
             58                 24                139         1.3000E+01
             58                 25                 42         1.4450E+01
             59                  9                 26         4.1000E+00
             59                 10                118         4.0500E+00
             59                 11                506         4.1000E+00
             59                 12               2235         4.2500E+00
             59                 13               6294         4.5000E+00
             59                 14              13442         4.8500E+00
             59                 15              21740         5.3000E+00
             59                 16              27542         5.8500E+00
             59                 17              25858         6.5000E+00
             59                 18              21120         7.2500E+00
             59                 19              13896         8.1000E+00
             59                 20               7806         9.0500E+00
             59                 21               3701         1.0100E+01
             59                 22               1265         1.1250E+01
             59                 23                340         1.2500E+01
             59                 24                142         1.3850E+01
             59                 25                 29         1.5300E+01
             59                 26                  3         1.6850E+01
             60                  9                 19         5.0500E+00
             60                 10                206         5.0000E+00
             60                 11                900         5.0500E+00
             60                 12               3480         5.2000E+00
             60                 13               9803         5.4500E+00
             60                 14              20297         5.8000E+00
             60                 15              29363         6.2500E+00
             60                 16              32924         6.8000E+00
             60                 17              30064         7.4500E+00
             60                 18              21584         8.2000E+00
             60                 19              13172         9.0500E+00
             60                 20               6872         1.0000E+01
             60                 21               3332         1.1050E+01
             60                 22               1131         1.2200E+01
             60                 23                326         1.3450E+01
             60                 24                 43         1.4800E+01
             60                 25                 13         1.6250E+01
             60                 26                  6         1.7800E+01
             61                  8                  2         6.2500E+00
             61                  9                 40         6.1000E+00
             61                 10                174         6.0500E+00
             61                 11               1213         6.1000E+00
             61                 12               4914         6.2500E+00
             61                 13              12053         6.5000E+00
             61                 14              22596         6.8500E+00
             61                 15              31425         7.3000E+00
             61                 16              33920         7.8500E+00
             61                 17              28486         8.5000E+00
             61                 18              18567         9.2500E+00
             61                 19              10935         1.0100E+01
             61                 20               4864         1.1050E+01
             61                 21               2374         1.2100E+01
             61                 22                653         1.3250E+01
             61                 23                178         1.4500E+01
             61                 24                 27         1.5850E+01
             61                 25                 10         1.7300E+01
             62                  9                 10         7.2500E+00
             62                 10                171         7.2000E+00
             62                 11               1172         7.2500E+00
             62                 12               4779         7.4000E+00
             62                 13              11036         7.6500E+00
             62                 14              20317         8.0000E+00
             62                 15              27112         8.4500E+00
             62                 16              26969         9.0000E+00
             62                 17              20991         9.6500E+00
             62                 18              13239         1.0400E+01
             62                 19               6928         1.1250E+01
             62                 20               2690         1.2200E+01
             62                 21               1222         1.3250E+01
             62                 22                386         1.4400E+01
             62                 23                 82         1.5650E+01
             62                 24                 19         1.7000E+01
             62                 25                  4         1.8450E+01
             63                  9                  8         8.5000E+00
             63                 10                160         8.4500E+00
             63                 11                645         8.5000E+00
             63                 12               3093         8.6500E+00
             63                 13               7447         8.9000E+00
             63                 14              14870         9.2500E+00
             63                 15              18713         9.7000E+00
             63                 16              17643         1.0250E+01
             63                 17              13335         1.0900E+01
             63                 18               8352         1.1650E+01
             63                 19               3677         1.2500E+01
             63                 20               1287         1.3450E+01
             63                 21                403         1.4500E+01
             63                 22                125         1.5650E+01
             63                 23                 38         1.6900E+01
             64                 10                 55         9.8000E+00
             64                 11                361         9.8500E+00
             64                 12               1598         1.0000E+01
             64                 13               4435         1.0250E+01
             64                 14               8468         1.0600E+01
             64                 15              10338         1.1050E+01
             64                 16              10021         1.1600E+01
             64                 17               7617         1.2250E+01
             64                 18               4177         1.3000E+01
             64                 19               1762         1.3850E+01
             64                 20                505         1.4800E+01
             64                 21                138         1.5850E+01
             64                 22                 37         1.7000E+01
             64                 23                 42         1.8250E+01
             64                 24                  1         1.9600E+01
             65                 10                 39         1.1250E+01
             65                 11                197         1.1300E+01
             65                 12                805         1.1450E+01
             65                 13               1575         1.1700E+01
             65                 14               3111         1.2050E+01
             65                 15               3973         1.2500E+01
             65                 16               4532         1.3050E+01
             65                 17               3285         1.3700E+01
             65                 18               1748         1.4450E+01
             65                 19                714         1.5300E+01
             65                 20                183         1.6250E+01
             65                 21                 89         1.7300E+01
             65                 22                 25         1.8450E+01
             65                 23                  7         1.9700E+01
             66                 10                 12         1.2800E+01
             66                 11                111         1.2850E+01
             66                 12                283         1.3000E+01
             66                 13                500         1.3250E+01
             66                 14               1069         1.3600E+01
             66                 15               1329         1.4050E+01
             66                 16               1405         1.4600E+01
             66                 17               1289         1.5250E+01
             66                 18                830         1.6000E+01
             66                 19                361         1.6850E+01
             66                 20                111         1.7800E+01
             66                 21                 42         1.8850E+01
             66                 22                 11         2.0000E+01
             67                 10                  1         1.4450E+01
             67                 11                 28         1.4500E+01
             67                 12                104         1.4650E+01
             67                 13                135         1.4900E+01
             67                 14                280         1.5250E+01
             67                 15                370         1.5700E+01
             67                 16                365         1.6250E+01
             67                 17                506         1.6900E+01
             67                 18                335         1.7650E+01
             67                 19                171         1.8500E+01
             67                 20                 54         1.9450E+01
             67                 21                 13         2.0500E+01
             67                 22                  2         2.1650E+01
             68                 11                 11         1.6250E+01
             68                 12                 10         1.6400E+01
             68                 13                 37         1.6650E+01
             68                 14                 37         1.7000E+01
             68                 15                 91         1.7450E+01
             68                 16                133         1.8000E+01
             68                 17                179         1.8650E+01
             68                 18                120         1.9400E+01
             68                 19                 43         2.0250E+01
             68                 20                 15         2.1200E+01
             68                 21                  3         2.2250E+01
             69                 14                  6         1.8850E+01
             69                 15                  2         1.9300E+01
             69                 16                 18         1.9850E+01
             69                 17                 21         2.0500E+01
             69                 18                  5         2.1250E+01
             69                 19                  2         2.2100E+01
             69                 20                  2         2.3050E+01
             70                 18                  4         2.3200E+01
