  #Crystal Size      Water Content              Count               Bias
             63                 28                  2         2.9000E+00
             64                 21                  2         2.6000E+00
             64                 22                  3         2.2500E+00
             64                 24                  4         1.8500E+00
             64                 25                  5         1.8000E+00
             64                 26                  2         1.8500E+00
             64                 27                  3         2.0000E+00
             64                 28                  1         2.2500E+00
             65                 17                  7         4.4500E+00
             65                 18                  1         3.7000E+00
             65                 19                  6         3.0500E+00
             65                 20                 15         2.5000E+00
             65                 21                 13         2.0500E+00
             65                 22                 28         1.7000E+00
             65                 23                 20         1.4500E+00
             65                 24                 28         1.3000E+00
             65                 25                 33         1.2500E+00
             65                 26                 32         1.3000E+00
             65                 27                 28         1.4500E+00
             65                 28                 31         1.7000E+00
             65                 29                  8         2.0500E+00
             65                 30                  2         2.5000E+00
             66                 16                  7         4.8500E+00
             66                 17                 16         4.0000E+00
             66                 18                 27         3.2500E+00
             66                 19                 54         2.6000E+00
             66                 20                 74         2.0500E+00
             66                 21                106         1.6000E+00
             66                 22                141         1.2500E+00
             66                 23                166         1.0000E+00
             66                 24                279         8.5000E-01
             66                 25                272         8.0000E-01
             66                 26                270         8.5000E-01
             66                 27                223         1.0000E+00
             66                 28                157         1.2500E+00
             66                 29                 75         1.6000E+00
             66                 30                 30         2.0500E+00
             66                 31                  9         2.6000E+00
             66                 32                  5         3.2500E+00
             67                 15                  1         5.4500E+00
             67                 16                 23         4.5000E+00
             67                 17                 34         3.6500E+00
             67                 18                 73         2.9000E+00
             67                 19                140         2.2500E+00
             67                 20                242         1.7000E+00
             67                 21                456         1.2500E+00
             67                 22                668         9.0000E-01
             67                 23                938         6.5000E-01
             67                 24               1378         5.0000E-01
             67                 25               1463         4.5000E-01
             67                 26               1398         5.0000E-01
             67                 27                997         6.5000E-01
             67                 28                597         9.0000E-01
             67                 29                301         1.2500E+00
             67                 30                140         1.7000E+00
             67                 31                 45         2.2500E+00
             67                 32                 16         2.9000E+00
             68                 14                  5         6.2500E+00
             68                 15                 26         5.2000E+00
             68                 16                102         4.2500E+00
             68                 17                132         3.4000E+00
             68                 18                272         2.6500E+00
             68                 19                528         2.0000E+00
             68                 20                858         1.4500E+00
             68                 21               1492         1.0000E+00
             68                 22               2257         6.5000E-01
             68                 23               3523         4.0000E-01
             68                 24               5164         2.5000E-01
             68                 25               5394         2.0000E-01
             68                 26               5114         2.5000E-01
             68                 27               3680         4.0000E-01
             68                 28               2268         6.5000E-01
             68                 29               1200         1.0000E+00
             68                 30                491         1.4500E+00
             68                 31                154         2.0000E+00
             68                 32                 57         2.6500E+00
             68                 33                  8         3.4000E+00
             68                 34                  2         4.2500E+00
             69                 14                 17         6.1000E+00
             69                 15                 76         5.0500E+00
             69                 16                267         4.1000E+00
             69                 17                512         3.2500E+00
             69                 18                938         2.5000E+00
             69                 19               1412         1.8500E+00
             69                 20               2376         1.3000E+00
             69                 21               3915         8.5000E-01
             69                 22               6220         5.0000E-01
             69                 23               9151         2.5000E-01
             69                 24              12760         1.0000E-01
             69                 25              13995         5.0000E-02
             69                 26              13366         1.0000E-01
             69                 27               9995         2.5000E-01
             69                 28               6380         5.0000E-01
             69                 29               3390         8.5000E-01
             69                 30               1519         1.3000E+00
             69                 31                511         1.8500E+00
             69                 32                155         2.5000E+00
             69                 33                 47         3.2500E+00
             69                 34                 14         4.1000E+00
             69                 35                  3         5.0500E+00
             70                 14                 12         6.0500E+00
             70                 15                131         5.0000E+00
             70                 16                430         4.0500E+00
             70                 17               1049         3.2000E+00
             70                 18               1836         2.4500E+00
             70                 19               3050         1.8000E+00
             70                 20               4863         1.2500E+00
             70                 21               7446         8.0000E-01
             70                 22              11829         4.5000E-01
             70                 23              17306         2.0000E-01
             70                 24              23752         5.0000E-02
             70                 25              26448         0.0000E+00
             70                 26              25240         5.0000E-02
             70                 27              20030         2.0000E-01
             70                 28              12736         4.5000E-01
             70                 29               6552         8.0000E-01
             70                 30               3010         1.2500E+00
             70                 31               1022         1.8000E+00
             70                 32                310         2.4500E+00
             70                 33                 70         3.2000E+00
             70                 34                 38         4.0500E+00
             70                 35                  1         5.0000E+00
             71                 14                 22         6.1000E+00
             71                 15                193         5.0500E+00
             71                 16                580         4.1000E+00
             71                 17               1450         3.2500E+00
             71                 18               3243         2.5000E+00
             71                 19               5250         1.8500E+00
             71                 20               7505         1.3000E+00
             71                 21              10658         8.5000E-01
             71                 22              15920         5.0000E-01
             71                 23              23631         2.5000E-01
             71                 24              32233         1.0000E-01
             71                 25              37314         5.0000E-02
             71                 26              35713         1.0000E-01
             71                 27              28023         2.5000E-01
             71                 28              17746         5.0000E-01
             71                 29               9435         8.5000E-01
             71                 30               4235         1.3000E+00
             71                 31               1613         1.8500E+00
             71                 32                491         2.5000E+00
             71                 33                132         3.2500E+00
             71                 34                 34         4.1000E+00
             72                 13                  2         7.4000E+00
             72                 14                 34         6.2500E+00
             72                 15                188         5.2000E+00
             72                 16                696         4.2500E+00
             72                 17               1664         3.4000E+00
             72                 18               3716         2.6500E+00
             72                 19               6089         2.0000E+00
             72                 20               8090         1.4500E+00
             72                 21              11022         1.0000E+00
             72                 22              15657         6.5000E-01
             72                 23              22425         4.0000E-01
             72                 24              29786         2.5000E-01
             72                 25              34928         2.0000E-01
             72                 26              34047         2.5000E-01
             72                 27              27621         4.0000E-01
             72                 28              17515         6.5000E-01
             72                 29               9170         1.0000E+00
             72                 30               4135         1.4500E+00
             72                 31               1660         2.0000E+00
             72                 32                490         2.6500E+00
             72                 33                163         3.4000E+00
             72                 34                 67         4.2500E+00
             73                 14                 29         6.5000E+00
             73                 15                144         5.4500E+00
             73                 16                501         4.5000E+00
             73                 17               1345         3.6500E+00
             73                 18               2825         2.9000E+00
             73                 19               4714         2.2500E+00
             73                 20               6320         1.7000E+00
             73                 21               7958         1.2500E+00
             73                 22              10710         9.0000E-01
             73                 23              14560         6.5000E-01
             73                 24              18676         5.0000E-01
             73                 25              22589         4.5000E-01
             73                 26              22195         5.0000E-01
             73                 27              18359         6.5000E-01
             73                 28              11619         9.0000E-01
             73                 29               6160         1.2500E+00
             73                 30               2733         1.7000E+00
             73                 31               1025         2.2500E+00
             73                 32                291         2.9000E+00
             73                 33                 94         3.6500E+00
             73                 34                 22         4.5000E+00
             74                 13                  1         8.0000E+00
             74                 14                 27         6.8500E+00
             74                 15                 86         5.8000E+00
             74                 16                297         4.8500E+00
             74                 17                740         4.0000E+00
             74                 18               1559         3.2500E+00
             74                 19               2548         2.6000E+00
             74                 20               3137         2.0500E+00
             74                 21               3863         1.6000E+00
             74                 22               4931         1.2500E+00
             74                 23               6050         1.0000E+00
             74                 24               7454         8.5000E-01
             74                 25               9047         8.0000E-01
             74                 26               9171         8.5000E-01
             74                 27               7384         1.0000E+00
             74                 28               4845         1.2500E+00
             74                 29               2644         1.6000E+00
             74                 30               1055         2.0500E+00
             74                 31                345         2.6000E+00
             74                 32                 80         3.2500E+00
             74                 33                 29         4.0000E+00
             74                 34                 10         4.8500E+00
             75                 14                  4         7.3000E+00
             75                 15                 26         6.2500E+00
             75                 16                 70         5.3000E+00
             75                 17                284         4.4500E+00
             75                 18                704         3.7000E+00
             75                 19                904         3.0500E+00
             75                 20               1094         2.5000E+00
             75                 21               1024         2.0500E+00
             75                 22               1144         1.7000E+00
             75                 23               1451         1.4500E+00
             75                 24               1742         1.3000E+00
             75                 25               2313         1.2500E+00
             75                 26               2178         1.3000E+00
             75                 27               1790         1.4500E+00
             75                 28               1224         1.7000E+00
             75                 29                623         2.0500E+00
             75                 30                275         2.5000E+00
             75                 31                 77         3.0500E+00
             75                 32                 30         3.7000E+00
             75                 33                 10         4.4500E+00
             75                 34                  1         5.3000E+00
             76                 14                  2         7.8500E+00
             76                 15                  3         6.8000E+00
             76                 16                  1         5.8500E+00
             76                 17                 42         5.0000E+00
             76                 18                166         4.2500E+00
             76                 19                178         3.6000E+00
             76                 20                161         3.0500E+00
             76                 21                167         2.6000E+00
             76                 22                118         2.2500E+00
             76                 23                138         2.0000E+00
             76                 24                242         1.8500E+00
             76                 25                378         1.8000E+00
             76                 26                244         1.8500E+00
             76                 27                168         2.0000E+00
             76                 28                103         2.2500E+00
             76                 29                 49         2.6000E+00
             76                 30                  4         3.0500E+00
             76                 31                  6         3.6000E+00
             76                 32                  7         4.2500E+00
             76                 33                  1         5.0000E+00
             77                 17                  3         5.6500E+00
             77                 18                 12         4.9000E+00
             77                 19                  8         4.2500E+00
             77                 20                  7         3.7000E+00
             77                 21                  5         3.2500E+00
             77                 22                  8         2.9000E+00
             77                 23                  4         2.6500E+00
             77                 24                 29         2.5000E+00
             77                 25                  8         2.4500E+00
             77                 27                  7         2.6500E+00
             77                 28                  3         2.9000E+00
