  #Crystal Size      Water Content              Count               Bias
             55                 16                  1         1.8000E+00
             56                 14                  2         8.5000E-01
             56                 15                 18         1.3000E+00
             56                 16                 12         1.8500E+00
             56                 17                  7         2.5000E+00
             56                 18                  1         3.2500E+00
             57                 12                  1         4.0000E-01
             57                 13                  8         6.5000E-01
             57                 14                 33         1.0000E+00
             57                 15                 45         1.4500E+00
             57                 16                 23         2.0000E+00
             57                 17                 29         2.6500E+00
             57                 18                 21         3.4000E+00
             57                 19                  3         4.2500E+00
             58                 10                  1         4.5000E-01
             58                 11                 10         5.0000E-01
             58                 12                 51         6.5000E-01
             58                 13                 80         9.0000E-01
             58                 14                134         1.2500E+00
             58                 15                242         1.7000E+00
             58                 16                197         2.2500E+00
             58                 17                194         2.9000E+00
             58                 18                 67         3.6500E+00
             58                 19                 24         4.5000E+00
             58                 20                  1         5.4500E+00
             59                 10                 23         8.0000E-01
             59                 11                 39         8.5000E-01
             59                 12                159         1.0000E+00
             59                 13                337         1.2500E+00
             59                 14                639         1.6000E+00
             59                 15                970         2.0500E+00
             59                 16                874         2.6000E+00
             59                 17                640         3.2500E+00
             59                 18                388         4.0000E+00
             59                 19                127         4.8500E+00
             59                 20                 35         5.8000E+00
             59                 21                  3         6.8500E+00
             60                  9                 10         1.3000E+00
             60                 10                 37         1.2500E+00
             60                 11                147         1.3000E+00
             60                 12                574         1.4500E+00
             60                 13               1164         1.7000E+00
             60                 14               2282         2.0500E+00
             60                 15               2884         2.5000E+00
             60                 16               2759         3.0500E+00
             60                 17               2193         3.7000E+00
             60                 18               1155         4.4500E+00
             60                 19                416         5.3000E+00
             60                 20                150         6.2500E+00
             60                 21                 19         7.3000E+00
             61                  7                 23         2.2500E+00
             61                  8                 16         2.0000E+00
             61                  9                 49         1.8500E+00
             61                 10                143         1.8000E+00
             61                 11                493         1.8500E+00
             61                 12               1503         2.0000E+00
             61                 13               3841         2.2500E+00
             61                 14               6558         2.6000E+00
             61                 15               7259         3.0500E+00
             61                 16               6879         3.6000E+00
             61                 17               5085         4.2500E+00
             61                 18               2795         5.0000E+00
             61                 19               1111         5.8500E+00
             61                 20                392         6.8000E+00
             61                 21                 55         7.8500E+00
             61                 22                 20         9.0000E+00
             62                  6                  4         3.2500E+00
             62                  7                 46         2.9000E+00
             62                  8                 58         2.6500E+00
             62                  9                 77         2.5000E+00
             62                 10                390         2.4500E+00
             62                 11               1354         2.5000E+00
             62                 12               3790         2.6500E+00
             62                 13               8424         2.9000E+00
             62                 14              14109         3.2500E+00
             62                 15              15859         3.7000E+00
             62                 16              13823         4.2500E+00
             62                 17               9620         4.9000E+00
             62                 18               5489         5.6500E+00
             62                 19               2201         6.5000E+00
             62                 20                717         7.4500E+00
             62                 21                163         8.5000E+00
             62                 22                 58         9.6500E+00
             62                 23                  8         1.0900E+01
             63                  7                 28         3.6500E+00
             63                  8                 88         3.4000E+00
             63                  9                177         3.2500E+00
             63                 10                917         3.2000E+00
             63                 11               2836         3.2500E+00
             63                 12               7643         3.4000E+00
             63                 13              15051         3.6500E+00
             63                 14              23878         4.0000E+00
             63                 15              26639         4.4500E+00
             63                 16              22347         5.0000E+00
             63                 17              15375         5.6500E+00
             63                 18               8021         6.4000E+00
             63                 19               3631         7.2500E+00
             63                 20               1006         8.2000E+00
             63                 21                220         9.2500E+00
             63                 22                 59         1.0400E+01
             63                 23                 16         1.1650E+01
             64                  7                  8         4.5000E+00
             64                  8                132         4.2500E+00
             64                  9                307         4.1000E+00
             64                 10               1592         4.0500E+00
             64                 11               4903         4.1000E+00
             64                 12              11564         4.2500E+00
             64                 13              22017         4.5000E+00
             64                 14              32789         4.8500E+00
             64                 15              35134         5.3000E+00
             64                 16              28934         5.8500E+00
             64                 17              18676         6.5000E+00
             64                 18               9128         7.2500E+00
             64                 19               3776         8.1000E+00
             64                 20               1218         9.0500E+00
             64                 21                292         1.0100E+01
             64                 22                 70         1.1250E+01
             64                 23                  7         1.2500E+01
             65                  6                  1         5.8000E+00
             65                  7                  2         5.4500E+00
             65                  8                142         5.2000E+00
             65                  9                629         5.0500E+00
             65                 10               2220         5.0000E+00
             65                 11               6626         5.0500E+00
             65                 12              14944         5.2000E+00
             65                 13              25460         5.4500E+00
             65                 14              35680         5.8000E+00
             65                 15              36163         6.2500E+00
             65                 16              29512         6.8000E+00
             65                 17              18063         7.4500E+00
             65                 18               8697         8.2000E+00
             65                 19               3555         9.0500E+00
             65                 20                945         1.0000E+01
             65                 21                245         1.1050E+01
             65                 22                 72         1.2200E+01
             65                 23                 11         1.3450E+01
             66                  7                  1         6.5000E+00
             66                  8                 85         6.2500E+00
             66                  9                603         6.1000E+00
             66                 10               2246         6.0500E+00
             66                 11               7261         6.1000E+00
             66                 12              14736         6.2500E+00
             66                 13              25122         6.5000E+00
             66                 14              32629         6.8500E+00
             66                 15              31242         7.3000E+00
             66                 16              23669         7.8500E+00
             66                 17              13600         8.5000E+00
             66                 18               6366         9.2500E+00
             66                 19               2320         1.0100E+01
             66                 20                585         1.1050E+01
             66                 21                124         1.2100E+01
             66                 22                 39         1.3250E+01
             66                 23                  3         1.4500E+01
             67                  7                  6         7.6500E+00
             67                  8                 54         7.4000E+00
             67                  9                592         7.2500E+00
             67                 10               1987         7.2000E+00
             67                 11               5800         7.2500E+00
             67                 12              12650         7.4000E+00
             67                 13              19657         7.6500E+00
             67                 14              23429         8.0000E+00
             67                 15              21290         8.4500E+00
             67                 16              15105         9.0000E+00
             67                 17               8184         9.6500E+00
             67                 18               3368         1.0400E+01
             67                 19               1296         1.1250E+01
             67                 20                336         1.2200E+01
             67                 21                 62         1.3250E+01
             67                 22                 13         1.4400E+01
             67                 23                  3         1.5650E+01
             68                  7                  2         8.9000E+00
             68                  8                 76         8.6500E+00
             68                  9                440         8.5000E+00
             68                 10               1364         8.4500E+00
             68                 11               3961         8.5000E+00
             68                 12               8246         8.6500E+00
             68                 13              12115         8.9000E+00
             68                 14              12919         9.2500E+00
             68                 15              11226         9.7000E+00
             68                 16               7760         1.0250E+01
             68                 17               4000         1.0900E+01
             68                 18               1754         1.1650E+01
             68                 19                480         1.2500E+01
             68                 20                125         1.3450E+01
             68                 21                 21         1.4500E+01
             68                 22                 10         1.5650E+01
             68                 23                  2         1.6900E+01
             69                  8                 41         1.0000E+01
             69                  9                265         9.8500E+00
             69                 10                855         9.8000E+00
             69                 11               2351         9.8500E+00
             69                 12               4175         1.0000E+01
             69                 13               5979         1.0250E+01
             69                 14               6373         1.0600E+01
             69                 15               5292         1.1050E+01
             69                 16               3257         1.1600E+01
             69                 17               1622         1.2250E+01
             69                 18                522         1.3000E+01
             69                 19                171         1.3850E+01
             69                 20                 43         1.4800E+01
             69                 21                 22         1.5850E+01
             69                 22                  4         1.7000E+01
             70                  7                  4         1.1700E+01
             70                  8                 35         1.1450E+01
             70                  9                182         1.1300E+01
             70                 10                361         1.1250E+01
             70                 11               1049         1.1300E+01
             70                 12               1776         1.1450E+01
             70                 13               2150         1.1700E+01
             70                 14               2434         1.2050E+01
             70                 15               1962         1.2500E+01
             70                 16               1131         1.3050E+01
             70                 17                509         1.3700E+01
             70                 18                146         1.4450E+01
             70                 19                 70         1.5300E+01
             70                 20                 17         1.6250E+01
             70                 21                 21         1.7300E+01
             70                 22                  1         1.8450E+01
             71                  7                  1         1.3250E+01
             71                  8                 28         1.3000E+01
             71                  9                 67         1.2850E+01
             71                 10                208         1.2800E+01
             71                 11                415         1.2850E+01
             71                 12                565         1.3000E+01
             71                 13                700         1.3250E+01
             71                 14                885         1.3600E+01
             71                 15                611         1.4050E+01
             71                 16                331         1.4600E+01
             71                 17                177         1.5250E+01
             71                 18                 12         1.6000E+01
             71                 19                  7         1.6850E+01
             71                 20                  5         1.7800E+01
             71                 21                  8         1.8850E+01
             72                  8                  7         1.4650E+01
             72                  9                 19         1.4500E+01
             72                 10                 61         1.4450E+01
             72                 11                 80         1.4500E+01
             72                 12                145         1.4650E+01
             72                 13                146         1.4900E+01
             72                 14                206         1.5250E+01
             72                 15                144         1.5700E+01
             72                 16                 58         1.6250E+01
             72                 17                 17         1.6900E+01
             72                 18                  8         1.7650E+01
             72                 19                  7         1.8500E+01
             72                 20                  4         1.9450E+01
             72                 21                  3         2.0500E+01
             73                  9                 13         1.6250E+01
             73                 10                 12         1.6200E+01
             73                 11                  5         1.6250E+01
             73                 12                 24         1.6400E+01
             73                 13                 30         1.6650E+01
             73                 14                 47         1.7000E+01
             73                 15                 47         1.7450E+01
             73                 16                  6         1.8000E+01
             73                 18                  2         1.9400E+01
             74                 10                  1         1.8050E+01
             74                 12                  2         1.8250E+01
             74                 13                 10         1.8500E+01
             74                 14                  3         1.8850E+01
             74                 15                  2         1.9300E+01
