  #Crystal Size      Water Content              Count               Bias
             66                 25                  1         4.0500E+00
             66                 27                  3         4.2500E+00
             67                 16                  2         7.2500E+00
             67                 18                  1         5.6500E+00
             67                 19                  4         5.0000E+00
             67                 20                  3         4.4500E+00
             67                 21                  3         4.0000E+00
             67                 22                 11         3.6500E+00
             67                 23                 11         3.4000E+00
             67                 24                 22         3.2500E+00
             67                 25                 49         3.2000E+00
             67                 26                 30         3.2500E+00
             67                 27                 12         3.4000E+00
             67                 28                  9         3.6500E+00
             67                 29                  3         4.0000E+00
             67                 31                  2         5.0000E+00
             67                 32                  4         5.6500E+00
             67                 33                  2         6.4000E+00
             68                 13                  2         9.6500E+00
             68                 14                  3         8.5000E+00
             68                 15                  2         7.4500E+00
             68                 16                 16         6.5000E+00
             68                 17                 15         5.6500E+00
             68                 18                 27         4.9000E+00
             68                 19                 32         4.2500E+00
             68                 20                 42         3.7000E+00
             68                 21                 81         3.2500E+00
             68                 22                151         2.9000E+00
             68                 23                161         2.6500E+00
             68                 24                305         2.5000E+00
             68                 25                280         2.4500E+00
             68                 26                213         2.5000E+00
             68                 27                124         2.6500E+00
             68                 28                 49         2.9000E+00
             68                 29                 23         3.2500E+00
             68                 30                  6         3.7000E+00
             68                 31                  5         4.2500E+00
             68                 32                  1         4.9000E+00
             69                 13                  3         9.0000E+00
             69                 14                 15         7.8500E+00
             69                 15                 27         6.8000E+00
             69                 16                100         5.8500E+00
             69                 17                141         5.0000E+00
             69                 18                196         4.2500E+00
             69                 19                229         3.6000E+00
             69                 20                373         3.0500E+00
             69                 21                521         2.6000E+00
             69                 22                863         2.2500E+00
             69                 23               1172         2.0000E+00
             69                 24               1350         1.8500E+00
             69                 25               1360         1.8000E+00
             69                 26               1007         1.8500E+00
             69                 27                628         2.0000E+00
             69                 28                326         2.2500E+00
             69                 29                177         2.6000E+00
             69                 30                 67         3.0500E+00
             69                 31                 16         3.6000E+00
             69                 32                  7         4.2500E+00
             70                 12                  2         9.7000E+00
             70                 13                 21         8.4500E+00
             70                 14                 88         7.3000E+00
             70                 15                216         6.2500E+00
             70                 16                449         5.3000E+00
             70                 17                708         4.4500E+00
             70                 18                913         3.7000E+00
             70                 19               1319         3.0500E+00
             70                 20               1644         2.5000E+00
             70                 21               2190         2.0500E+00
             70                 22               3331         1.7000E+00
             70                 23               4501         1.4500E+00
             70                 24               5098         1.3000E+00
             70                 25               4971         1.2500E+00
             70                 26               3789         1.3000E+00
             70                 27               2569         1.4500E+00
             70                 28               1351         1.7000E+00
             70                 29                661         2.0500E+00
             70                 30                304         2.5000E+00
             70                 31                 93         3.0500E+00
             70                 32                 10         3.7000E+00
             70                 33                  8         4.4500E+00
             71                 11                  1         1.0600E+01
             71                 12                 19         9.2500E+00
             71                 13                 81         8.0000E+00
             71                 14                329         6.8500E+00
             71                 15                796         5.8000E+00
             71                 16               1523         4.8500E+00
             71                 17               2460         4.0000E+00
             71                 18               3299         3.2500E+00
             71                 19               3725         2.6000E+00
             71                 20               5142         2.0500E+00
             71                 21               6829         1.6000E+00
             71                 22               9069         1.2500E+00
             71                 23              12176         1.0000E+00
             71                 24              13212         8.5000E-01
             71                 25              12658         8.0000E-01
             71                 26               9315         8.5000E-01
             71                 27               6013         1.0000E+00
             71                 28               3184         1.2500E+00
             71                 29               1477         1.6000E+00
             71                 30                633         2.0500E+00
             71                 31                253         2.6000E+00
             71                 32                 53         3.2500E+00
             71                 33                 11         4.0000E+00
             71                 34                  1         4.8500E+00
             72                 11                 17         1.0250E+01
             72                 12                 82         8.9000E+00
             72                 13                234         7.6500E+00
             72                 14                937         6.5000E+00
             72                 15               2121         5.4500E+00
             72                 16               3759         4.5000E+00
             72                 17               6103         3.6500E+00
             72                 18               7913         2.9000E+00
             72                 19               8920         2.2500E+00
             72                 20              11011         1.7000E+00
             72                 21              14138         1.2500E+00
             72                 22              18153         9.0000E-01
             72                 23              22358         6.5000E-01
             72                 24              25119         5.0000E-01
             72                 25              23076         4.5000E-01
             72                 26              17090         5.0000E-01
             72                 27              10636         6.5000E-01
             72                 28               5667         9.0000E-01
             72                 29               2663         1.2500E+00
             72                 30               1168         1.7000E+00
             72                 31                398         2.2500E+00
             72                 32                 79         2.9000E+00
             72                 33                 32         3.6500E+00
             72                 34                  1         4.5000E+00
             73                 11                 16         1.0000E+01
             73                 12                 88         8.6500E+00
             73                 13                356         7.4000E+00
             73                 14               1457         6.2500E+00
             73                 15               3551         5.2000E+00
             73                 16               6326         4.2500E+00
             73                 17               9927         3.4000E+00
             73                 18              12107         2.6500E+00
             73                 19              13754         2.0000E+00
             73                 20              15873         1.4500E+00
             73                 21              20141         1.0000E+00
             73                 22              25947         6.5000E-01
             73                 23              31012         4.0000E-01
             73                 24              32797         2.5000E-01
             73                 25              29440         2.0000E-01
             73                 26              21711         2.5000E-01
             73                 27              13209         4.0000E-01
             73                 28               6726         6.5000E-01
             73                 29               2911         1.0000E+00
             73                 30               1076         1.4500E+00
             73                 31                391         2.0000E+00
             73                 32                104         2.6500E+00
             73                 33                 16         3.4000E+00
             73                 34                  1         4.2500E+00
             74                 11                  1         9.8500E+00
             74                 12                142         8.5000E+00
             74                 13                492         7.2500E+00
             74                 14               2086         6.1000E+00
             74                 15               4208         5.0500E+00
             74                 16               7476         4.1000E+00
             74                 17              10689         3.2500E+00
             74                 18              12688         2.5000E+00
             74                 19              14184         1.8500E+00
             74                 20              15804         1.3000E+00
             74                 21              18972         8.5000E-01
             74                 22              24025         5.0000E-01
             74                 23              27824         2.5000E-01
             74                 24              29116         1.0000E-01
             74                 25              25815         5.0000E-02
             74                 26              18693         1.0000E-01
             74                 27              10986         2.5000E-01
             74                 28               4923         5.0000E-01
             74                 29               2086         8.5000E-01
             74                 30                929         1.3000E+00
             74                 31                335         1.8500E+00
             74                 32                 87         2.5000E+00
             74                 33                 18         3.2500E+00
             75                 11                  7         9.8000E+00
             75                 12                 90         8.4500E+00
             75                 13                617         7.2000E+00
             75                 14               1698         6.0500E+00
             75                 15               3826         5.0000E+00
             75                 16               6030         4.0500E+00
             75                 17               8045         3.2000E+00
             75                 18               9269         2.4500E+00
             75                 19               9622         1.8000E+00
             75                 20               9558         1.2500E+00
             75                 21              11257         8.0000E-01
             75                 22              13918         4.5000E-01
             75                 23              15749         2.0000E-01
             75                 24              16001         5.0000E-02
             75                 25              14569         0.0000E+00
             75                 26              10888         5.0000E-02
             75                 27               6080         2.0000E-01
             75                 28               2742         4.5000E-01
             75                 29                950         8.0000E-01
             75                 30                334         1.2500E+00
             75                 31                132         1.8000E+00
             75                 32                 69         2.4500E+00
             75                 33                  3         3.2000E+00
             76                 11                  6         9.8500E+00
             76                 12                 98         8.5000E+00
             76                 13                381         7.2500E+00
             76                 14               1071         6.1000E+00
             76                 15               1930         5.0500E+00
             76                 16               2925         4.1000E+00
             76                 17               3733         3.2500E+00
             76                 18               4035         2.5000E+00
             76                 19               3956         1.8500E+00
             76                 20               3643         1.3000E+00
             76                 21               4027         8.5000E-01
             76                 22               4550         5.0000E-01
             76                 23               5032         2.5000E-01
             76                 24               4918         1.0000E-01
             76                 25               4548         5.0000E-02
             76                 26               3335         1.0000E-01
             76                 27               1737         2.5000E-01
             76                 28                660         5.0000E-01
             76                 29                180         8.5000E-01
             76                 30                 54         1.3000E+00
             76                 31                 36         1.8500E+00
             76                 32                 11         2.5000E+00
             76                 33                  1         3.2500E+00
             77                 11                  2         1.0000E+01
             77                 12                 39         8.6500E+00
             77                 13                 92         7.4000E+00
             77                 14                267         6.2500E+00
             77                 15                511         5.2000E+00
             77                 16                695         4.2500E+00
             77                 17                931         3.4000E+00
             77                 18                867         2.6500E+00
             77                 19                732         2.0000E+00
             77                 20                824         1.4500E+00
             77                 21                622         1.0000E+00
             77                 22                502         6.5000E-01
             77                 23                470         4.0000E-01
             77                 24                520         2.5000E-01
             77                 25                537         2.0000E-01
             77                 26                384         2.5000E-01
             77                 27                202         4.0000E-01
             77                 28                 72         6.5000E-01
             77                 29                 13         1.0000E+00
             77                 30                  2         1.4500E+00
             77                 31                  2         2.0000E+00
             77                 32                  2         2.6500E+00
             78                 13                 30         7.6500E+00
             78                 14                 38         6.5000E+00
             78                 15                 60         5.4500E+00
             78                 16                 35         4.5000E+00
             78                 17                 49         3.6500E+00
             78                 18                 73         2.9000E+00
             78                 19                 76         2.2500E+00
             78                 20                 43         1.7000E+00
             78                 21                 13         1.2500E+00
