  #Crystal Size      Water Content              Count               Bias
             51                 17                  4         2.5000E-01
             51                 18                  1         5.0000E-01
             51                 19                  3         8.5000E-01
             52                 18                  1         6.5000E-01
             52                 19                 10         1.0000E+00
             52                 20                 11         1.4500E+00
             52                 21                  1         2.0000E+00
             52                 22                  5         2.6500E+00
             52                 23                  3         3.4000E+00
             53                 16                  3         5.0000E-01
             53                 17                 10         6.5000E-01
             53                 18                 29         9.0000E-01
             53                 19                 29         1.2500E+00
             53                 20                 59         1.7000E+00
             53                 21                 38         2.2500E+00
             53                 22                 54         2.9000E+00
             53                 23                 37         3.6500E+00
             53                 24                 18         4.5000E+00
             53                 26                  3         6.5000E+00
             54                 15                 10         8.0000E-01
             54                 16                  6         8.5000E-01
             54                 17                 51         1.0000E+00
             54                 18                 84         1.2500E+00
             54                 19                101         1.6000E+00
             54                 20                157         2.0500E+00
             54                 21                159         2.6000E+00
             54                 22                202         3.2500E+00
             54                 23                128         4.0000E+00
             54                 24                 38         4.8500E+00
             54                 25                 14         5.8000E+00
             54                 26                  1         6.8500E+00
             55                 14                 11         1.3000E+00
             55                 15                 19         1.2500E+00
             55                 16                 54         1.3000E+00
             55                 17                133         1.4500E+00
             55                 18                198         1.7000E+00
             55                 19                372         2.0500E+00
             55                 20                560         2.5000E+00
             55                 21                634         3.0500E+00
             55                 22                500         3.7000E+00
             55                 23                318         4.4500E+00
             55                 24                118         5.3000E+00
             55                 25                 40         6.2500E+00
             55                 26                 16         7.3000E+00
             55                 27                  7         8.4500E+00
             56                 12                  3         2.2500E+00
             56                 13                  9         2.0000E+00
             56                 14                  5         1.8500E+00
             56                 15                 88         1.8000E+00
             56                 16                203         1.8500E+00
             56                 17                462         2.0000E+00
             56                 18                541         2.2500E+00
             56                 19                971         2.6000E+00
             56                 20               1292         3.0500E+00
             56                 21               1172         3.6000E+00
             56                 22               1047         4.2500E+00
             56                 23                691         5.0000E+00
             56                 24                441         5.8500E+00
             56                 25                218         6.8000E+00
             56                 26                100         7.8500E+00
             56                 27                 13         9.0000E+00
             57                 12                 11         2.9000E+00
             57                 13                 36         2.6500E+00
             57                 14                 12         2.5000E+00
             57                 15                192         2.4500E+00
             57                 16                492         2.5000E+00
             57                 17                956         2.6500E+00
             57                 18               1472         2.9000E+00
             57                 19               1960         3.2500E+00
             57                 20               2714         3.7000E+00
             57                 21               2456         4.2500E+00
             57                 22               2155         4.9000E+00
             57                 23               1401         5.6500E+00
             57                 24                782         6.5000E+00
             57                 25                356         7.4500E+00
             57                 26                150         8.5000E+00
             57                 27                 41         9.6500E+00
             57                 28                  7         1.0900E+01
             58                 12                 37         3.6500E+00
             58                 13                 34         3.4000E+00
             58                 14                 93         3.2500E+00
             58                 15                446         3.2000E+00
             58                 16               1137         3.2500E+00
             58                 17               2297         3.4000E+00
             58                 18               3563         3.6500E+00
             58                 19               4375         4.0000E+00
             58                 20               4834         4.4500E+00
             58                 21               4527         5.0000E+00
             58                 22               3643         5.6500E+00
             58                 23               2034         6.4000E+00
             58                 24                960         7.2500E+00
             58                 25                516         8.2000E+00
             58                 26                119         9.2500E+00
             58                 27                117         1.0400E+01
             58                 28                 14         1.1650E+01
             59                 10                  7         5.3000E+00
             59                 11                 14         4.8500E+00
             59                 12                 25         4.5000E+00
             59                 13                 82         4.2500E+00
             59                 14                225         4.1000E+00
             59                 15                877         4.0500E+00
             59                 16               2503         4.1000E+00
             59                 17               4970         4.2500E+00
             59                 18               8362         4.5000E+00
             59                 19               9956         4.8500E+00
             59                 20               9319         5.3000E+00
             59                 21               8107         5.8500E+00
             59                 22               5536         6.5000E+00
             59                 23               2780         7.2500E+00
             59                 24               1178         8.1000E+00
             59                 25                478         9.0500E+00
             59                 26                138         1.0100E+01
             59                 27                 76         1.1250E+01
             59                 28                  4         1.2500E+01
             60                 11                  8         5.8000E+00
             60                 12                 33         5.4500E+00
             60                 13                174         5.2000E+00
             60                 14                473         5.0500E+00
             60                 15               1877         5.0000E+00
             60                 16               4750         5.0500E+00
             60                 17              10253         5.2000E+00
             60                 18              16587         5.4500E+00
             60                 19              18295         5.8000E+00
             60                 20              17139         6.2500E+00
             60                 21              13360         6.8000E+00
             60                 22               8730         7.4500E+00
             60                 23               3992         8.2000E+00
             60                 24               1345         9.0500E+00
             60                 25                492         1.0000E+01
             60                 26                100         1.1050E+01
             60                 27                 27         1.2200E+01
             61                 11                  5         6.8500E+00
             61                 12                 77         6.5000E+00
             61                 13                320         6.2500E+00
             61                 14                998         6.1000E+00
             61                 15               3345         6.0500E+00
             61                 16               8602         6.1000E+00
             61                 17              17100         6.2500E+00
             61                 18              27045         6.5000E+00
             61                 19              30628         6.8500E+00
             61                 20              26380         7.3000E+00
             61                 21              19000         7.8500E+00
             61                 22              11140         8.5000E+00
             61                 23               4649         9.2500E+00
             61                 24               1321         1.0100E+01
             61                 25                556         1.1050E+01
             61                 26                 52         1.2100E+01
             61                 27                 19         1.3250E+01
             62                 11                 10         8.0000E+00
             62                 12                 93         7.6500E+00
             62                 13                363         7.4000E+00
             62                 14               1472         7.2500E+00
             62                 15               4229         7.2000E+00
             62                 16              11728         7.2500E+00
             62                 17              23577         7.4000E+00
             62                 18              35604         7.6500E+00
             62                 19              39658         8.0000E+00
             62                 20              33016         8.4500E+00
             62                 21              20978         9.0000E+00
             62                 22              11145         9.6500E+00
             62                 23               4158         1.0400E+01
             62                 24               1291         1.1250E+01
             62                 25                315         1.2200E+01
             62                 26                 36         1.3250E+01
             62                 27                 41         1.4400E+01
             63                 11                  3         9.2500E+00
             63                 12                 41         8.9000E+00
             63                 13                368         8.6500E+00
             63                 14               1541         8.5000E+00
             63                 15               4842         8.4500E+00
             63                 16              12448         8.5000E+00
             63                 17              24234         8.6500E+00
             63                 18              36253         8.9000E+00
             63                 19              39577         9.2500E+00
             63                 20              31258         9.7000E+00
             63                 21              18844         1.0250E+01
             63                 22               8568         1.0900E+01
             63                 23               3542         1.1650E+01
             63                 24                883         1.2500E+01
             63                 25                234         1.3450E+01
             63                 26                 41         1.4500E+01
             63                 27                 15         1.5650E+01
             64                 12                 31         1.0250E+01
             64                 13                332         1.0000E+01
             64                 14               1288         9.8500E+00
             64                 15               4294         9.8000E+00
             64                 16              10427         9.8500E+00
             64                 17              20616         1.0000E+01
             64                 18              28485         1.0250E+01
             64                 19              29048         1.0600E+01
             64                 20              22797         1.1050E+01
             64                 21              12779         1.1600E+01
             64                 22               5675         1.2250E+01
             64                 23               2087         1.3000E+01
             64                 24                554         1.3850E+01
             64                 25                140         1.4800E+01
             64                 26                 19         1.5850E+01
             64                 27                 15         1.7000E+01
             64                 28                  1         1.8250E+01
             65                 12                 20         1.1700E+01
             65                 13                312         1.1450E+01
             65                 14               1234         1.1300E+01
             65                 15               3319         1.1250E+01
             65                 16               7093         1.1300E+01
             65                 17              12125         1.1450E+01
             65                 18              16749         1.1700E+01
             65                 19              17183         1.2050E+01
             65                 20              12589         1.2500E+01
             65                 21               6389         1.3050E+01
             65                 22               2889         1.3700E+01
             65                 23               1107         1.4450E+01
             65                 24                262         1.5300E+01
             65                 25                 80         1.6250E+01
             65                 26                  5         1.7300E+01
             66                 12                  8         1.3250E+01
             66                 13                123         1.3000E+01
             66                 14                595         1.2850E+01
             66                 15               1514         1.2800E+01
             66                 16               3415         1.2850E+01
             66                 17               5941         1.3000E+01
             66                 18               7599         1.3250E+01
             66                 19               6977         1.3600E+01
             66                 20               5117         1.4050E+01
             66                 21               2654         1.4600E+01
             66                 22               1144         1.5250E+01
             66                 23                442         1.6000E+01
             66                 24                 69         1.6850E+01
             66                 25                 28         1.7800E+01
             66                 26                  7         1.8850E+01
             67                 11                  1         1.5250E+01
             67                 12                 12         1.4900E+01
             67                 13                 60         1.4650E+01
             67                 14                286         1.4500E+01
             67                 15                715         1.4450E+01
             67                 16               1078         1.4500E+01
             67                 17               1793         1.4650E+01
             67                 18               2395         1.4900E+01
             67                 19               2230         1.5250E+01
             67                 20               1669         1.5700E+01
             67                 21                765         1.6250E+01
             67                 22                433         1.6900E+01
             67                 23                117         1.7650E+01
             67                 24                 17         1.8500E+01
             67                 25                  2         1.9450E+01
             68                 12                 10         1.6650E+01
             68                 13                 12         1.6400E+01
             68                 14                 66         1.6250E+01
             68                 15                163         1.6200E+01
             68                 16                242         1.6250E+01
             68                 17                446         1.6400E+01
             68                 18                600         1.6650E+01
             68                 19                490         1.7000E+01
             68                 20                367         1.7450E+01
             68                 21                204         1.8000E+01
             68                 22                121         1.8650E+01
             68                 23                 26         1.9400E+01
             68                 24                  1         2.0250E+01
             69                 13                  2         1.8250E+01
             69                 14                 18         1.8100E+01
             69                 15                 17         1.8050E+01
             69                 16                 79         1.8100E+01
             69                 17                153         1.8250E+01
             69                 18                114         1.8500E+01
             69                 19                 86         1.8850E+01
             69                 20                 86         1.9300E+01
             69                 21                 35         1.9850E+01
             69                 22                 20         2.0500E+01
             69                 23                  8         2.1250E+01
             70                 15                 10         2.0000E+01
             70                 16                 23         2.0050E+01
             70                 17                 25         2.0200E+01
             70                 18                 28         2.0450E+01
             70                 19                 12         2.0800E+01
             70                 20                  5         2.1250E+01
             70                 21                 17         2.1800E+01
             70                 22                  2         2.2450E+01
             71                 17                  2         2.2250E+01
